21-Sc-45_n-tot   PEAKS: ================================================================================================================================================================
Rank by Integral         Energy (eV)              Rank by Energy           TOF (us)                 Integral                 Peak Width               Rank by Peak Width       Peak Height              Rank by Peak Height      Relevant Isotope         
0                        4.326e+03                (1)                      2.578e+01                1.036e+05                9.327e+02                (0)                      3.512e+02                (1)                      none                     
1                        1.160e+04                (5)                      1.575e+01                3.482e+04                7.885e+02                (1)                      1.359e+02                (5)                      none                     
2                        8.004e+03                (3)                      1.895e+01                2.603e+04                4.266e+02                (2)                      1.908e+02                (3)                      none                     
3                        3.295e+03                (0)                      2.954e+01                2.496e+04                2.163e+02                (5)                      3.619e+02                (0)                      none                     
4                        6.692e+03                (2)                      2.073e+01                2.308e+04                4.118e+02                (3)                      1.767e+02                (4)                      none                     
5                        9.072e+03                (4)                      1.780e+01                1.671e+04                2.579e+02                (4)                      2.945e+02                (2)                      none                     
6                        2.065e+04                (7)                      1.180e+01                3.244e+03                1.603e+02                (6)                      1.048e+02                (9)                      none                     
7                        1.482e+04                (6)                      1.393e+01                2.644e+03                7.850e+01                (7)                      1.050e+02                (8)                      none                     
8                        2.111e+04                (9)                      1.167e+01                6.063e+02                2.730e+01                (8)                      1.211e+02                (7)                      none                     
9                        2.073e+04                (8)                      1.178e+01                2.448e+02                1.140e+01                (9)                      1.265e+02                (6)                      none                     
