29-Cu-65_n-tot   PEAKS: ================================================================================================================================================================
Rank by Integral         Energy (eV)              Rank by Energy           TOF (us)                 Integral                 Peak Width               Rank by Peak Width       Peak Height              Rank by Peak Height      Relevant Isotope         
0                        1.813e+04                (16)                     1.260e+01                1.877e+04                8.458e+02                (1)                      5.834e+01                (15)                     none                     
1                        7.906e+03                (6)                      1.907e+01                1.512e+04                2.250e+02                (23)                     2.141e+02                (3)                      none                     
2                        2.001e+04                (18)                     1.199e+01                1.314e+04                4.841e+02                (7)                      8.792e+01                (9)                      none                     
3                        2.537e+03                (1)                      3.367e+01                1.138e+04                5.615e+01                (50)                     6.346e+02                (0)                      none                     
4                        1.325e+04                (10)                     1.473e+01                1.071e+04                2.698e+02                (17)                     1.260e+02                (6)                      none                     
5                        3.497e+04                (28)                     9.069e+00                8.953e+03                5.643e+02                (3)                      4.938e+01                (17)                     none                     
6                        6.722e+04                (49)                     6.541e+00                7.141e+03                8.992e+02                (0)                      2.683e+01                (36)                     none                     
7                        6.447e+03                (4)                      2.112e+01                6.339e+03                7.882e+01                (43)                     2.503e+02                (2)                      none                     
8                        3.920e+03                (2)                      2.709e+01                5.878e+03                7.403e+01                (45)                     2.508e+02                (1)                      none                     
9                        2.427e+04                (20)                     1.089e+01                5.621e+03                4.255e+02                (9)                      4.579e+01                (19)                     none                     
10                       7.622e+03                (5)                      1.942e+01                4.854e+03                1.176e+02                (38)                     1.288e+02                (5)                      none                     
11                       1.421e+04                (12)                     1.422e+01                4.609e+03                1.225e+02                (37)                     1.143e+02                (8)                      none                     
12                       1.614e+04                (13)                     1.335e+01                4.174e+03                2.198e+02                (24)                     6.566e+01                (13)                     none                     
13                       4.315e+04                (32)                     8.164e+00                3.916e+03                5.133e+02                (6)                      2.704e+01                (34)                     none                     
14                       2.526e+04                (22)                     1.067e+01                3.910e+03                2.547e+02                (19)                     7.296e+01                (10)                     none                     
15                       1.797e+04                (15)                     1.265e+01                3.843e+03                1.980e+02                (28)                     5.802e+01                (16)                     none                     
16                       3.968e+04                (29)                     8.513e+00                3.713e+03                5.611e+02                (4)                      2.948e+01                (28)                     none                     
17                       2.381e+04                (19)                     1.099e+01                3.648e+03                1.627e+02                (32)                     6.834e+01                (12)                     none                     
18                       4.486e+03                (3)                      2.532e+01                3.610e+03                5.249e+01                (51)                     2.129e+02                (4)                      none                     
19                       7.874e+04                (54)                     6.043e+00                3.015e+03                5.859e+02                (2)                      2.028e+01                (57)                     none                     
20                       6.952e+04                (51)                     6.432e+00                2.985e+03                4.192e+02                (12)                     2.702e+01                (35)                     none                     
21                       7.274e+04                (52)                     6.288e+00                2.959e+03                4.222e+02                (11)                     2.389e+01                (43)                     none                     
22                       3.427e+04                (27)                     9.161e+00                2.785e+03                2.975e+02                (14)                     3.016e+01                (26)                     none                     
23                       5.351e+04                (40)                     7.331e+00                2.560e+03                4.754e+02                (8)                      2.142e+01                (49)                     none                     
24                       6.811e+04                (50)                     6.498e+00                2.555e+03                5.177e+02                (5)                      2.062e+01                (55)                     none                     
25                       5.042e+04                (39)                     7.552e+00                2.233e+03                2.928e+02                (15)                     2.644e+01                (37)                     none                     
26                       4.381e+04                (33)                     8.102e+00                2.205e+03                3.085e+02                (13)                     2.844e+01                (31)                     none                     
27                       4.101e+04                (31)                     8.374e+00                2.041e+03                2.543e+02                (20)                     2.802e+01                (32)                     none                     
28                       7.314e+04                (53)                     6.270e+00                1.849e+03                2.602e+02                (18)                     3.054e+01                (25)                     none                     
29                       5.439e+04                (41)                     7.271e+00                1.462e+03                1.513e+02                (34)                     2.974e+01                (27)                     none                     
30                       6.447e+04                (48)                     6.679e+00                1.449e+03                1.794e+02                (29)                     2.738e+01                (33)                     none                     
31                       4.757e+04                (38)                     7.775e+00                1.411e+03                2.060e+02                (25)                     2.389e+01                (42)                     none                     
32                       4.585e+04                (35)                     7.919e+00                1.403e+03                2.002e+02                (26)                     2.471e+01                (41)                     none                     
33                       5.638e+04                (43)                     7.142e+00                1.292e+03                2.284e+02                (22)                     2.041e+01                (56)                     none                     
34                       3.344e+04                (25)                     9.273e+00                1.281e+03                1.388e+02                (35)                     3.146e+01                (24)                     none                     
35                       1.774e+04                (14)                     1.273e+01                1.255e+03                7.900e+01                (42)                     7.296e+01                (11)                     none                     
36                       4.422e+04                (34)                     8.064e+00                1.197e+03                1.646e+02                (31)                     2.570e+01                (38)                     none                     
37                       4.675e+04                (36)                     7.843e+00                1.028e+03                1.531e+02                (33)                     2.369e+01                (45)                     none                     
38                       8.241e+04                (55)                     5.907e+00                9.018e+02                2.002e+02                (27)                     2.263e+01                (47)                     none                     
39                       2.593e+04                (23)                     1.053e+01                8.561e+02                7.490e+01                (44)                     4.110e+01                (22)                     none                     
40                       5.474e+04                (42)                     7.248e+00                7.538e+02                1.338e+02                (36)                     2.101e+01                (51)                     none                     
41                       6.114e+04                (46)                     6.858e+00                6.284e+02                8.730e+01                (41)                     2.377e+01                (44)                     none                     
42                       9.815e+03                (8)                      1.712e+01                5.350e+02                2.485e+01                (55)                     6.418e+01                (14)                     none                     
43                       8.626e+04                (58)                     5.774e+00                5.301e+02                4.240e+02                (10)                     2.142e+01                (50)                     none                     
44                       2.517e+04                (21)                     1.069e+01                4.887e+02                6.790e+01                (47)                     4.441e+01                (20)                     none                     
45                       1.936e+04                (17)                     1.219e+01                4.881e+02                3.940e+01                (53)                     4.253e+01                (21)                     none                     
46                       3.367e+04                (26)                     9.242e+00                4.716e+02                6.060e+01                (48)                     2.490e+01                (40)                     none                     
47                       1.367e+04                (11)                     1.450e+01                4.490e+02                2.950e+01                (54)                     4.909e+01                (18)                     none                     
48                       6.236e+04                (47)                     6.791e+00                4.295e+02                1.105e+02                (40)                     2.517e+01                (39)                     none                     
49                       4.713e+04                (37)                     7.811e+00                3.884e+02                7.130e+01                (46)                     2.076e+01                (54)                     none                     
50                       4.066e+04                (30)                     8.410e+00                3.650e+02                6.010e+01                (49)                     2.269e+01                (46)                     none                     
51                       1.213e+04                (9)                      1.540e+01                3.462e+02                2.380e+01                (56)                     4.096e+01                (23)                     none                     
52                       8.412e+04                (57)                     5.847e+00                3.399e+02                2.535e+02                (21)                     2.087e+01                (53)                     none                     
53                       5.779e+04                (44)                     7.054e+00                2.910e+02                1.107e+02                (39)                     2.882e+01                (29)                     none                     
54                       5.787e+04                (45)                     7.049e+00                2.543e+02                2.924e+02                (16)                     2.090e+01                (52)                     none                     
55                       3.246e+04                (24)                     9.413e+00                2.492e+02                4.190e+01                (52)                     2.006e+01                (58)                     none                     
56                       8.389e+03                (7)                      1.851e+01                1.350e+02                2.030e+01                (57)                     2.880e+01                (30)                     none                     
57                       2.300e+02                (0)                      1.118e+02                1.221e+02                3.037e+00                (58)                     1.146e+02                (7)                      none                     
58                       8.250e+04                (56)                     5.904e+00                4.502e+01                1.659e+02                (30)                     2.224e+01                (48)                     none                     
