30-Zn_n-g   PEAKS: ================================================================================================================================================================
Rank by Integral         Energy (eV)              Rank by Energy           TOF (us)                 Integral                 Peak Width               Rank by Peak Width       Peak Height              Rank by Peak Height      Relevant Isotope         
0                        4.170e+03                (5)                      2.559e+01                2.003e+02                6.136e+01                (0)                      9.991e+00                (6)                      ['30-Zn-64_n-g']         
1                        5.164e+02                (3)                      7.271e+01                1.431e+02                2.622e+01                (1)                      1.706e+01                (3)                      ['30-Zn-68_n-g']         
2                        2.231e+02                (0)                      1.106e+02                7.264e+01                4.547e+00                (5)                      4.527e+01                (0)                      ['30-Zn-67_n-g']         
3                        5.199e+03                (6)                      2.292e+01                7.244e+01                1.210e+01                (3)                      1.440e+01                (4)                      ['30-Zn-64_n-g']         
4                        8.790e+03                (7)                      1.762e+01                5.197e+01                1.598e+01                (2)                      7.880e+00                (8)                      ['30-Zn-64_n-g']         
5                        2.810e+02                (1)                      9.857e+01                3.626e+01                3.174e+00                (6)                      2.867e+01                (1)                      ['30-Zn-64_n-g']         
6                        3.235e+02                (2)                      9.187e+01                3.250e+01                3.086e+00                (7)                      2.554e+01                (2)                      ['30-Zn-66_n-g']         
7                        5.870e+02                (4)                      6.820e+01                2.881e+01                5.376e+00                (4)                      1.426e+01                (5)                      ['30-Zn-67_n-g']         
8                        8.124e+04                (8)                      5.797e+00                6.136e+00                2.500e+00                (8)                      7.843e+00                (9)                      ['30-Zn-64_n-g']         
9                        8.634e+04                (9)                      5.623e+00                2.561e+00                1.100e+00                (9)                      8.292e+00                (7)                      ['30-Zn-64_n-g']         
