30-Zn-67_n-g   PEAKS: ================================================================================================================================================================
Rank by Integral         Energy (eV)              Rank by Energy           TOF (us)                 Integral                 Peak Width               Rank by Peak Width       Peak Height              Rank by Peak Height      Relevant Isotope         
0                        2.231e+02                (0)                      1.106e+02                1.798e+03                4.547e+00                (20)                     1.120e+03                (0)                      none                     
1                        4.482e+02                (2)                      7.805e+01                1.438e+03                3.202e+01                (3)                      1.402e+02                (2)                      none                     
2                        5.870e+02                (3)                      6.820e+01                7.131e+02                5.376e+00                (18)                     3.514e+02                (1)                      none                     
3                        1.546e+03                (6)                      4.202e+01                4.077e+02                2.430e+01                (7)                      5.120e+01                (4)                      none                     
4                        2.125e+03                (7)                      3.584e+01                3.010e+02                2.842e+01                (4)                      3.243e+01                (6)                      none                     
5                        1.321e+03                (5)                      4.546e+01                2.629e+02                7.320e+00                (17)                     9.208e+01                (3)                      none                     
6                        2.469e+03                (9)                      3.325e+01                2.599e+02                3.452e+01                (1)                      2.322e+01                (10)                     none                     
7                        2.245e+03                (8)                      3.487e+01                2.043e+02                1.558e+01                (12)                     3.768e+01                (5)                      none                     
8                        3.424e+03                (11)                     2.824e+01                2.021e+02                2.109e+01                (10)                     2.803e+01                (8)                      none                     
9                        2.650e+03                (10)                     3.210e+01                1.760e+02                1.814e+01                (11)                     2.830e+01                (7)                      none                     
10                       4.094e+03                (12)                     2.582e+01                1.359e+02                1.276e+01                (16)                     2.729e+01                (9)                      none                     
11                       4.992e+03                (14)                     2.339e+01                1.193e+02                1.468e+01                (14)                     2.119e+01                (11)                     none                     
12                       7.097e+03                (17)                     1.961e+01                1.170e+02                3.599e+01                (0)                      9.621e+00                (18)                     none                     
13                       7.499e+03                (18)                     1.908e+01                1.060e+02                2.588e+01                (5)                      1.162e+01                (16)                     none                     
14                       7.784e+03                (19)                     1.873e+01                1.043e+02                2.378e+01                (8)                      1.221e+01                (15)                     none                     
15                       5.230e+03                (15)                     2.285e+01                1.010e+02                1.479e+01                (13)                     1.769e+01                (12)                     none                     
16                       7.915e+03                (20)                     1.857e+01                8.891e+01                3.203e+01                (2)                      8.105e+00                (21)                     none                     
17                       7.013e+03                (16)                     1.973e+01                8.212e+01                2.178e+01                (9)                      1.043e+01                (17)                     none                     
18                       9.356e+03                (21)                     1.708e+01                7.715e+01                2.476e+01                (6)                      8.530e+00                (20)                     none                     
19                       4.962e+03                (13)                     2.346e+01                6.987e+01                1.376e+01                (15)                     1.300e+01                (13)                     none                     
20                       7.500e+02                (4)                      6.033e+01                2.371e+01                4.745e+00                (19)                     1.227e+01                (14)                     none                     
21                       3.200e+02                (1)                      9.237e+01                1.094e+01                3.259e+00                (21)                     8.697e+00                (19)                     none                     
