30-Zn-67_n-tot   PEAKS: ================================================================================================================================================================
Rank by Integral         Energy (eV)              Rank by Energy           TOF (us)                 Integral                 Peak Width               Rank by Peak Width       Peak Height              Rank by Peak Height      Relevant Isotope         
0                        4.482e+02                (1)                      8.010e+01                2.383e+04                3.223e+01                (8)                      2.313e+03                (1)                      none                     
1                        6.324e+03                (13)                     2.132e+01                1.655e+04                2.145e+02                (0)                      2.435e+02                (10)                     none                     
2                        3.790e+03                (10)                     2.755e+01                1.242e+04                9.645e+01                (4)                      4.034e+02                (6)                      none                     
3                        1.546e+03                (4)                      4.313e+01                7.064e+03                2.437e+01                (14)                     8.863e+02                (2)                      none                     
4                        2.469e+03                (7)                      3.413e+01                6.443e+03                3.460e+01                (7)                      5.744e+02                (5)                      none                     
5                        2.126e+03                (5)                      3.678e+01                6.022e+03                2.846e+01                (10)                     6.478e+02                (4)                      none                     
6                        2.231e+02                (0)                      1.135e+02                5.802e+03                4.618e+00                (24)                     3.588e+03                (0)                      none                     
7                        1.514e+04                (23)                     1.378e+01                5.646e+03                2.003e+02                (2)                      1.074e+02                (20)                     none                     
8                        1.514e+04                (24)                     1.378e+01                5.646e+03                2.003e+02                (1)                      1.074e+02                (21)                     none                     
9                        1.438e+04                (22)                     1.414e+01                3.747e+03                1.179e+02                (3)                      1.019e+02                (23)                     none                     
10                       3.424e+03                (9)                      2.898e+01                2.425e+03                2.111e+01                (17)                     3.375e+02                (8)                      none                     
11                       2.650e+03                (8)                      3.294e+01                1.905e+03                1.806e+01                (18)                     3.098e+02                (9)                      none                     
12                       2.245e+03                (6)                      3.579e+01                1.880e+03                1.566e+01                (19)                     3.473e+02                (7)                      none                     
13                       7.097e+03                (15)                     2.013e+01                1.541e+03                3.550e+01                (5)                      1.324e+02                (15)                     none                     
14                       5.870e+02                (2)                      6.999e+01                1.461e+03                5.375e+00                (23)                     7.297e+02                (3)                      none                     
15                       8.252e+03                (19)                     1.867e+01                1.340e+03                2.789e+01                (11)                     1.374e+02                (14)                     none                     
16                       7.500e+03                (16)                     1.958e+01                1.290e+03                2.585e+01                (12)                     1.424e+02                (12)                     none                     
17                       8.492e+03                (20)                     1.840e+01                1.237e+03                3.537e+01                (6)                      1.060e+02                (22)                     none                     
18                       7.916e+03                (18)                     1.906e+01                1.152e+03                3.205e+01                (9)                      1.084e+02                (19)                     none                     
19                       7.014e+03                (14)                     2.025e+01                1.110e+03                2.228e+01                (16)                     1.390e+02                (13)                     none                     
20                       7.785e+03                (17)                     1.922e+01                1.050e+03                2.368e+01                (15)                     1.237e+02                (16)                     none                     
21                       9.356e+03                (21)                     1.753e+01                9.002e+02                2.498e+01                (13)                     1.007e+02                (24)                     none                     
22                       4.992e+03                (11)                     2.400e+01                6.544e+02                1.463e+01                (21)                     1.197e+02                (17)                     none                     
23                       5.231e+03                (12)                     2.345e+01                6.273e+02                1.467e+01                (20)                     1.124e+02                (18)                     none                     
24                       1.321e+03                (3)                      4.666e+01                6.202e+02                7.280e+00                (22)                     2.192e+02                (11)                     none                     
