31-Ga-71_n-tot   PEAKS: ================================================================================================================================================================
Rank by Integral         Energy (eV)              Rank by Energy           TOF (us)                 Integral                 Peak Width               Rank by Peak Width       Peak Height              Rank by Peak Height      Relevant Isotope         
0                        2.867e+02                (1)                      1.002e+02                3.346e+04                1.882e+01                (6)                      5.531e+03                (0)                      none                     
1                        3.758e+02                (2)                      8.747e+01                9.517e+03                1.229e+01                (9)                      2.393e+03                (2)                      none                     
2                        5.058e+03                (11)                     2.384e+01                4.994e+03                4.852e+01                (0)                      3.180e+02                (7)                      none                     
3                        4.846e+03                (10)                     2.436e+01                4.742e+03                4.545e+01                (1)                      3.246e+02                (6)                      none                     
4                        1.526e+03                (4)                      4.342e+01                4.066e+03                1.389e+01                (8)                      8.531e+02                (3)                      none                     
5                        2.401e+03                (5)                      3.461e+01                2.884e+03                2.380e+01                (3)                      3.678e+02                (5)                      none                     
6                        9.570e+01                (0)                      1.733e+02                2.260e+03                2.025e+00                (12)                     2.931e+03                (1)                      none                     
7                        3.320e+03                (7)                      2.943e+01                2.137e+03                2.485e+01                (2)                      2.599e+02                (8)                      none                     
8                        7.049e+02                (3)                      6.387e+01                1.300e+03                5.149e+00                (11)                     6.566e+02                (4)                      none                     
9                        4.793e+03                (9)                      2.450e+01                1.270e+03                2.250e+01                (4)                      1.636e+02                (10)                     none                     
10                       2.788e+03                (6)                      3.212e+01                9.367e+02                1.059e+01                (10)                     2.344e+02                (9)                      none                     
11                       5.485e+03                (12)                     2.290e+01                9.148e+02                2.055e+01                (5)                      1.303e+02                (11)                     none                     
12                       4.389e+03                (8)                      2.560e+01                6.805e+02                1.498e+01                (7)                      1.243e+02                (12)                     none                     
