31-Ga-69_n-tot   PEAKS: ================================================================================================================================================================
Rank by Integral         Energy (eV)              Rank by Energy           TOF (us)                 Integral                 Peak Width               Rank by Peak Width       Peak Height              Rank by Peak Height      Relevant Isotope         
0                        3.504e+03                (8)                      2.865e+01                8.691e+03                5.864e+01                (0)                      4.623e+02                (6)                      none                     
1                        2.457e+03                (7)                      3.421e+01                4.657e+03                3.736e+01                (1)                      3.859e+02                (7)                      none                     
2                        6.910e+02                (3)                      6.451e+01                3.395e+03                6.998e+00                (6)                      1.351e+03                (0)                      none                     
3                        1.637e+03                (5)                      4.192e+01                2.663e+03                1.598e+01                (2)                      4.962e+02                (5)                      none                     
4                        1.868e+03                (6)                      3.923e+01                2.533e+03                1.240e+01                (4)                      5.821e+02                (4)                      none                     
5                        1.582e+03                (4)                      4.263e+01                2.391e+03                1.049e+01                (5)                      6.314e+02                (3)                      none                     
6                        3.338e+02                (1)                      9.282e+01                1.042e+03                3.410e+00                (8)                      7.768e+02                (2)                      none                     
7                        1.108e+02                (0)                      1.611e+02                9.605e+02                2.242e+00                (9)                      1.131e+03                (1)                      none                     
8                        4.209e+03                (9)                      2.614e+01                7.204e+02                1.511e+01                (3)                      1.337e+02                (9)                      none                     
9                        4.727e+02                (2)                      7.799e+01                4.733e+02                4.004e+00                (7)                      3.021e+02                (8)                      none                     
