32-Ge-73_n-tot   PEAKS: ================================================================================================================================================================
Rank by Integral         Energy (eV)              Rank by Energy           TOF (us)                 Integral                 Peak Width               Rank by Peak Width       Peak Height              Rank by Peak Height      Relevant Isotope         
0                        1.026e+02                (0)                      1.674e+02                1.761e+04                5.607e+00                (21)                     9.595e+03                (0)                      none                     
1                        3.328e+02                (4)                      9.295e+01                5.820e+03                5.715e+00                (20)                     2.942e+03                (1)                      none                     
2                        4.917e+02                (7)                      7.648e+01                5.580e+03                8.654e+00                (14)                     1.917e+03                (3)                      none                     
3                        8.589e+03                (43)                     1.830e+01                4.922e+03                9.261e+01                (0)                      1.443e+02                (42)                     none                     
4                        2.247e+02                (2)                      1.131e+02                3.056e+03                3.537e+00                (35)                     2.354e+03                (2)                      none                     
5                        3.680e+02                (5)                      8.839e+01                2.937e+03                4.774e+00                (28)                     1.704e+03                (4)                      none                     
6                        7.864e+03                (42)                     1.912e+01                2.708e+03                4.560e+01                (1)                      1.876e+02                (37)                     none                     
7                        4.055e+03                (31)                     2.663e+01                2.631e+03                2.325e+01                (3)                      3.555e+02                (28)                     none                     
8                        2.019e+03                (23)                     3.774e+01                2.513e+03                1.140e+01                (8)                      6.970e+02                (12)                     none                     
9                        1.148e+03                (14)                     5.005e+01                2.298e+03                7.430e+00                (16)                     9.714e+02                (7)                      none                     
10                       1.656e+03                (19)                     4.167e+01                2.218e+03                8.430e+00                (15)                     8.309e+02                (10)                     none                     
11                       6.621e+03                (41)                     2.084e+01                2.151e+03                3.747e+01                (2)                      1.833e+02                (39)                     none                     
12                       2.040e+02                (1)                      1.187e+02                1.835e+03                2.832e+00                (39)                     1.680e+03                (5)                      none                     
13                       4.246e+03                (32)                     2.602e+01                1.776e+03                2.022e+01                (4)                      2.789e+02                (29)                     none                     
14                       4.458e+03                (33)                     2.540e+01                1.576e+03                1.869e+01                (5)                      2.669e+02                (30)                     none                     
15                       1.220e+03                (15)                     4.855e+01                1.325e+03                4.030e+00                (32)                     1.027e+03                (6)                      none                     
16                       5.365e+03                (36)                     2.315e+01                1.294e+03                1.763e+01                (6)                      2.219e+02                (35)                     none                     
17                       2.567e+03                (28)                     3.347e+01                1.275e+03                9.060e+00                (12)                     4.442e+02                (24)                     none                     
18                       1.808e+03                (20)                     3.988e+01                1.243e+03                6.370e+00                (18)                     6.109e+02                (16)                     none                     
19                       1.317e+03                (16)                     4.673e+01                1.235e+03                4.050e+00                (31)                     9.520e+02                (8)                      none                     
20                       5.765e+03                (38)                     2.233e+01                1.219e+03                1.546e+01                (7)                      2.494e+02                (33)                     none                     
21                       3.206e+02                (3)                      9.471e+01                1.193e+03                3.397e+00                (36)                     9.032e+02                (9)                      none                     
22                       5.583e+02                (9)                      7.177e+01                1.166e+03                4.592e+00                (29)                     6.620e+02                (15)                     none                     
23                       2.290e+03                (25)                     3.544e+01                1.163e+03                6.010e+00                (19)                     5.987e+02                (17)                     none                     
24                       2.946e+03                (30)                     3.124e+01                1.118e+03                9.080e+00                (11)                     3.878e+02                (27)                     none                     
25                       2.263e+03                (24)                     3.565e+01                1.048e+03                5.580e+00                (22)                     5.853e+02                (18)                     none                     
26                       4.094e+02                (6)                      8.381e+01                1.027e+03                3.811e+00                (33)                     6.945e+02                (13)                     none                     
27                       1.530e+03                (18)                     4.335e+01                9.811e+02                4.440e+00                (30)                     6.911e+02                (14)                     none                     
28                       5.380e+03                (37)                     2.312e+01                8.898e+02                1.052e+01                (9)                      2.622e+02                (32)                     none                     
29                       5.210e+03                (35)                     2.349e+01                7.420e+02                8.830e+00                (13)                     2.658e+02                (31)                     none                     
30                       2.297e+03                (26)                     3.538e+01                7.068e+02                4.860e+00                (25)                     5.032e+02                (21)                     none                     
31                       2.688e+03                (29)                     3.271e+01                6.149e+02                4.840e+00                (26)                     4.014e+02                (26)                     none                     
32                       6.221e+03                (39)                     2.150e+01                5.517e+02                9.480e+00                (10)                     1.848e+02                (38)                     none                     
33                       1.954e+03                (22)                     3.836e+01                5.434e+02                3.030e+00                (37)                     5.444e+02                (20)                     none                     
34                       6.344e+03                (40)                     2.129e+01                4.684e+02                6.870e+00                (17)                     2.160e+02                (36)                     none                     
35                       2.443e+03                (27)                     3.431e+01                4.629e+02                2.920e+00                (38)                     4.944e+02                (22)                     none                     
36                       4.840e+03                (34)                     2.437e+01                3.691e+02                5.180e+00                (23)                     2.255e+02                (34)                     none                     
37                       1.951e+03                (21)                     3.839e+01                3.304e+02                2.050e+00                (40)                     4.899e+02                (23)                     none                     
38                       8.513e+02                (10)                     5.812e+01                2.989e+02                4.806e+00                (27)                     1.559e+02                (40)                     none                     
39                       9.203e+02                (11)                     5.590e+01                2.956e+02                5.084e+00                (24)                     1.468e+02                (41)                     none                     
40                       1.359e+03                (17)                     4.600e+01                2.677e+02                1.510e+00                (41)                     5.629e+02                (19)                     none                     
41                       1.059e+03                (13)                     5.211e+01                2.562e+02                1.060e+00                (42)                     7.296e+02                (11)                     none                     
42                       5.181e+02                (8)                      7.450e+01                1.370e+02                3.790e+00                (34)                     1.049e+02                (43)                     none                     
43                       1.031e+03                (12)                     5.281e+01                9.689e+01                6.600e-01                (43)                     4.318e+02                (25)                     none                     
