34-Se-76_n-tot   PEAKS: ================================================================================================================================================================
Rank by Integral         Energy (eV)              Rank by Energy           TOF (us)                 Integral                 Peak Width               Rank by Peak Width       Peak Height              Rank by Peak Height      Relevant Isotope         
0                        5.389e+03                (6)                      2.310e+01                1.439e+04                9.216e+01                (0)                      4.849e+02                (4)                      none                     
1                        2.575e+03                (3)                      3.342e+01                1.415e+04                4.421e+01                (4)                      9.873e+02                (2)                      none                     
2                        8.621e+02                (1)                      5.775e+01                1.097e+04                1.275e+01                (7)                      2.575e+03                (0)                      none                     
3                        3.364e+03                (4)                      2.924e+01                1.084e+04                4.447e+01                (3)                      7.509e+02                (3)                      none                     
4                        7.150e+03                (8)                      2.005e+01                8.530e+03                7.138e+01                (1)                      3.648e+02                (7)                      none                     
5                        6.439e+03                (7)                      2.113e+01                7.365e+03                5.693e+01                (2)                      3.937e+02                (6)                      none                     
6                        4.313e+03                (5)                      2.582e+01                2.709e+03                1.793e+01                (6)                      4.249e+02                (5)                      none                     
7                        3.780e+02                (0)                      8.722e+01                2.600e+03                3.752e+00                (9)                      1.798e+03                (1)                      none                     
8                        8.481e+03                (9)                      1.841e+01                1.068e+03                1.894e+01                (5)                      1.524e+02                (8)                      none                     
9                        9.200e+02                (2)                      5.591e+01                1.603e+02                4.854e+00                (8)                      1.005e+02                (9)                      none                     
