35-Br-81_n-tot   PEAKS: ================================================================================================================================================================
Rank by Integral         Energy (eV)              Rank by Energy           TOF (us)                 Integral                 Peak Width               Rank by Peak Width       Peak Height              Rank by Peak Height      Relevant Isotope         
0                        1.209e+03                (7)                      4.877e+01                4.537e+03                1.862e+01                (4)                      7.400e+02                (6)                      none                     
1                        6.686e+02                (4)                      6.558e+01                4.387e+03                7.563e+00                (23)                     1.665e+03                (2)                      none                     
2                        1.276e+03                (8)                      4.747e+01                4.226e+03                1.234e+01                (17)                     1.011e+03                (3)                      none                     
3                        1.548e+03                (9)                      4.310e+01                4.166e+03                1.422e+01                (14)                     8.656e+02                (4)                      none                     
4                        1.356e+02                (1)                      1.456e+02                3.471e+03                3.085e+00                (27)                     3.176e+03                (1)                      none                     
5                        1.012e+02                (0)                      1.686e+02                2.951e+03                2.111e+00                (29)                     3.747e+03                (0)                      none                     
6                        2.905e+03                (13)                     3.146e+01                2.128e+03                1.506e+01                (11)                     4.041e+02                (9)                      none                     
7                        1.147e+03                (6)                      5.007e+01                1.713e+03                8.950e+00                (22)                     5.437e+02                (8)                      none                     
8                        4.381e+03                (18)                     2.562e+01                1.645e+03                1.760e+01                (6)                      2.642e+02                (11)                     none                     
9                        1.103e+03                (5)                      5.106e+01                1.604e+03                6.580e+00                (25)                     6.425e+02                (7)                      none                     
10                       9.955e+03                (28)                     1.700e+01                1.516e+03                3.259e+01                (1)                      1.365e+02                (19)                     none                     
11                       4.199e+03                (17)                     2.617e+01                1.462e+03                1.608e+01                (10)                     2.550e+02                (13)                     none                     
12                       5.787e+02                (3)                      7.049e+01                1.427e+03                4.500e+00                (26)                     8.243e+02                (5)                      none                     
13                       9.696e+03                (27)                     1.722e+01                1.389e+03                3.089e+01                (2)                      1.328e+02                (20)                     none                     
14                       3.583e+03                (15)                     2.833e+01                1.350e+03                1.357e+01                (16)                     2.771e+02                (10)                     none                     
15                       1.155e+04                (29)                     1.578e+01                1.346e+03                3.460e+01                (0)                      1.166e+02                (27)                     none                     
16                       4.485e+03                (19)                     2.532e+01                9.906e+02                1.852e+01                (5)                      1.591e+02                (17)                     none                     
17                       2.032e+03                (11)                     3.762e+01                8.996e+02                9.760e+00                (19)                     2.551e+02                (12)                     none                     
18                       7.251e+03                (26)                     1.991e+01                8.890e+02                1.904e+01                (3)                      1.303e+02                (23)                     none                     
19                       4.971e+03                (21)                     2.405e+01                7.774e+02                1.709e+01                (8)                      1.308e+02                (22)                     none                     
20                       7.054e+03                (25)                     2.019e+01                7.652e+02                1.743e+01                (7)                      1.207e+02                (25)                     none                     
21                       4.721e+03                (20)                     2.468e+01                7.524e+02                1.627e+01                (9)                      1.325e+02                (21)                     none                     
22                       6.069e+03                (23)                     2.177e+01                7.386e+02                1.429e+01                (13)                     1.397e+02                (18)                     none                     
23                       2.944e+03                (14)                     3.125e+01                7.066e+02                9.680e+00                (20)                     1.938e+02                (15)                     none                     
24                       3.781e+03                (16)                     2.758e+01                6.890e+02                1.128e+01                (18)                     1.623e+02                (16)                     none                     
25                       1.834e+03                (10)                     3.960e+01                6.420e+02                7.110e+00                (24)                     2.299e+02                (14)                     none                     
26                       5.638e+03                (22)                     2.259e+01                6.253e+02                1.401e+01                (15)                     1.202e+02                (26)                     none                     
27                       6.369e+03                (24)                     2.125e+01                5.512e+02                1.451e+01                (12)                     1.022e+02                (29)                     none                     
28                       2.619e+03                (12)                     3.313e+01                4.289e+02                9.180e+00                (21)                     1.246e+02                (24)                     none                     
29                       2.050e+02                (2)                      1.184e+02                9.608e+01                2.413e+00                (28)                     1.066e+02                (28)                     none                     
