36-Kr-84_n-tot   PEAKS: ================================================================================================================================================================
Rank by Integral         Energy (eV)              Rank by Energy           TOF (us)                 Integral                 Peak Width               Rank by Peak Width       Peak Height              Rank by Peak Height      Relevant Isotope         
0                        1.097e+04                (7)                      1.619e+01                2.946e+04                3.818e+02                (0)                      2.401e+02                (5)                      none                     
1                        2.219e+03                (2)                      3.600e+01                2.599e+04                6.894e+01                (4)                      1.180e+03                (1)                      none                     
2                        4.371e+04                (11)                     8.111e+00                4.991e+03                1.333e+02                (1)                      1.214e+02                (10)                     none                     
3                        2.446e+04                (9)                      1.084e+01                4.248e+03                1.253e+02                (2)                      1.091e+02                (11)                     none                     
4                        1.404e+03                (1)                      4.526e+01                3.800e+03                8.930e+00                (9)                      1.177e+03                (2)                      none                     
5                        1.669e+04                (8)                      1.313e+01                3.754e+03                7.660e+01                (3)                      1.475e+02                (8)                      none                     
6                        5.300e+03                (4)                      2.329e+01                2.531e+03                1.993e+01                (6)                      3.623e+02                (4)                      none                     
7                        5.190e+02                (0)                      7.444e+01                2.249e+03                3.914e+00                (11)                     1.458e+03                (0)                      none                     
8                        2.785e+03                (3)                      3.213e+01                1.463e+03                8.550e+00                (10)                     4.313e+02                (3)                      none                     
9                        8.308e+03                (6)                      1.860e+01                1.168e+03                1.525e+01                (7)                      1.959e+02                (6)                      none                     
10                       2.623e+04                (10)                     1.047e+01                1.046e+03                3.040e+01                (5)                      1.419e+02                (9)                      none                     
11                       6.801e+03                (5)                      2.056e+01                8.877e+02                1.316e+01                (8)                      1.713e+02                (7)                      none                     
