39-Y-90_n-tot   PEAKS: ================================================================================================================================================================
Rank by Integral         Energy (eV)              Rank by Energy           TOF (us)                 Integral                 Peak Width               Rank by Peak Width       Peak Height              Rank by Peak Height      Relevant Isotope         
0                        1.921e+03                (3)                      3.869e+01                2.127e+04                1.205e+02                (3)                      5.559e+02                (2)                      none                     
1                        6.018e+03                (17)                     2.186e+01                1.184e+04                9.839e+01                (5)                      3.903e+02                (5)                      none                     
2                        5.763e+03                (16)                     2.234e+01                1.090e+04                1.243e+02                (2)                      2.907e+02                (15)                     none                     
3                        8.517e+03                (23)                     1.837e+01                7.038e+03                4.205e+02                (0)                      2.544e+02                (19)                     none                     
4                        9.836e+03                (28)                     1.710e+01                6.160e+03                1.787e+02                (1)                      1.584e+02                (26)                     none                     
5                        5.160e+03                (14)                     2.361e+01                4.807e+03                4.979e+01                (6)                      3.135e+02                (14)                     none                     
6                        1.000e+04                (29)                     1.696e+01                4.576e+03                2.948e+01                (10)                     3.673e+02                (8)                      none                     
7                        9.403e+03                (26)                     1.749e+01                3.750e+03                1.060e+02                (4)                      2.039e+02                (24)                     none                     
8                        7.688e+03                (21)                     1.934e+01                2.934e+03                4.077e+01                (8)                      3.199e+02                (13)                     none                     
9                        9.614e+03                (27)                     1.730e+01                2.589e+03                4.841e+01                (7)                      2.314e+02                (22)                     none                     
10                       2.880e+03                (6)                      3.160e+01                2.212e+03                1.877e+01                (13)                     3.702e+02                (7)                      none                     
11                       8.649e+03                (24)                     1.823e+01                2.078e+03                3.518e+01                (9)                      4.256e+02                (4)                      none                     
12                       3.870e+03                (10)                     2.726e+01                1.917e+03                2.274e+01                (12)                     2.744e+02                (17)                     none                     
13                       6.880e+03                (20)                     2.045e+01                1.841e+03                1.617e+01                (16)                     3.658e+02                (9)                      none                     
14                       9.600e+02                (0)                      5.473e+01                1.676e+03                3.524e+00                (24)                     1.495e+03                (0)                      none                     
15                       8.114e+03                (22)                     1.883e+01                1.079e+03                1.805e+01                (14)                     3.533e+02                (10)                     none                     
16                       6.724e+03                (19)                     2.068e+01                9.630e+02                1.279e+01                (17)                     2.503e+02                (20)                     none                     
17                       4.300e+03                (11)                     2.586e+01                8.915e+02                8.270e+00                (20)                     3.437e+02                (11)                     none                     
18                       3.440e+03                (8)                      2.891e+01                8.223e+02                1.743e+01                (15)                     1.554e+02                (27)                     none                     
19                       5.590e+03                (15)                     2.268e+01                8.213e+02                2.790e+01                (11)                     1.032e+02                (29)                     none                     
20                       4.800e+03                (13)                     2.448e+01                7.767e+02                1.127e+01                (19)                     2.210e+02                (23)                     none                     
21                       3.010e+03                (7)                      3.091e+01                7.026e+02                7.030e+00                (21)                     3.233e+02                (12)                     none                     
22                       6.450e+03                (18)                     2.111e+01                6.253e+02                1.278e+01                (18)                     1.697e+02                (25)                     none                     
23                       3.840e+03                (9)                      2.737e+01                4.213e+02                3.520e+00                (25)                     3.816e+02                (6)                      none                     
24                       4.730e+03                (12)                     2.466e+01                3.957e+02                4.470e+00                (23)                     2.844e+02                (16)                     none                     
25                       1.720e+03                (2)                      4.089e+01                3.739e+02                1.600e+00                (26)                     7.015e+02                (1)                      none                     
26                       1.290e+03                (1)                      4.721e+01                1.815e+02                1.160e+00                (27)                     4.751e+02                (3)                      none                     
27                       8.974e+03                (25)                     1.790e+01                1.423e+02                4.570e+00                (22)                     2.682e+02                (18)                     none                     
28                       2.580e+03                (5)                      3.339e+01                8.656e+01                1.150e+00                (28)                     2.358e+02                (21)                     none                     
29                       2.150e+03                (4)                      3.657e+01                3.891e+01                8.500e-01                (29)                     1.551e+02                (28)                     none                     
