40-Zr_n-tot   PEAKS: ================================================================================================================================================================
Rank by Integral         Energy (eV)              Rank by Energy           TOF (us)                 Integral                 Peak Width               Rank by Peak Width       Peak Height              Rank by Peak Height      Relevant Isotope         
0                        1.345e+04                (10)                     1.462e+01                5.552e+03                1.435e+02                (0)                      1.232e+02                (9)                      ['40-Zr-90_n-tot']       
1                        3.862e+03                (5)                      2.729e+01                3.861e+03                3.625e+01                (3)                      3.447e+02                (1)                      ['40-Zr-90_n-tot']       
2                        1.336e+04                (9)                      1.467e+01                3.321e+03                8.360e+01                (1)                      1.233e+02                (8)                      ['40-Zr-90_n-tot']       
3                        2.690e+03                (4)                      3.269e+01                3.122e+03                6.111e+01                (2)                      1.713e+02                (5)                      ['40-Zr-92_n-tot']       
4                        7.260e+03                (7)                      1.990e+01                1.386e+03                1.757e+01                (5)                      2.212e+02                (3)                      ['40-Zr-90_n-tot']       
5                        4.121e+03                (6)                      2.642e+01                9.934e+02                1.520e+01                (6)                      1.894e+02                (4)                      ['40-Zr-92_n-tot']       
6                        1.104e+02                (0)                      1.614e+02                6.815e+02                2.337e+00                (10)                     8.128e+02                (0)                      []                       
7                        8.855e+03                (8)                      1.802e+01                6.207e+02                2.002e+01                (4)                      1.188e+02                (10)                     ['40-Zr-90_n-tot']       
8                        2.924e+02                (1)                      9.916e+01                4.319e+02                3.720e+00                (9)                      3.239e+02                (2)                      ['40-Zr-91_n-tot']       
9                        6.815e+02                (2)                      6.496e+01                2.491e+02                5.159e+00                (7)                      1.340e+02                (7)                      ['40-Zr-91_n-tot']       
10                       6.934e+02                (3)                      6.440e+01                2.446e+02                5.114e+00                (8)                      1.343e+02                (6)                      []                       
