42-Mo_n-g   PEAKS: ================================================================================================================================================================
Rank by Integral         Energy (eV)              Rank by Energy           TOF (us)                 Integral                 Peak Width               Rank by Peak Width       Peak Height              Rank by Peak Height      Relevant Isotope         
0                        4.464e+01                (0)                      2.473e+02                4.080e+02                1.096e+00                (3)                      1.306e+03                (0)                      ['42-Mo-95_n-g']         
1                        1.314e+02                (2)                      1.441e+02                2.214e+02                1.363e+00                (1)                      5.456e+02                (1)                      ['42-Mo-96_n-g']         
2                        4.680e+02                (6)                      7.638e+01                1.128e+02                2.766e+00                (0)                      1.382e+02                (7)                      ['42-Mo-98_n-g']         
3                        4.300e+02                (5)                      7.968e+01                7.048e+01                6.880e-01                (5)                      3.529e+02                (3)                      ['42-Mo-98_n-g']         
4                        8.190e+02                (8)                      5.774e+01                6.594e+01                5.990e-01                (8)                      3.792e+02                (2)                      ['42-Mo-98_n-g']         
5                        3.586e+02                (4)                      8.725e+01                6.295e+01                1.333e+00                (2)                      1.554e+02                (6)                      ['42-Mo-95_n-g']         
6                        6.130e+02                (7)                      6.674e+01                4.902e+01                7.360e-01                (4)                      2.282e+02                (4)                      ['42-Mo-98_n-g']         
7                        7.092e+01                (1)                      1.962e+02                2.755e+01                5.529e-01                (9)                      1.743e+02                (5)                      ['42-Mo-97_n-g']         
8                        1.071e+03                (9)                      5.050e+01                2.022e+01                6.300e-01                (7)                      1.153e+02                (8)                      ['42-Mo-100_n-g']        
9                        1.595e+02                (3)                      1.308e+02                2.013e+01                6.410e-01                (6)                      1.086e+02                (9)                      ['42-Mo-95_n-g']         
