42-Mo-100_n-tot   PEAKS: ================================================================================================================================================================
Rank by Integral         Energy (eV)              Rank by Energy           TOF (us)                 Integral                 Peak Width               Rank by Peak Width       Peak Height              Rank by Peak Height      Relevant Isotope         
0                        3.637e+02                (0)                      8.892e+01                5.377e+03                3.732e+00                (35)                     3.893e+03                (0)                      none                     
1                        1.770e+04                (26)                     1.275e+01                3.976e+03                8.300e+01                (0)                      1.442e+02                (18)                     none                     
2                        1.564e+04                (22)                     1.356e+01                3.718e+03                7.040e+01                (1)                      1.589e+02                (15)                     none                     
3                        5.637e+03                (11)                     2.259e+01                3.681e+03                2.677e+01                (13)                     4.065e+02                (4)                      none                     
4                        5.168e+03                (10)                     2.359e+01                2.943e+03                2.099e+01                (16)                     4.074e+02                (3)                      none                     
5                        1.199e+04                (18)                     1.549e+01                2.731e+03                4.170e+01                (8)                      1.942e+02                (10)                     none                     
6                        1.667e+04                (25)                     1.314e+01                2.316e+03                4.830e+01                (6)                      1.401e+02                (20)                     none                     
7                        7.674e+03                (13)                     1.936e+01                2.219e+03                2.363e+01                (14)                     2.688e+02                (7)                      none                     
8                        2.459e+04                (33)                     1.081e+01                2.197e+03                6.450e+01                (2)                      1.001e+02                (34)                     none                     
9                        2.388e+04                (32)                     1.097e+01                2.183e+03                6.310e+01                (3)                      1.014e+02                (33)                     none                     
10                       3.015e+03                (8)                      3.088e+01                1.990e+03                1.067e+01                (26)                     5.037e+02                (2)                      none                     
11                       2.010e+04                (27)                     1.196e+01                1.889e+03                4.880e+01                (5)                      1.131e+02                (26)                     none                     
12                       7.274e+03                (12)                     1.988e+01                1.882e+03                2.057e+01                (17)                     2.585e+02                (8)                      none                     
13                       2.282e+04                (31)                     1.122e+01                1.759e+03                5.120e+01                (4)                      1.000e+02                (35)                     none                     
14                       2.157e+04                (30)                     1.155e+01                1.756e+03                3.010e+01                (10)                     1.631e+02                (14)                     none                     
15                       1.941e+03                (5)                      3.849e+01                1.693e+03                7.420e+00                (28)                     5.933e+02                (1)                      none                     
16                       2.074e+04                (28)                     1.178e+01                1.499e+03                4.190e+01                (7)                      1.034e+02                (32)                     none                     
17                       1.354e+04                (20)                     1.457e+01                1.350e+03                1.900e+01                (21)                     1.856e+02                (12)                     none                     
18                       2.598e+04                (35)                     1.052e+01                1.262e+03                3.080e+01                (9)                      1.196e+02                (23)                     none                     
19                       1.647e+04                (24)                     1.321e+01                1.067e+03                2.920e+01                (11)                     1.082e+02                (28)                     none                     
20                       2.574e+04                (34)                     1.057e+01                1.054e+03                2.770e+01                (12)                     1.039e+02                (31)                     none                     
21                       1.590e+04                (23)                     1.345e+01                1.036e+03                1.980e+01                (19)                     1.393e+02                (21)                     none                     
22                       1.535e+04                (21)                     1.369e+01                1.024e+03                1.940e+01                (20)                     1.362e+02                (22)                     none                     
23                       2.121e+04                (29)                     1.164e+01                9.676e+02                2.290e+01                (15)                     1.123e+02                (27)                     none                     
24                       9.659e+03                (15)                     1.725e+01                9.661e+02                1.807e+01                (22)                     1.440e+02                (19)                     none                     
25                       1.246e+04                (19)                     1.519e+01                8.110e+02                1.990e+01                (18)                     1.134e+02                (24)                     none                     
26                       2.425e+03                (6)                      3.444e+01                7.981e+02                6.800e+00                (30)                     2.897e+02                (6)                      none                     
27                       1.700e+03                (4)                      4.112e+01                7.817e+02                5.510e+00                (32)                     3.425e+02                (5)                      none                     
28                       1.173e+04                (17)                     1.566e+01                7.707e+02                1.800e+01                (23)                     1.133e+02                (25)                     none                     
29                       4.521e+03                (9)                      2.522e+01                6.688e+02                1.005e+01                (27)                     1.686e+02                (13)                     none                     
30                       1.021e+04                (16)                     1.678e+01                5.886e+02                1.430e+01                (24)                     1.064e+02                (30)                     none                     
31                       2.636e+03                (7)                      3.303e+01                5.606e+02                7.180e+00                (29)                     1.932e+02                (11)                     none                     
32                       1.071e+03                (1)                      5.182e+01                4.554e+02                4.410e+00                (34)                     2.529e+02                (9)                      none                     
33                       7.703e+03                (14)                     1.932e+01                4.484e+02                1.268e+01                (25)                     1.070e+02                (29)                     none                     
34                       1.407e+03                (3)                      4.520e+01                3.153e+02                5.590e+00                (31)                     1.535e+02                (17)                     none                     
35                       1.263e+03                (2)                      4.772e+01                2.981e+02                4.620e+00                (33)                     1.570e+02                (16)                     none                     
