42-Mo-94_n-tot   PEAKS: ================================================================================================================================================================
Rank by Integral         Energy (eV)              Rank by Energy           TOF (us)                 Integral                 Peak Width               Rank by Peak Width       Peak Height              Rank by Peak Height      Relevant Isotope         
0                        5.429e+03                (6)                      2.302e+01                7.116e+03                4.666e+01                (4)                      4.645e+02                (2)                      none                     
1                        1.353e+04                (12)                     1.458e+01                3.932e+03                6.440e+01                (1)                      1.842e+02                (8)                      none                     
2                        1.075e+04                (10)                     1.635e+01                3.202e+03                5.090e+01                (3)                      2.379e+02                (6)                      none                     
3                        1.816e+04                (13)                     1.258e+01                3.019e+03                6.760e+01                (0)                      1.344e+02                (10)                     none                     
4                        4.368e+03                (3)                      2.566e+01                2.853e+03                1.257e+01                (9)                      6.081e+02                (1)                      none                     
5                        1.542e+03                (0)                      4.319e+01                2.251e+03                7.360e+00                (12)                     8.117e+02                (0)                      none                     
6                        3.599e+03                (2)                      2.827e+01                2.091e+03                1.284e+01                (7)                      4.458e+02                (3)                      none                     
7                        1.022e+04                (9)                      1.677e+01                1.907e+03                2.030e+01                (5)                      2.633e+02                (5)                      none                     
8                        8.275e+03                (8)                      1.864e+01                1.587e+03                1.559e+01                (6)                      2.683e+02                (4)                      none                     
9                        4.928e+03                (5)                      2.416e+01                7.509e+02                1.139e+01                (10)                     1.716e+02                (9)                      none                     
10                       2.178e+03                (1)                      3.633e+01                6.387e+02                6.900e+00                (13)                     2.333e+02                (7)                      none                     
11                       6.718e+03                (7)                      2.069e+01                5.297e+02                1.270e+01                (8)                      1.083e+02                (12)                     none                     
12                       4.622e+03                (4)                      2.494e+01                4.002e+02                1.007e+01                (11)                     1.018e+02                (13)                     none                     
13                       1.077e+04                (11)                     1.634e+01                -1.021e+03               5.230e+01                (2)                      1.139e+02                (11)                     none                     
