44-Ru-102_n-tot   PEAKS: ================================================================================================================================================================
Rank by Integral         Energy (eV)              Rank by Energy           TOF (us)                 Integral                 Peak Width               Rank by Peak Width       Peak Height              Rank by Peak Height      Relevant Isotope         
0                        8.011e+03                (17)                     1.895e+01                3.760e+03                3.813e+01                (0)                      2.974e+02                (8)                      none                     
1                        5.096e+03                (12)                     2.375e+01                3.364e+03                2.311e+01                (1)                      4.291e+02                (1)                      none                     
2                        6.311e+03                (13)                     2.135e+01                2.094e+03                1.950e+01                (7)                      3.046e+02                (7)                      none                     
3                        6.808e+03                (16)                     2.055e+01                1.972e+03                2.011e+01                (6)                      2.787e+02                (9)                      none                     
4                        1.200e+04                (24)                     1.548e+01                1.837e+03                2.060e+01                (4)                      2.447e+02                (10)                     none                     
5                        1.282e+03                (2)                      4.736e+01                1.836e+03                5.900e+00                (22)                     8.054e+02                (0)                      none                     
6                        3.746e+03                (9)                      2.771e+01                1.564e+03                1.121e+01                (14)                     3.715e+02                (4)                      none                     
7                        3.622e+03                (8)                      2.818e+01                1.541e+03                1.053e+01                (18)                     3.907e+02                (3)                      none                     
8                        9.185e+03                (20)                     1.769e+01                1.420e+03                1.557e+01                (10)                     2.397e+02                (12)                     none                     
9                        3.052e+03                (6)                      3.069e+01                1.410e+03                9.320e+00                (19)                     3.934e+02                (2)                      none                     
10                       3.982e+03                (10)                     2.687e+01                1.296e+03                1.069e+01                (17)                     3.154e+02                (6)                      none                     
11                       1.059e+04                (22)                     1.648e+01                1.228e+03                2.140e+01                (2)                      1.586e+02                (16)                     none                     
12                       1.335e+04                (26)                     1.468e+01                1.227e+03                1.910e+01                (8)                      1.726e+02                (14)                     none                     
13                       3.429e+03                (7)                      2.896e+01                1.224e+03                8.420e+00                (20)                     3.621e+02                (5)                      none                     
14                       1.078e+04                (23)                     1.633e+01                1.070e+03                2.020e+01                (5)                      1.447e+02                (17)                     none                     
15                       4.471e+03                (11)                     2.536e+01                1.022e+03                1.093e+01                (16)                     2.424e+02                (11)                     none                     
16                       9.715e+03                (21)                     1.721e+01                8.360e+02                1.728e+01                (9)                      1.296e+02                (20)                     none                     
17                       1.318e+04                (25)                     1.477e+01                8.022e+02                2.130e+01                (3)                      1.033e+02                (26)                     none                     
18                       8.590e+03                (18)                     1.830e+01                6.443e+02                1.308e+01                (12)                     1.269e+02                (21)                     none                     
19                       8.943e+03                (19)                     1.793e+01                5.936e+02                1.328e+01                (11)                     1.151e+02                (22)                     none                     
20                       6.466e+03                (15)                     2.109e+01                5.098e+02                1.182e+01                (13)                     1.133e+02                (23)                     none                     
21                       1.454e+03                (3)                      4.447e+01                4.668e+02                5.290e+00                (24)                     2.200e+02                (13)                     none                     
22                       6.382e+03                (14)                     2.123e+01                4.505e+02                1.096e+01                (15)                     1.080e+02                (24)                     none                     
23                       1.603e+03                (4)                      4.235e+01                3.645e+02                5.380e+00                (23)                     1.671e+02                (15)                     none                     
24                       2.761e+03                (5)                      3.227e+01                3.641e+02                6.860e+00                (21)                     1.302e+02                (19)                     none                     
25                       9.700e+02                (1)                      5.445e+01                1.748e+02                4.144e+00                (25)                     1.059e+02                (25)                     none                     
26                       4.215e+01                (0)                      2.612e+02                5.268e+01                1.045e+00                (26)                     1.371e+02                (18)                     none                     
