44-Ru-101_n-tot   PEAKS: ================================================================================================================================================================
Rank by Integral         Energy (eV)              Rank by Energy           TOF (us)                 Integral                 Peak Width               Rank by Peak Width       Peak Height              Rank by Peak Height      Relevant Isotope         
0                        3.813e+02                (15)                     8.684e+01                9.720e+02                3.164e+00                (9)                      7.998e+02                (4)                      none                     
1                        6.683e+01                (4)                      2.074e+02                9.651e+02                1.394e+00                (25)                     1.808e+03                (0)                      none                     
2                        1.973e+02                (8)                      1.207e+02                7.722e+02                2.127e+00                (21)                     9.153e+02                (3)                      none                     
3                        4.230e+01                (1)                      2.607e+02                6.385e+02                1.130e+00                (28)                     1.481e+03                (2)                      none                     
4                        3.111e+02                (10)                     9.615e+01                6.194e+02                2.656e+00                (16)                     5.896e+02                (5)                      none                     
5                        6.619e+02                (22)                     6.592e+01                5.817e+02                3.871e+00                (6)                      3.811e+02                (6)                      none                     
6                        1.570e+01                (0)                      4.280e+02                5.040e+02                8.721e-01                (29)                     1.609e+03                (1)                      none                     
7                        4.569e+02                (18)                     7.933e+01                4.886e+02                3.269e+00                (8)                      3.805e+02                (7)                      none                     
8                        5.387e+02                (21)                     7.306e+01                4.643e+02                3.530e+00                (7)                      3.358e+02                (8)                      none                     
9                        9.720e+02                (28)                     5.439e+01                3.529e+02                4.628e+00                (0)                      1.958e+02                (17)                     none                     
10                       4.622e+02                (19)                     7.888e+01                3.472e+02                3.101e+00                (11)                     2.855e+02                (9)                      none                     
11                       7.621e+02                (23)                     6.143e+01                2.963e+02                3.971e+00                (5)                      1.888e+02                (18)                     none                     
12                       4.270e+02                (16)                     8.207e+01                2.753e+02                3.054e+00                (12)                     2.292e+02                (14)                     none                     
13                       2.439e+02                (9)                      1.086e+02                2.371e+02                2.423e+00                (20)                     2.526e+02                (12)                     none                     
14                       3.784e+02                (14)                     8.717e+01                2.323e+02                2.522e+00                (18)                     2.470e+02                (13)                     none                     
15                       1.035e+03                (29)                     5.271e+01                2.311e+02                2.630e+00                (17)                     1.872e+02                (19)                     none                     
16                       3.137e+02                (11)                     9.574e+01                2.280e+02                2.427e+00                (19)                     2.558e+02                (10)                     none                     
17                       9.556e+02                (27)                     5.486e+01                2.115e+02                4.330e+00                (2)                      1.239e+02                (25)                     none                     
18                       9.247e+02                (26)                     5.577e+01                2.053e+02                4.360e+00                (1)                      1.210e+02                (27)                     none                     
19                       8.763e+02                (25)                     5.729e+01                1.869e+02                4.155e+00                (3)                      1.150e+02                (28)                     none                     
20                       4.338e+02                (17)                     8.142e+01                1.835e+02                2.990e+00                (13)                     1.575e+02                (22)                     none                     
21                       3.462e+02                (13)                     9.114e+01                1.734e+02                2.712e+00                (14)                     1.634e+02                (21)                     none                     
22                       3.371e+02                (12)                     9.237e+01                1.627e+02                2.691e+00                (15)                     1.552e+02                (23)                     none                     
23                       8.030e+02                (24)                     5.984e+01                1.611e+02                3.992e+00                (4)                      1.041e+02                (29)                     none                     
24                       1.002e+02                (5)                      1.694e+02                1.518e+02                1.534e+00                (24)                     2.540e+02                (11)                     none                     
25                       4.852e+02                (20)                     7.698e+01                1.474e+02                3.146e+00                (10)                     1.218e+02                (26)                     none                     
26                       1.125e+02                (6)                      1.599e+02                1.310e+02                1.702e+00                (23)                     2.023e+02                (16)                     none                     
27                       1.570e+02                (7)                      1.353e+02                1.262e+02                1.857e+00                (22)                     1.743e+02                (20)                     none                     
28                       6.181e+01                (3)                      2.157e+02                1.088e+02                1.350e+00                (26)                     2.157e+02                (15)                     none                     
29                       5.212e+01                (2)                      2.349e+02                5.817e+01                1.261e+00                (27)                     1.268e+02                (24)                     none                     
