44-Ru-99_n-tot   PEAKS: ================================================================================================================================================================
Rank by Integral         Energy (eV)              Rank by Energy           TOF (us)                 Integral                 Peak Width               Rank by Peak Width       Peak Height              Rank by Peak Height      Relevant Isotope         
0                        7.901e+02                (20)                     6.033e+01                1.111e+03                4.683e+00                (1)                      6.133e+02                (6)                      none                     
1                        1.989e+02                (6)                      1.202e+02                1.106e+03                2.335e+00                (17)                     1.221e+03                (3)                      none                     
2                        8.670e+02                (21)                     5.759e+01                9.582e+02                4.818e+00                (0)                      5.132e+02                (9)                      none                     
3                        6.362e+02                (15)                     6.723e+01                8.483e+02                4.013e+00                (4)                      5.405e+02                (7)                      none                     
4                        1.041e+02                (4)                      1.662e+02                8.407e+02                1.536e+00                (20)                     1.420e+03                (2)                      none                     
5                        1.544e+02                (5)                      1.365e+02                7.636e+02                1.982e+00                (18)                     9.804e+02                (4)                      none                     
6                        5.779e+02                (14)                     7.054e+01                7.137e+02                3.720e+00                (8)                      4.875e+02                (10)                     none                     
7                        2.510e+01                (1)                      3.385e+02                7.036e+02                1.013e+00                (22)                     1.892e+03                (1)                      none                     
8                        1.005e+01                (0)                      5.349e+02                5.960e+02                7.711e-01                (23)                     2.184e+03                (0)                      none                     
9                        2.185e+02                (7)                      1.147e+02                4.837e+02                2.412e+00                (16)                     5.181e+02                (8)                      none                     
10                       3.348e+02                (8)                      9.268e+01                4.750e+02                2.764e+00                (14)                     4.317e+02                (11)                     none                     
11                       5.380e+02                (12)                     7.311e+01                4.540e+02                3.469e+00                (10)                     3.288e+02                (12)                     none                     
12                       5.098e+02                (11)                     7.510e+01                4.346e+02                3.367e+00                (12)                     3.239e+02                (13)                     none                     
13                       8.990e+02                (22)                     5.656e+01                4.255e+02                4.584e+00                (2)                      2.386e+02                (14)                     none                     
14                       5.713e+01                (2)                      2.244e+02                3.999e+02                1.340e+00                (21)                     7.886e+02                (5)                      none                     
15                       5.732e+02                (13)                     7.083e+01                2.525e+02                3.440e+00                (11)                     1.838e+02                (15)                     none                     
16                       6.696e+02                (17)                     6.553e+01                2.289e+02                3.784e+00                (6)                      1.545e+02                (18)                     none                     
17                       9.600e+02                (23)                     5.473e+01                1.745e+02                4.440e+00                (3)                      1.018e+02                (22)                     none                     
18                       3.421e+02                (9)                      9.168e+01                1.687e+02                2.749e+00                (15)                     1.584e+02                (17)                     none                     
19                       4.017e+02                (10)                     8.461e+01                1.607e+02                2.908e+00                (13)                     1.400e+02                (19)                     none                     
20                       7.427e+02                (19)                     6.222e+01                1.585e+02                3.910e+00                (5)                      1.034e+02                (21)                     none                     
21                       6.497e+02                (16)                     6.653e+01                1.580e+02                3.640e+00                (9)                      1.125e+02                (20)                     none                     
22                       6.966e+02                (18)                     6.425e+01                1.462e+02                3.736e+00                (7)                      1.002e+02                (23)                     none                     
23                       8.165e+01                (3)                      1.877e+02                9.430e+01                1.568e+00                (19)                     1.607e+02                (16)                     none                     
