44-Ru-104_n-tot   PEAKS: ================================================================================================================================================================
Rank by Integral         Energy (eV)              Rank by Energy           TOF (us)                 Integral                 Peak Width               Rank by Peak Width       Peak Height              Rank by Peak Height      Relevant Isotope         
0                        5.339e+03                (13)                     2.321e+01                1.377e+04                1.033e+02                (0)                      4.951e+02                (5)                      none                     
1                        6.132e+03                (15)                     2.166e+01                8.471e+03                3.300e+01                (3)                      7.817e+02                (2)                      none                     
2                        4.311e+03                (11)                     2.583e+01                6.654e+03                3.560e+01                (2)                      5.717e+02                (4)                      none                     
3                        6.280e+03                (16)                     2.140e+01                3.843e+03                3.051e+01                (5)                      3.776e+02                (12)                     none                     
4                        6.702e+03                (17)                     2.071e+01                3.723e+03                3.137e+01                (4)                      3.543e+02                (13)                     none                     
5                        4.618e+03                (12)                     2.496e+01                3.126e+03                2.000e+01                (8)                      4.579e+02                (7)                      none                     
6                        6.250e+02                (2)                      6.783e+01                3.054e+03                4.297e+00                (18)                     1.861e+03                (0)                      none                     
7                        8.240e+03                (18)                     1.868e+01                2.513e+03                1.799e+01                (9)                      3.872e+02                (11)                     none                     
8                        1.050e+03                (3)                      5.233e+01                2.397e+03                5.490e+00                (16)                     1.133e+03                (1)                      none                     
9                        1.057e+04                (19)                     1.649e+01                1.678e+03                2.490e+01                (6)                      1.877e+02                (18)                     none                     
10                       3.150e+03                (10)                     3.021e+01                1.544e+03                9.770e+00                (10)                     4.156e+02                (9)                      none                     
11                       1.105e+04                (20)                     1.613e+01                1.468e+03                2.480e+01                (7)                      1.701e+02                (19)                     none                     
12                       1.510e+03                (5)                      4.364e+01                1.056e+03                5.620e+00                (15)                     4.655e+02                (6)                      none                     
13                       1.567e+03                (6)                      4.284e+01                1.040e+03                5.740e+00                (14)                     4.505e+02                (8)                      none                     
14                       1.742e+03                (7)                      4.063e+01                9.945e+02                6.150e+00                (13)                     4.059e+02                (10)                     none                     
15                       2.060e+03                (8)                      3.736e+01                9.151e+02                6.660e+00                (12)                     3.443e+02                (14)                     none                     
16                       2.444e+03                (9)                      3.430e+01                8.429e+02                7.280e+00                (11)                     2.911e+02                (16)                     none                     
17                       1.441e+03                (4)                      4.467e+01                6.710e+02                5.280e+00                (17)                     3.128e+02                (15)                     none                     
18                       2.246e+02                (0)                      1.132e+02                4.847e+02                2.083e+00                (20)                     5.735e+02                (3)                      none                     
19                       3.809e+02                (1)                      8.689e+01                1.540e+02                2.609e+00                (19)                     1.464e+02                (20)                     none                     
20                       5.375e+03                (14)                     2.313e+01                -8.147e+02               4.451e+01                (1)                      2.135e+02                (17)                     none                     
