44-Ru-100_n-tot   PEAKS: ================================================================================================================================================================
Rank by Integral         Energy (eV)              Rank by Energy           TOF (us)                 Integral                 Peak Width               Rank by Peak Width       Peak Height              Rank by Peak Height      Relevant Isotope         
0                        9.985e+03                (19)                     1.697e+01                5.162e+03                3.400e+01                (0)                      4.541e+02                (2)                      none                     
1                        3.713e+03                (3)                      2.783e+01                2.490e+03                1.440e+01                (13)                     4.883e+02                (0)                      none                     
2                        9.173e+03                (17)                     1.771e+01                2.063e+03                1.787e+01                (7)                      3.119e+02                (5)                      none                     
3                        9.002e+03                (15)                     1.787e+01                2.035e+03                1.771e+01                (8)                      3.113e+02                (6)                      none                     
4                        6.945e+03                (7)                      2.035e+01                2.013e+03                2.052e+01                (4)                      2.785e+02                (7)                      none                     
5                        7.515e+03                (9)                      1.956e+01                1.960e+03                2.164e+01                (3)                      2.571e+02                (9)                      none                     
6                        1.173e+04                (22)                     1.566e+01                1.956e+03                3.000e+01                (1)                      1.850e+02                (18)                     none                     
7                        6.978e+03                (8)                      2.030e+01                1.890e+03                1.438e+01                (14)                     3.565e+02                (4)                      none                     
8                        1.165e+04                (21)                     1.571e+01                1.827e+03                2.990e+01                (2)                      1.744e+02                (19)                     none                     
9                        3.953e+03                (4)                      2.697e+01                1.592e+03                9.760e+00                (19)                     4.175e+02                (3)                      none                     
10                       8.909e+03                (14)                     1.797e+01                1.523e+03                1.576e+01                (11)                     2.544e+02                (10)                     none                     
11                       7.843e+03                (11)                     1.915e+01                1.432e+03                1.431e+01                (15)                     2.617e+02                (8)                      none                     
12                       1.076e+04                (20)                     1.635e+01                1.307e+03                1.640e+01                (9)                      2.072e+02                (13)                     none                     
13                       8.409e+03                (13)                     1.849e+01                1.285e+03                1.873e+01                (6)                      1.885e+02                (16)                     none                     
14                       8.300e+03                (12)                     1.861e+01                1.248e+03                1.423e+01                (16)                     2.249e+02                (12)                     none                     
15                       9.237e+03                (18)                     1.764e+01                1.231e+03                1.954e+01                (5)                      1.733e+02                (20)                     none                     
16                       5.113e+03                (5)                      2.372e+01                1.081e+03                1.219e+01                (18)                     2.322e+02                (11)                     none                     
17                       6.791e+03                (6)                      2.058e+01                1.038e+03                1.456e+01                (12)                     1.886e+02                (15)                     none                     
18                       7.574e+03                (10)                     1.949e+01                9.242e+02                1.303e+01                (17)                     1.867e+02                (17)                     none                     
19                       9.110e+03                (16)                     1.777e+01                7.125e+02                1.581e+01                (10)                     1.184e+02                (21)                     none                     
20                       2.285e+02                (1)                      1.122e+02                4.124e+02                2.228e+00                (21)                     4.635e+02                (1)                      none                     
21                       3.076e+03                (2)                      3.058e+01                3.063e+02                7.440e+00                (20)                     1.031e+02                (22)                     none                     
22                       1.000e+01                (0)                      5.363e+02                4.242e+01                6.089e-01                (22)                     1.965e+02                (14)                     none                     
