44-Ru-99_n-g   PEAKS: ================================================================================================================================================================
Rank by Integral         Energy (eV)              Rank by Energy           TOF (us)                 Integral                 Peak Width               Rank by Peak Width       Peak Height              Rank by Peak Height      Relevant Isotope         
0                        2.510e+01                (1)                      3.298e+02                6.659e+02                1.005e+00                (16)                     1.794e+03                (1)                      none                     
1                        1.041e+02                (4)                      1.619e+02                6.401e+02                1.541e+00                (14)                     1.091e+03                (2)                      none                     
2                        1.005e+01                (0)                      5.212e+02                5.845e+02                7.711e-01                (17)                     2.138e+03                (0)                      none                     
3                        1.544e+02                (5)                      1.330e+02                5.785e+02                1.999e+00                (12)                     7.374e+02                (4)                      none                     
4                        1.989e+02                (6)                      1.172e+02                5.506e+02                2.343e+00                (11)                     6.050e+02                (5)                      none                     
5                        2.185e+02                (7)                      1.118e+02                4.004e+02                2.414e+00                (10)                     4.244e+02                (6)                      none                     
6                        5.713e+01                (2)                      2.186e+02                3.750e+02                1.327e+00                (15)                     7.390e+02                (3)                      none                     
7                        6.362e+02                (15)                     6.551e+01                3.564e+02                4.010e+00                (2)                      2.257e+02                (9)                      none                     
8                        5.778e+02                (14)                     6.874e+01                3.479e+02                3.710e+00                (3)                      2.364e+02                (8)                      none                     
9                        3.348e+02                (8)                      9.030e+01                3.407e+02                2.782e+00                (8)                      3.062e+02                (7)                      none                     
10                       7.901e+02                (16)                     5.878e+01                3.350e+02                4.696e+00                (1)                      1.838e+02                (12)                     none                     
11                       8.669e+02                (17)                     5.612e+01                3.018e+02                4.773e+00                (0)                      1.612e+02                (13)                     none                     
12                       5.380e+02                (12)                     7.124e+01                2.828e+02                3.456e+00                (4)                      2.030e+02                (11)                     none                     
13                       5.098e+02                (11)                     7.318e+01                2.809e+02                3.365e+00                (6)                      2.072e+02                (10)                     none                     
14                       5.732e+02                (13)                     6.901e+01                1.858e+02                3.447e+00                (5)                      1.349e+02                (15)                     none                     
15                       3.421e+02                (9)                      8.933e+01                1.405e+02                2.732e+00                (9)                      1.276e+02                (16)                     none                     
16                       4.017e+02                (10)                     8.244e+01                1.392e+02                2.921e+00                (7)                      1.174e+02                (17)                     none                     
17                       8.165e+01                (3)                      1.829e+02                9.175e+01                1.556e+00                (13)                     1.532e+02                (14)                     none                     
