45-Rh-103_n-g   PEAKS: ================================================================================================================================================================
Rank by Integral         Energy (eV)              Rank by Energy           TOF (us)                 Integral                 Peak Width               Rank by Peak Width       Peak Height              Rank by Peak Height      Relevant Isotope         
0                        1.260e+00                (0)                      1.472e+03                7.463e+02                5.041e-01                (15)                     4.504e+03                (0)                      none                     
1                        4.354e+02                (9)                      7.919e+01                5.175e+02                3.171e+00                (6)                      4.107e+02                (4)                      none                     
2                        3.197e+02                (8)                      9.241e+01                4.814e+02                2.615e+00                (7)                      4.579e+02                (2)                      none                     
3                        1.871e+02                (4)                      1.208e+02                4.357e+02                2.054e+00                (11)                     5.325e+02                (1)                      none                     
4                        2.722e+02                (6)                      1.001e+02                4.275e+02                2.416e+00                (9)                      4.393e+02                (3)                      none                     
5                        7.012e+02                (13)                     6.240e+01                3.659e+02                3.991e+00                (2)                      2.308e+02                (8)                      none                     
6                        2.540e+02                (5)                      1.037e+02                3.097e+02                2.323e+00                (10)                     3.311e+02                (6)                      none                     
7                        5.552e+02                (10)                     7.013e+01                2.796e+02                3.328e+00                (5)                      2.058e+02                (9)                      none                     
8                        1.542e+02                (3)                      1.330e+02                2.551e+02                1.957e+00                (12)                     3.323e+02                (5)                      none                     
9                        1.269e+03                (15)                     4.638e+01                2.518e+02                5.340e+00                (0)                      1.186e+02                (14)                     none                     
10                       8.444e+02                (14)                     5.686e+01                2.507e+02                4.140e+00                (1)                      1.490e+02                (11)                     none                     
11                       6.915e+02                (12)                     6.283e+01                2.176e+02                3.659e+00                (3)                      1.454e+02                (12)                     none                     
12                       6.458e+02                (11)                     6.502e+01                1.950e+02                3.608e+00                (4)                      1.348e+02                (13)                     none                     
13                       2.898e+02                (7)                      9.706e+01                1.633e+02                2.432e+00                (8)                      1.658e+02                (10)                     none                     
14                       1.256e+02                (2)                      1.474e+02                1.585e+02                1.688e+00                (13)                     2.356e+02                (7)                      none                     
15                       9.571e+01                (1)                      1.689e+02                6.814e+01                1.505e+00                (14)                     1.147e+02                (15)                     none                     
