46-Pd-105_n-g   PEAKS: ================================================================================================================================================================
Rank by Integral         Energy (eV)              Rank by Energy           TOF (us)                 Integral                 Peak Width               Rank by Peak Width       Peak Height              Rank by Peak Height      Relevant Isotope         
0                        1.502e+02                (7)                      1.348e+02                4.321e+02                1.845e+00                (15)                     5.896e+02                (2)                      none                     
1                        3.056e+02                (13)                     9.451e+01                3.226e+02                2.626e+00                (11)                     3.092e+02                (6)                      none                     
2                        8.672e+01                (5)                      1.774e+02                2.872e+02                1.370e+00                (18)                     5.229e+02                (3)                      none                     
3                        3.547e+02                (15)                     8.774e+01                2.773e+02                2.732e+00                (9)                      2.524e+02                (7)                      none                     
4                        7.773e+01                (4)                      1.874e+02                2.724e+02                1.361e+00                (19)                     5.094e+02                (4)                      none                     
5                        2.525e+02                (11)                     1.040e+02                2.660e+02                3.039e+00                (5)                      2.433e+02                (8)                      none                     
6                        1.323e+01                (1)                      4.543e+02                2.488e+02                7.948e-01                (22)                     8.721e+02                (0)                      none                     
7                        2.515e+01                (2)                      3.295e+02                2.415e+02                8.629e-01                (21)                     7.343e+02                (1)                      none                     
8                        3.472e+02                (14)                     8.867e+01                2.369e+02                2.674e+00                (10)                     2.197e+02                (10)                     none                     
9                        4.668e+02                (18)                     7.648e+01                2.207e+02                3.124e+00                (4)                      1.753e+02                (13)                     none                     
10                       2.600e+02                (12)                     1.025e+02                2.155e+02                2.292e+00                (12)                     2.318e+02                (9)                      none                     
11                       5.472e+02                (19)                     7.063e+01                1.959e+02                3.294e+00                (3)                      1.467e+02                (14)                     none                     
12                       5.521e+01                (3)                      2.224e+02                1.926e+02                1.177e+00                (20)                     4.183e+02                (5)                      none                     
13                       7.807e+02                (23)                     5.913e+01                1.742e+02                3.872e+00                (0)                      1.100e+02                (20)                     none                     
14                       6.053e+02                (21)                     6.716e+01                1.715e+02                3.411e+00                (2)                      1.231e+02                (18)                     none                     
15                       4.497e+02                (17)                     7.791e+01                1.702e+02                3.008e+00                (6)                      1.397e+02                (15)                     none                     
16                       4.314e+02                (16)                     7.955e+01                1.605e+02                2.861e+00                (8)                      1.367e+02                (16)                     none                     
17                       7.121e+02                (22)                     6.192e+01                1.556e+02                3.660e+00                (1)                      1.036e+02                (22)                     none                     
18                       1.840e+02                (9)                      1.218e+02                1.414e+02                1.981e+00                (14)                     1.776e+02                (12)                     none                     
19                       5.910e+02                (20)                     6.796e+01                1.406e+02                2.878e+00                (7)                      1.317e+02                (17)                     none                     
20                       1.412e+02                (6)                      1.390e+02                1.298e+02                1.733e+00                (17)                     1.869e+02                (11)                     none                     
21                       2.026e+02                (10)                     1.161e+02                9.441e+01                2.041e+00                (13)                     1.148e+02                (19)                     none                     
22                       1.589e+02                (8)                      1.311e+02                7.517e+01                1.818e+00                (16)                     1.030e+02                (23)                     none                     
23                       1.179e+01                (0)                      4.812e+02                2.550e+01                6.947e-01                (23)                     1.072e+02                (21)                     none                     
