46-Pd-108_n-tot   PEAKS: ================================================================================================================================================================
Rank by Integral         Energy (eV)              Rank by Energy           TOF (us)                 Integral                 Peak Width               Rank by Peak Width       Peak Height              Rank by Peak Height      Relevant Isotope         
0                        3.310e+01                (0)                      2.948e+02                1.110e+04                1.097e+00                (17)                     2.741e+04                (0)                      none                     
1                        9.080e+01                (1)                      1.780e+02                7.055e+03                1.715e+00                (16)                     1.098e+04                (1)                      none                     
2                        9.570e+02                (5)                      5.482e+01                3.274e+03                5.833e+00                (9)                      1.515e+03                (4)                      none                     
3                        4.276e+02                (2)                      8.201e+01                3.042e+03                3.363e+00                (15)                     2.350e+03                (2)                      none                     
4                        1.658e+03                (9)                      4.165e+01                2.812e+03                7.980e+00                (3)                      9.592e+02                (6)                      none                     
5                        6.362e+02                (3)                      6.723e+01                2.385e+03                3.982e+00                (14)                     1.540e+03                (3)                      none                     
6                        4.382e+03                (17)                     2.562e+01                2.156e+03                1.455e+01                (0)                      4.135e+02                (9)                      none                     
7                        9.062e+02                (4)                      5.633e+01                2.106e+03                4.834e+00                (12)                     1.128e+03                (5)                      none                     
8                        2.015e+03                (10)                     3.777e+01                1.328e+03                6.790e+00                (7)                      4.955e+02                (8)                      none                     
9                        3.162e+03                (15)                     3.016e+01                1.248e+03                9.020e+00                (2)                      3.589e+02                (11)                     none                     
10                       1.215e+03                (7)                      4.865e+01                1.187e+03                5.010e+00                (10)                     5.921e+02                (7)                      none                     
11                       2.505e+03                (12)                     3.388e+01                1.113e+03                7.650e+00                (4)                      3.738e+02                (10)                     none                     
12                       3.613e+03                (16)                     2.821e+01                1.078e+03                9.520e+00                (1)                      2.940e+02                (12)                     none                     
13                       2.739e+03                (13)                     3.240e+01                6.825e+02                7.330e+00                (5)                      2.336e+02                (13)                     none                     
14                       1.438e+03                (8)                      4.473e+01                3.564e+02                4.850e+00                (11)                     1.797e+02                (14)                     none                     
15                       3.055e+03                (14)                     3.068e+01                3.414e+02                7.280e+00                (6)                      1.175e+02                (17)                     none                     
16                       2.457e+03                (11)                     3.421e+01                3.063e+02                6.290e+00                (8)                      1.203e+02                (16)                     none                     
17                       9.625e+02                (6)                      5.466e+01                1.574e+02                3.987e+00                (13)                     1.716e+02                (15)                     none                     
