47-Ag-109_n-tot   PEAKS: ================================================================================================================================================================
Rank by Integral         Energy (eV)              Rank by Energy           TOF (us)                 Integral                 Peak Width               Rank by Peak Width       Peak Height              Rank by Peak Height      Relevant Isotope         
0                        5.190e+00                (0)                      7.444e+02                5.191e+03                5.733e-01                (34)                     2.603e+04                (0)                      none                     
1                        9.756e+02                (24)                     5.429e+01                1.580e+03                5.144e+00                (5)                      8.035e+02                (8)                      none                     
2                        1.339e+02                (6)                      1.465e+02                1.512e+03                1.735e+00                (28)                     2.207e+03                (1)                      none                     
3                        3.165e+02                (10)                     9.532e+01                1.420e+03                2.685e+00                (24)                     1.344e+03                (4)                      none                     
4                        7.100e+01                (4)                      2.012e+02                9.519e+02                1.273e+00                (30)                     1.903e+03                (2)                      none                     
5                        5.006e+02                (15)                     7.579e+01                7.906e+02                3.147e+00                (19)                     6.254e+02                (9)                      none                     
6                        1.731e+02                (7)                      1.289e+02                6.698e+02                1.876e+00                (27)                     8.902e+02                (6)                      none                     
7                        3.060e+01                (1)                      3.066e+02                5.764e+02                9.049e-01                (33)                     1.658e+03                (3)                      none                     
8                        3.618e+03                (33)                     2.819e+01                5.630e+02                9.130e+00                (0)                      1.600e+02                (23)                     none                     
9                        5.580e+01                (3)                      2.270e+02                5.411e+02                1.217e+00                (31)                     1.160e+03                (5)                      none                     
10                       7.853e+02                (21)                     6.051e+01                4.883e+02                4.442e+00                (10)                     2.878e+02                (15)                     none                     
11                       1.220e+03                (27)                     4.855e+01                4.594e+02                4.760e+00                (7)                      2.405e+02                (17)                     none                     
12                       5.658e+02                (17)                     7.129e+01                4.472e+02                3.244e+00                (17)                     3.472e+02                (13)                     none                     
13                       5.608e+02                (16)                     7.161e+01                4.322e+02                3.546e+00                (15)                     3.114e+02                (14)                     none                     
14                       4.044e+02                (13)                     8.433e+01                4.193e+02                3.051e+00                (21)                     3.558e+02                (11)                     none                     
15                       1.204e+03                (26)                     4.887e+01                4.168e+02                4.680e+00                (8)                      2.204e+02                (18)                     none                     
16                       1.914e+03                (31)                     3.876e+01                4.098e+02                7.240e+00                (2)                      1.521e+02                (24)                     none                     
17                       3.910e+03                (34)                     2.712e+01                3.684e+02                8.720e+00                (1)                      1.095e+02                (33)                     none                     
18                       4.030e+01                (2)                      2.671e+02                3.251e+02                9.987e-01                (32)                     8.403e+02                (7)                      none                     
19                       2.130e+03                (32)                     3.674e+01                3.218e+02                6.160e+00                (3)                      1.315e+02                (28)                     none                     
20                       2.092e+02                (8)                      1.172e+02                3.049e+02                1.998e+00                (26)                     3.797e+02                (10)                     none                     
21                       3.867e+02                (11)                     8.623e+01                3.020e+02                2.702e+00                (22)                     2.787e+02                (16)                     none                     
22                       6.225e+02                (19)                     6.797e+01                2.821e+02                3.543e+00                (16)                     2.033e+02                (20)                     none                     
23                       1.587e+03                (30)                     4.257e+01                2.782e+02                5.880e+00                (4)                      1.241e+02                (30)                     none                     
24                       1.009e+03                (25)                     5.338e+01                2.718e+02                4.150e+00                (12)                     1.635e+02                (22)                     none                     
25                       7.477e+02                (20)                     6.202e+01                2.709e+02                3.669e+00                (14)                     1.842e+02                (21)                     none                     
26                       1.415e+03                (29)                     4.508e+01                2.702e+02                5.000e+00                (6)                      1.362e+02                (27)                     none                     
27                       1.236e+03                (28)                     4.823e+01                2.640e+02                4.600e+00                (9)                      1.443e+02                (25)                     none                     
28                       4.697e+02                (14)                     7.824e+01                2.555e+02                3.057e+00                (20)                     2.108e+02                (19)                     none                     
29                       9.316e+02                (23)                     5.556e+01                2.082e+02                4.290e+00                (11)                     1.239e+02                (31)                     none                     
30                       8.828e+02                (22)                     5.708e+01                2.061e+02                3.937e+00                (13)                     1.313e+02                (29)                     none                     
31                       8.770e+01                (5)                      1.811e+02                1.882e+02                1.354e+00                (29)                     3.520e+02                (12)                     none                     
32                       3.980e+02                (12)                     8.500e+01                1.510e+02                2.693e+00                (23)                     1.419e+02                (26)                     none                     
33                       6.081e+02                (18)                     6.877e+01                1.274e+02                3.229e+00                (18)                     1.008e+02                (34)                     none                     
34                       2.906e+02                (9)                      9.947e+01                1.017e+02                2.332e+00                (25)                     1.107e+02                (32)                     none                     
