47-Ag-109_n-g   PEAKS: ================================================================================================================================================================
Rank by Integral         Energy (eV)              Rank by Energy           TOF (us)                 Integral                 Peak Width               Rank by Peak Width       Peak Height              Rank by Peak Height      Relevant Isotope         
0                        5.190e+00                (0)                      7.253e+02                4.729e+03                5.733e-01                (21)                     2.370e+04                (0)                      none                     
1                        1.339e+02                (6)                      1.428e+02                9.096e+02                1.747e+00                (15)                     1.322e+03                (3)                      none                     
2                        7.100e+01                (4)                      1.961e+02                7.789e+02                1.273e+00                (17)                     1.553e+03                (2)                      none                     
3                        3.165e+02                (9)                      9.288e+01                6.278e+02                2.698e+00                (11)                     5.910e+02                (7)                      none                     
4                        3.060e+01                (1)                      2.987e+02                5.457e+02                9.049e-01                (20)                     1.566e+03                (1)                      none                     
5                        1.731e+02                (7)                      1.256e+02                5.090e+02                1.893e+00                (14)                     6.702e+02                (6)                      none                     
6                        5.580e+01                (3)                      2.212e+02                4.272e+02                1.220e+00                (18)                     9.121e+02                (4)                      none                     
7                        5.006e+02                (14)                     7.385e+01                3.577e+02                3.164e+00                (7)                      2.804e+02                (10)                     none                     
8                        4.030e+01                (2)                      2.603e+02                3.137e+02                1.009e+00                (19)                     8.030e+02                (5)                      none                     
9                        9.755e+02                (18)                     5.290e+01                2.856e+02                5.162e+00                (0)                      1.444e+02                (14)                     none                     
10                       5.658e+02                (16)                     6.946e+01                2.657e+02                3.242e+00                (6)                      2.011e+02                (12)                     none                     
11                       2.092e+02                (8)                      1.142e+02                2.586e+02                2.004e+00                (13)                     3.174e+02                (9)                      none                     
12                       3.867e+02                (10)                     8.402e+01                2.330e+02                2.699e+00                (10)                     2.120e+02                (11)                     none                     
13                       1.220e+03                (21)                     4.731e+01                1.853e+02                4.810e+00                (1)                      9.474e+01                (18)                     none                     
14                       8.770e+01                (5)                      1.764e+02                1.801e+02                1.368e+00                (16)                     3.307e+02                (8)                      none                     
15                       1.204e+03                (20)                     4.762e+01                1.791e+02                4.680e+00                (2)                      9.313e+01                (20)                     none                     
16                       7.476e+02                (17)                     6.043e+01                1.776e+02                3.665e+00                (4)                      1.179e+02                (16)                     none                     
17                       4.044e+02                (12)                     8.216e+01                1.762e+02                3.017e+00                (9)                      1.479e+02                (13)                     none                     
18                       1.009e+03                (19)                     5.202e+01                1.587e+02                4.190e+00                (3)                      9.141e+01                (21)                     none                     
19                       5.607e+02                (15)                     6.978e+01                1.309e+02                3.526e+00                (5)                      9.468e+01                (19)                     none                     
20                       3.980e+02                (11)                     8.282e+01                1.300e+02                2.670e+00                (12)                     1.187e+02                (15)                     none                     
21                       4.697e+02                (13)                     7.624e+01                1.295e+02                3.077e+00                (8)                      1.045e+02                (17)                     none                     
