47-Ag-107_n-g   PEAKS: ================================================================================================================================================================
Rank by Integral         Energy (eV)              Rank by Energy           TOF (us)                 Integral                 Peak Width               Rank by Peak Width       Peak Height              Rank by Peak Height      Relevant Isotope         
0                        2.025e+02                (6)                      1.161e+02                9.934e+02                2.317e+00                (10)                     1.113e+03                (2)                      none                     
1                        5.156e+01                (3)                      2.301e+02                9.654e+02                1.160e+00                (14)                     2.147e+03                (0)                      none                     
2                        3.108e+02                (8)                      9.372e+01                5.024e+02                2.562e+00                (9)                      4.896e+02                (4)                      none                     
3                        1.630e+01                (0)                      4.093e+02                4.988e+02                7.648e-01                (17)                     1.761e+03                (1)                      none                     
4                        4.667e+02                (10)                     7.648e+01                3.146e+02                3.019e+00                (7)                      2.568e+02                (5)                      none                     
5                        4.157e+01                (1)                      2.563e+02                3.043e+02                1.027e+00                (16)                     7.613e+02                (3)                      none                     
6                        9.341e+02                (17)                     5.406e+01                2.404e+02                4.328e+00                (0)                      1.375e+02                (11)                     none                     
7                        5.154e+02                (11)                     7.278e+01                2.117e+02                3.090e+00                (6)                      1.669e+02                (7)                      none                     
8                        2.513e+02                (7)                      1.042e+02                1.977e+02                2.205e+00                (11)                     2.203e+02                (6)                      none                     
9                        5.877e+02                (13)                     6.816e+01                1.909e+02                3.240e+00                (5)                      1.425e+02                (9)                      none                     
10                       8.823e+02                (16)                     5.563e+01                1.584e+02                3.981e+00                (1)                      9.657e+01                (15)                     none                     
11                       5.545e+02                (12)                     7.017e+01                1.582e+02                3.961e+00                (2)                      1.045e+02                (14)                     none                     
12                       7.529e+02                (15)                     6.022e+01                1.410e+02                3.642e+00                (3)                      9.332e+01                (16)                     none                     
13                       3.612e+02                (9)                      8.694e+01                1.366e+02                2.620e+00                (8)                      1.293e+02                (13)                     none                     
14                       6.746e+02                (14)                     6.362e+01                1.332e+02                3.451e+00                (4)                      9.322e+01                (17)                     none                     
15                       1.737e+02                (5)                      1.254e+02                1.068e+02                1.863e+00                (12)                     1.419e+02                (10)                     none                     
16                       1.442e+02                (4)                      1.376e+02                9.145e+01                1.704e+00                (13)                     1.328e+02                (12)                     none                     
17                       4.490e+01                (2)                      2.466e+02                6.509e+01                1.077e+00                (15)                     1.577e+02                (8)                      none                     
