48-Cd-106_n-tot   PEAKS: ================================================================================================================================================================
Rank by Integral         Energy (eV)              Rank by Energy           TOF (us)                 Integral                 Peak Width               Rank by Peak Width       Peak Height              Rank by Peak Height      Relevant Isotope         
0                        6.351e+02                (1)                      6.729e+01                3.810e+03                4.744e+00                (16)                     2.161e+03                (0)                      none                     
1                        3.335e+03                (6)                      2.936e+01                2.292e+03                1.196e+01                (1)                      5.271e+02                (2)                      none                     
2                        4.499e+03                (13)                     2.528e+01                1.477e+03                1.188e+01                (2)                      3.297e+02                (3)                      none                     
3                        4.818e+03                (15)                     2.443e+01                1.314e+03                1.250e+01                (0)                      2.815e+02                (6)                      none                     
4                        4.333e+03                (12)                     2.576e+01                1.122e+03                1.113e+01                (4)                      2.653e+02                (7)                      none                     
5                        3.011e+03                (4)                      3.090e+01                1.092e+03                8.600e+00                (10)                     3.251e+02                (4)                      none                     
6                        4.096e+03                (10)                     2.649e+01                1.040e+03                1.035e+01                (6)                      2.609e+02                (9)                      none                     
7                        5.028e+03                (16)                     2.392e+01                9.835e+02                1.166e+01                (3)                      2.214e+02                (12)                     none                     
8                        3.841e+03                (9)                      2.736e+01                9.239e+02                9.810e+00                (8)                      2.401e+02                (11)                     none                     
9                        5.631e+03                (17)                     2.260e+01                8.924e+02                1.063e+01                (5)                      2.123e+02                (14)                     none                     
10                       3.144e+03                (5)                      3.024e+01                8.643e+02                8.470e+00                (11)                     2.596e+02                (10)                     none                     
11                       2.648e+03                (2)                      3.296e+01                8.164e+02                6.990e+00                (15)                     2.868e+02                (5)                      none                     
12                       4.567e+02                (0)                      7.935e+01                7.869e+02                3.024e+00                (17)                     6.447e+02                (1)                      none                     
13                       4.626e+03                (14)                     2.493e+01                6.655e+02                1.012e+01                (7)                      1.684e+02                (15)                     none                     
14                       3.433e+03                (7)                      2.894e+01                6.066e+02                7.110e+00                (14)                     2.629e+02                (8)                      none                     
15                       4.309e+03                (11)                     2.583e+01                4.150e+02                9.120e+00                (9)                      1.123e+02                (17)                     none                     
16                       3.438e+03                (8)                      2.892e+01                4.139e+02                7.650e+00                (12)                     2.163e+02                (13)                     none                     
17                       2.810e+03                (3)                      3.199e+01                3.723e+02                7.240e+00                (13)                     1.283e+02                (16)                     none                     
