48-Cd-113_n-tot   PEAKS: ================================================================================================================================================================
Rank by Integral         Energy (eV)              Rank by Energy           TOF (us)                 Integral                 Peak Width               Rank by Peak Width       Peak Height              Rank by Peak Height      Relevant Isotope         
0                        8.517e+02                (15)                     5.811e+01                1.532e+03                4.615e+00                (6)                      8.614e+02                (2)                      none                     
1                        3.459e+03                (23)                     2.884e+01                9.286e+02                9.450e+00                (0)                      2.577e+02                (10)                     none                     
2                        8.491e+01                (2)                      1.840e+02                8.984e+02                1.316e+00                (21)                     1.709e+03                (0)                      none                     
3                        4.141e+02                (9)                      8.334e+01                8.099e+02                2.818e+00                (13)                     7.172e+02                (3)                      none                     
4                        1.929e+02                (5)                      1.221e+02                7.793e+02                2.158e+00                (16)                     9.335e+02                (1)                      none                     
5                        5.519e+02                (13)                     7.218e+01                5.164e+02                3.140e+00                (10)                     4.065e+02                (7)                      none                     
6                        3.091e+03                (22)                     3.050e+01                4.852e+02                7.680e+00                (2)                      1.601e+02                (15)                     none                     
7                        2.605e+03                (21)                     3.323e+01                4.215e+02                8.610e+00                (1)                      1.322e+02                (20)                     none                     
8                        1.268e+03                (17)                     4.763e+01                4.077e+02                4.640e+00                (5)                      2.168e+02                (13)                     none                     
9                        2.611e+02                (7)                      1.050e+02                3.626e+02                2.155e+00                (17)                     4.152e+02                (6)                      none                     
10                       2.152e+02                (6)                      1.156e+02                3.376e+02                1.978e+00                (18)                     4.241e+02                (5)                      none                     
11                       1.365e+03                (19)                     4.590e+01                2.936e+02                4.750e+00                (4)                      1.536e+02                (17)                     none                     
12                       1.083e+02                (3)                      1.629e+02                2.813e+02                1.403e+00                (20)                     4.965e+02                (4)                      none                     
13                       5.010e+02                (11)                     7.576e+01                2.704e+02                2.886e+00                (12)                     2.299e+02                (11)                     none                     
14                       8.417e+02                (14)                     5.845e+01                2.522e+02                3.714e+00                (9)                      1.646e+02                (14)                     none                     
15                       1.120e+03                (16)                     5.066e+01                2.464e+02                4.180e+00                (8)                      1.447e+02                (19)                     none                     
16                       1.468e+03                (20)                     4.425e+01                2.390e+02                5.370e+00                (3)                      1.156e+02                (22)                     none                     
17                       2.694e+02                (8)                      1.033e+02                2.306e+02                2.222e+00                (15)                     2.604e+02                (9)                      none                     
18                       1.318e+03                (18)                     4.671e+01                2.166e+02                4.610e+00                (7)                      1.177e+02                (21)                     none                     
19                       5.248e+02                (12)                     7.402e+01                1.822e+02                2.928e+00                (11)                     1.543e+02                (16)                     none                     
20                       4.320e+02                (10)                     8.159e+01                1.568e+02                2.667e+00                (14)                     1.468e+02                (18)                     none                     
21                       1.588e+02                (4)                      1.346e+02                1.486e+02                1.666e+00                (19)                     2.217e+02                (12)                     none                     
22                       6.370e+01                (1)                      2.125e+02                1.432e+02                1.097e+00                (22)                     3.261e+02                (8)                      none                     
23                       1.836e+01                (0)                      3.957e+02                2.503e+01                6.765e-01                (23)                     1.004e+02                (23)                     none                     
