48-Cd_n-g   PEAKS: ================================================================================================================================================================
Rank by Integral         Energy (eV)              Rank by Energy           TOF (us)                 Integral                 Peak Width               Rank by Peak Width       Peak Height              Rank by Peak Height      Relevant Isotope         
0                        8.955e+01                (4)                      1.746e+02                2.151e+02                7.331e-01                (5)                      9.482e+02                (1)                      ['48-Cd-110_n-g']        
1                        6.678e+01                (2)                      2.022e+02                8.991e+01                2.607e-01                (34)                     1.202e+03                (0)                      ['48-Cd-112_n-g']        
2                        1.201e+02                (7)                      1.508e+02                8.990e+01                3.840e-01                (26)                     7.996e+02                (2)                      ['48-Cd-114_n-g']        
3                        1.642e+02                (10)                     1.289e+02                8.391e+01                6.770e-01                (6)                      4.227e+02                (6)                      ['48-Cd-111_n-g']        
4                        8.491e+01                (3)                      1.793e+02                8.084e+01                4.770e-01                (20)                     5.764e+02                (4)                      ['48-Cd-113_n-g']        
5                        7.377e+02                (27)                     6.083e+01                5.580e+01                1.298e+00                (0)                      1.398e+02                (21)                     ['48-Cd-112_n-g']        
6                        2.335e+02                (16)                     1.081e+02                5.420e+01                6.760e-01                (7)                      2.850e+02                (8)                      ['48-Cd-111_n-g']        
7                        4.431e+02                (23)                     7.849e+01                5.394e+01                4.310e-01                (22)                     4.329e+02                (5)                      ['48-Cd-112_n-g']        
8                        2.757e+01                (0)                      3.147e+02                5.135e+01                4.428e-01                (21)                     3.850e+02                (7)                      ['48-Cd-111_n-g']        
9                        2.265e+02                (14)                     1.098e+02                5.097e+01                2.600e-01                (35)                     6.667e+02                (3)                      ['48-Cd-112_n-g']        
10                       9.092e+02                (28)                     5.480e+01                4.416e+01                1.040e+00                (1)                      1.342e+02                (23)                     ['48-Cd-112_n-g']        
11                       9.949e+01                (5)                      1.657e+02                4.126e+01                5.137e-01                (16)                     2.786e+02                (9)                      ['48-Cd-111_n-g']        
12                       4.141e+02                (21)                     8.120e+01                3.997e+01                7.730e-01                (4)                      1.734e+02                (15)                     ['48-Cd-113_n-g']        
13                       2.251e+02                (13)                     1.101e+02                3.643e+01                6.020e-01                (9)                      2.152e+02                (11)                     ['48-Cd-111_n-g']        
14                       1.928e+02                (11)                     1.190e+02                3.438e+01                9.890e-01                (2)                      1.179e+02                (31)                     ['48-Cd-113_n-g']        
15                       2.611e+02                (17)                     1.023e+02                3.104e+01                5.280e-01                (13)                     2.043e+02                (13)                     ['48-Cd-113_n-g']        
16                       2.152e+02                (12)                     1.126e+02                3.069e+01                5.030e-01                (17)                     2.137e+02                (12)                     ['48-Cd-113_n-g']        
17                       3.562e+02                (19)                     8.755e+01                2.919e+01                5.510e-01                (10)                     1.752e+02                (14)                     ['48-Cd-111_n-g']        
18                       5.519e+02                (26)                     7.033e+01                2.709e+01                6.640e-01                (8)                      1.319e+02                (24)                     ['48-Cd-113_n-g']        
19                       1.083e+02                (6)                      1.588e+02                2.681e+01                3.320e-01                (29)                     2.674e+02                (10)                     ['48-Cd-113_n-g']        
20                       3.778e+03                (36)                     2.688e+01                2.388e+01                8.000e-01                (3)                      1.014e+02                (35)                     []                       
21                       1.382e+02                (8)                      1.406e+02                1.997e+01                4.810e-01                (19)                     1.401e+02                (20)                     ['48-Cd-111_n-g']        
22                       2.757e+02                (18)                     9.951e+01                1.981e+01                5.310e-01                (12)                     1.253e+02                (27)                     ['48-Cd-111_n-g']        
23                       5.010e+02                (24)                     7.382e+01                1.891e+01                5.150e-01                (15)                     1.284e+02                (25)                     ['48-Cd-113_n-g']        
24                       3.322e+03                (35)                     2.867e+01                1.872e+01                5.400e-01                (11)                     1.180e+02                (30)                     []                       
25                       3.697e+02                (20)                     8.594e+01                1.767e+01                3.810e-01                (27)                     1.587e+02                (17)                     ['48-Cd-110_n-g']        
26                       1.338e+03                (31)                     4.517e+01                1.755e+01                3.900e-01                (25)                     1.584e+02                (18)                     []                       
27                       9.212e+02                (29)                     5.444e+01                1.610e+01                5.210e-01                (14)                     1.065e+02                (33)                     []                       
28                       6.370e+01                (1)                      2.070e+02                1.531e+01                3.119e-01                (32)                     1.633e+02                (16)                     ['48-Cd-113_n-g']        
29                       5.248e+02                (25)                     7.213e+01                1.475e+01                4.960e-01                (18)                     1.012e+02                (36)                     ['48-Cd-113_n-g']        
30                       1.943e+03                (32)                     3.748e+01                1.466e+01                3.800e-01                (28)                     1.272e+02                (26)                     []                       
31                       1.588e+02                (9)                      1.311e+02                1.395e+01                3.110e-01                (33)                     1.464e+02                (19)                     ['48-Cd-113_n-g']        
32                       2.227e+03                (33)                     3.501e+01                1.352e+01                4.100e-01                (24)                     1.182e+02                (29)                     []                       
33                       4.320e+02                (22)                     7.950e+01                1.305e+01                4.200e-01                (23)                     1.062e+02                (34)                     ['48-Cd-113_n-g']        
34                       3.156e+03                (34)                     2.941e+01                1.121e+01                3.300e-01                (31)                     1.229e+02                (28)                     []                       
35                       1.208e+03                (30)                     4.754e+01                1.060e+01                3.300e-01                (30)                     1.084e+02                (32)                     []                       
36                       2.310e+02                (15)                     1.087e+02                1.044e+01                2.540e-01                (36)                     1.374e+02                (22)                     ['48-Cd-110_n-g']        
