48-Cd-114_n-tot   PEAKS: ================================================================================================================================================================
Rank by Integral         Energy (eV)              Rank by Energy           TOF (us)                 Integral                 Peak Width               Rank by Peak Width       Peak Height              Rank by Peak Height      Relevant Isotope         
0                        3.926e+02                (1)                      8.559e+01                6.908e+03                4.329e+00                (14)                     4.486e+03                (0)                      none                     
1                        1.427e+03                (5)                      4.489e+01                3.703e+03                8.220e+00                (9)                      1.266e+03                (3)                      none                     
2                        3.180e+03                (10)                     3.007e+01                2.999e+03                1.368e+01                (1)                      6.247e+02                (5)                      none                     
3                        6.713e+02                (2)                      6.545e+01                2.007e+03                3.833e+00                (16)                     1.330e+03                (2)                      none                     
4                        1.201e+02                (0)                      1.547e+02                1.794e+03                1.460e+00                (17)                     3.002e+03                (1)                      none                     
5                        2.680e+03                (8)                      3.276e+01                1.738e+03                8.800e+00                (8)                      5.212e+02                (7)                      none                     
6                        7.525e+02                (3)                      6.182e+01                1.666e+03                3.941e+00                (15)                     1.066e+03                (4)                      none                     
7                        4.261e+03                (12)                     2.598e+01                1.520e+03                1.174e+01                (2)                      3.492e+02                (9)                      none                     
8                        3.823e+03                (11)                     2.743e+01                1.044e+03                9.560e+00                (7)                      2.841e+02                (10)                     none                     
9                        1.100e+03                (4)                      5.112e+01                9.677e+02                4.420e+00                (13)                     5.378e+02                (6)                      none                     
10                       1.922e+03                (6)                      3.868e+01                8.919e+02                6.040e+00                (11)                     3.686e+02                (8)                      none                     
11                       7.846e+03                (17)                     1.915e+01                7.645e+02                1.387e+01                (0)                      1.451e+02                (13)                     none                     
12                       7.210e+03                (15)                     1.997e+01                5.991e+02                1.127e+01                (4)                      1.360e+02                (14)                     none                     
13                       7.502e+03                (16)                     1.958e+01                5.878e+02                1.141e+01                (3)                      1.314e+02                (15)                     none                     
14                       5.519e+03                (13)                     2.283e+01                5.039e+02                1.019e+01                (6)                      1.269e+02                (16)                     none                     
15                       2.134e+03                (7)                      3.671e+01                4.767e+02                5.910e+00                (12)                     1.986e+02                (11)                     none                     
16                       6.412e+03                (14)                     2.118e+01                4.639e+02                1.108e+01                (5)                      1.083e+02                (17)                     none                     
17                       2.805e+03                (9)                      3.202e+01                4.531e+02                6.830e+00                (10)                     1.650e+02                (12)                     none                     
