48-Cd-108_n-tot   PEAKS: ================================================================================================================================================================
Rank by Integral         Energy (eV)              Rank by Energy           TOF (us)                 Integral                 Peak Width               Rank by Peak Width       Peak Height              Rank by Peak Height      Relevant Isotope         
0                        3.117e+02                (1)                      9.605e+01                5.197e+03                3.413e+00                (18)                     4.131e+03                (1)                      none                     
1                        2.336e+02                (0)                      1.109e+02                4.620e+03                2.783e+00                (19)                     4.447e+03                (0)                      none                     
2                        4.482e+03                (13)                     2.533e+01                4.354e+03                3.157e+01                (0)                      5.267e+02                (2)                      none                     
3                        5.121e+03                (16)                     2.370e+01                1.497e+03                1.371e+01                (2)                      2.971e+02                (5)                      none                     
4                        3.085e+03                (5)                      3.053e+01                1.315e+03                9.220e+00                (10)                     3.737e+02                (3)                      none                     
5                        5.972e+03                (19)                     2.194e+01                1.299e+03                1.415e+01                (1)                      2.462e+02                (11)                     none                     
6                        5.391e+03                (18)                     2.310e+01                1.184e+03                1.281e+01                (3)                      2.466e+02                (10)                     none                     
7                        3.340e+03                (6)                      2.934e+01                1.171e+03                9.070e+00                (12)                     3.313e+02                (4)                      none                     
8                        4.592e+03                (14)                     2.503e+01                1.077e+03                1.123e+01                (5)                      2.534e+02                (9)                      none                     
9                        3.524e+03                (7)                      2.857e+01                9.520e+02                9.120e+00                (11)                     2.678e+02                (7)                      none                     
10                       5.274e+03                (17)                     2.335e+01                9.351e+02                1.154e+01                (4)                      2.105e+02                (15)                     none                     
11                       3.692e+03                (8)                      2.791e+01                9.165e+02                9.230e+00                (9)                      2.540e+02                (8)                      none                     
12                       3.771e+03                (9)                      2.761e+01                8.896e+02                8.000e+00                (14)                     2.802e+02                (6)                      none                     
13                       3.881e+03                (10)                     2.722e+01                8.747e+02                9.570e+00                (8)                      2.352e+02                (12)                     none                     
14                       4.243e+03                (12)                     2.603e+01                8.045e+02                9.710e+00                (7)                      2.105e+02                (16)                     none                     
15                       4.981e+03                (15)                     2.403e+01                6.889e+02                1.047e+01                (6)                      1.682e+02                (18)                     none                     
16                       2.591e+03                (2)                      3.332e+01                6.724e+02                7.070e+00                (17)                     2.347e+02                (13)                     none                     
17                       2.652e+03                (3)                      3.293e+01                6.644e+02                7.320e+00                (16)                     2.280e+02                (14)                     none                     
18                       2.851e+03                (4)                      3.176e+01                5.041e+02                7.320e+00                (15)                     1.711e+02                (17)                     none                     
19                       3.960e+03                (11)                     2.695e+01                4.536e+02                8.690e+00                (13)                     1.312e+02                (19)                     none                     
