48-Cd-116_n-tot   PEAKS: ================================================================================================================================================================
Rank by Integral         Energy (eV)              Rank by Energy           TOF (us)                 Integral                 Peak Width               Rank by Peak Width       Peak Height              Rank by Peak Height      Relevant Isotope         
0                        2.363e+03                (5)                      3.488e+01                1.867e+03                8.400e+00                (5)                      5.941e+02                (1)                      none                     
1                        1.049e+03                (1)                      5.236e+01                1.636e+03                4.720e+00                (11)                     8.793e+02                (0)                      none                     
2                        8.826e+03                (12)                     1.805e+01                1.245e+03                1.828e+01                (0)                      1.881e+02                (5)                      none                     
3                        5.302e+03                (10)                     2.329e+01                9.911e+02                1.145e+01                (1)                      2.263e+02                (2)                      none                     
4                        7.349e+03                (11)                     1.978e+01                7.282e+02                1.139e+01                (2)                      1.615e+02                (6)                      none                     
5                        3.654e+03                (7)                      2.805e+01                6.466e+02                8.340e+00                (6)                      1.964e+02                (3)                      none                     
6                        4.876e+03                (8)                      2.429e+01                5.431e+02                9.570e+00                (3)                      1.443e+02                (9)                      none                     
7                        5.074e+03                (9)                      2.381e+01                4.724e+02                8.940e+00                (4)                      1.315e+02                (10)                     none                     
8                        1.969e+03                (4)                      3.821e+01                4.347e+02                5.720e+00                (8)                      1.885e+02                (4)                      none                     
9                        2.652e+03                (6)                      3.293e+01                3.316e+02                6.440e+00                (7)                      1.290e+02                (11)                     none                     
10                       1.385e+03                (2)                      4.557e+01                3.067e+02                4.810e+00                (10)                     1.585e+02                (7)                      none                     
11                       1.567e+03                (3)                      4.284e+01                2.315e+02                5.420e+00                (9)                      1.168e+02                (12)                     none                     
12                       8.893e+02                (0)                      5.687e+01                2.269e+02                3.685e+00                (12)                     1.508e+02                (8)                      none                     
