48-Cd-111_n-tot   PEAKS: ================================================================================================================================================================
Rank by Integral         Energy (eV)              Rank by Energy           TOF (us)                 Integral                 Peak Width               Rank by Peak Width       Peak Height              Rank by Peak Height      Relevant Isotope         
0                        1.643e+02                (4)                      1.323e+02                1.071e+03                1.862e+00                (19)                     1.448e+03                (0)                      none                     
1                        1.743e+03                (22)                     4.061e+01                7.315e+02                5.990e+00                (1)                      3.083e+02                (6)                      none                     
2                        2.335e+02                (6)                      1.110e+02                5.789e+02                2.126e+00                (17)                     6.781e+02                (2)                      none                     
3                        2.757e+01                (0)                      3.230e+02                4.265e+02                8.704e-01                (23)                     1.287e+03                (1)                      none                     
4                        1.632e+03                (21)                     4.198e+01                4.058e+02                5.390e+00                (3)                      1.883e+02                (10)                     none                     
5                        2.252e+02                (5)                      1.130e+02                3.792e+02                2.064e+00                (18)                     4.560e+02                (4)                      none                     
6                        9.949e+01                (2)                      1.700e+02                3.782e+02                1.436e+00                (21)                     6.633e+02                (3)                      none                     
7                        1.582e+03                (19)                     4.263e+01                3.690e+02                5.320e+00                (4)                      1.720e+02                (14)                     none                     
8                        3.562e+02                (8)                      8.985e+01                3.655e+02                2.532e+00                (15)                     3.568e+02                (5)                      none                     
9                        1.618e+03                (20)                     4.215e+01                3.497e+02                6.240e+00                (0)                      1.469e+02                (18)                     none                     
10                       1.788e+03                (23)                     4.010e+01                3.374e+02                5.500e+00                (2)                      1.528e+02                (17)                     none                     
11                       1.218e+03                (17)                     4.860e+01                3.234e+02                4.450e+00                (6)                      1.773e+02                (11)                     none                     
12                       1.253e+03                (18)                     4.791e+01                3.134e+02                4.660e+00                (5)                      1.661e+02                (15)                     none                     
13                       5.762e+02                (11)                     7.065e+01                2.234e+02                3.227e+00                (11)                     1.732e+02                (12)                     none                     
14                       6.228e+02                (13)                     6.795e+01                2.114e+02                3.320e+00                (10)                     1.598e+02                (16)                     none                     
15                       2.757e+02                (7)                      1.021e+02                1.994e+02                2.245e+00                (16)                     2.222e+02                (8)                      none                     
16                       8.098e+02                (15)                     5.959e+01                1.883e+02                3.702e+00                (9)                      1.272e+02                (19)                     none                     
17                       7.910e+02                (14)                     6.030e+01                1.860e+02                3.726e+00                (8)                      1.255e+02                (20)                     none                     
18                       3.892e+02                (9)                      8.596e+01                1.832e+02                2.681e+00                (14)                     1.726e+02                (13)                     none                     
19                       1.382e+02                (3)                      1.443e+02                1.817e+02                1.651e+00                (20)                     2.778e+02                (7)                      none                     
20                       9.659e+02                (16)                     5.457e+01                1.674e+02                4.084e+00                (7)                      1.037e+02                (22)                     none                     
21                       6.039e+02                (12)                     6.901e+01                1.577e+02                3.211e+00                (12)                     1.231e+02                (21)                     none                     
22                       5.405e+02                (10)                     7.294e+01                1.236e+02                3.105e+00                (13)                     1.014e+02                (23)                     none                     
23                       8.619e+01                (1)                      1.827e+02                1.005e+02                1.335e+00                (22)                     1.927e+02                (9)                      none                     
