49-In_n-tot   PEAKS: ================================================================================================================================================================
Rank by Integral         Energy (eV)              Rank by Energy           TOF (us)                 Integral                 Peak Width               Rank by Peak Width       Peak Height              Rank by Peak Height      Relevant Isotope         
0                        1.457e+00                (0)                      1.405e+03                3.017e+03                2.968e-01                (16)                     2.917e+04                (0)                      ['49-In-115_n-tot']      
1                        9.070e+00                (2)                      5.631e+02                2.820e+02                5.010e-01                (14)                     1.489e+03                (1)                      ['49-In-115_n-tot']      
2                        2.056e+02                (10)                     1.183e+02                2.412e+02                1.832e+00                (6)                      3.220e+02                (4)                      ['49-In-115_n-tot']      
3                        2.508e+02                (12)                     1.071e+02                2.395e+02                2.018e+00                (4)                      2.909e+02                (5)                      ['49-In-115_n-tot']      
4                        2.942e+02                (14)                     9.887e+01                2.243e+02                2.766e+00                (0)                      2.041e+02                (11)                     ['49-In-115_n-tot']      
5                        2.240e+02                (11)                     1.133e+02                1.889e+02                1.923e+00                (5)                      2.426e+02                (10)                     ['49-In-115_n-tot']      
6                        1.868e+02                (9)                      1.241e+02                1.821e+02                1.810e+00                (7)                      2.509e+02                (9)                      ['49-In-115_n-tot']      
7                        1.647e+02                (8)                      1.321e+02                1.786e+02                1.674e+00                (8)                      2.639e+02                (8)                      ['49-In-115_n-tot']      
8                        3.961e+01                (5)                      2.694e+02                1.693e+02                8.779e-01                (11)                     4.855e+02                (3)                      ['49-In-115_n-tot']      
9                        8.330e+01                (6)                      1.858e+02                1.383e+02                1.202e+00                (10)                     2.858e+02                (6)                      ['49-In-115_n-tot']      
10                       4.023e+02                (15)                     8.454e+01                1.326e+02                2.715e+00                (2)                      1.255e+02                (13)                     ['49-In-115_n-tot']      
11                       4.116e+02                (16)                     8.358e+01                1.298e+02                2.752e+00                (1)                      1.219e+02                (14)                     ['49-In-115_n-tot']      
12                       3.850e+00                (1)                      8.642e+02                1.249e+02                3.868e-01                (15)                     9.009e+02                (2)                      ['49-In-115_n-tot']      
13                       2.889e+02                (13)                     9.977e+01                1.075e+02                2.256e+00                (3)                      1.214e+02                (15)                     ['49-In-115_n-tot']      
14                       2.273e+01                (4)                      3.557e+02                7.290e+01                6.994e-01                (12)                     2.696e+02                (7)                      ['49-In-115_n-tot']      
15                       9.434e+01                (7)                      1.746e+02                5.073e+01                1.269e+00                (9)                      1.026e+02                (16)                     ['49-In-115_n-tot']      
16                       1.460e+01                (3)                      4.438e+02                3.651e+01                5.657e-01                (13)                     1.693e+02                (12)                     ['49-In-113_n-tot']      
