49-In-113_n-tot   PEAKS: ================================================================================================================================================================
Rank by Integral         Energy (eV)              Rank by Energy           TOF (us)                 Integral                 Peak Width               Rank by Peak Width       Peak Height              Rank by Peak Height      Relevant Isotope         
0                        1.460e+01                (2)                      4.438e+02                8.512e+02                5.657e-01                (19)                     3.815e+03                (0)                      none                     
1                        2.499e+01                (4)                      3.392e+02                6.246e+02                7.441e-01                (17)                     2.136e+03                (1)                      none                     
2                        9.159e+01                (9)                      1.772e+02                5.558e+02                1.297e+00                (11)                     1.058e+03                (4)                      none                     
3                        1.039e+02                (11)                     1.664e+02                4.844e+02                1.373e+00                (10)                     8.708e+02                (5)                      none                     
4                        3.223e+01                (5)                      2.987e+02                4.781e+02                8.124e-01                (14)                     1.482e+03                (3)                      none                     
5                        5.829e+02                (20)                     7.024e+01                3.482e+02                3.153e+00                (0)                      2.718e+02                (12)                     none                     
6                        2.034e+02                (14)                     1.189e+02                3.392e+02                1.892e+00                (6)                      4.416e+02                (7)                      none                     
7                        2.285e+02                (15)                     1.122e+02                2.879e+02                1.994e+00                (4)                      3.558e+02                (10)                     none                     
8                        5.448e+02                (19)                     7.265e+01                2.831e+02                3.075e+00                (1)                      2.285e+02                (15)                     none                     
9                        1.232e+02                (12)                     1.528e+02                2.329e+02                1.467e+00                (9)                      3.918e+02                (9)                      none                     
10                       2.155e+01                (3)                      3.653e+02                2.192e+02                6.814e-01                (18)                     8.168e+02                (6)                      none                     
11                       7.030e+01                (8)                      2.023e+02                1.926e+02                1.128e+00                (13)                     4.224e+02                (8)                      none                     
12                       1.800e+00                (0)                      1.264e+03                1.918e+02                3.163e-01                (21)                     1.724e+03                (2)                      none                     
13                       5.116e+02                (18)                     7.497e+01                1.435e+02                2.871e+00                (3)                      1.239e+02                (19)                     none                     
14                       9.300e+01                (10)                     1.758e+02                1.316e+02                1.220e+00                (12)                     2.798e+02                (11)                     none                     
15                       5.930e+02                (21)                     6.964e+01                1.309e+02                3.065e+00                (2)                      1.074e+02                (21)                     none                     
16                       2.417e+02                (17)                     1.091e+02                1.191e+02                1.987e+00                (5)                      1.500e+02                (18)                     none                     
17                       2.345e+02                (16)                     1.107e+02                1.089e+02                1.822e+00                (7)                      1.505e+02                (17)                     none                     
18                       1.341e+02                (13)                     1.464e+02                6.552e+01                1.497e+00                (8)                      1.106e+02                (20)                     none                     
19                       4.471e+01                (6)                      2.536e+02                5.791e+01                7.600e-01                (16)                     2.315e+02                (14)                     none                     
20                       4.532e+01                (7)                      2.519e+02                5.432e+01                7.645e-01                (15)                     2.210e+02                (16)                     none                     
21                       4.700e+00                (1)                      7.822e+02                3.760e+01                3.953e-01                (20)                     2.602e+02                (13)                     none                     
