50-Sn-120_n-tot   PEAKS: ================================================================================================================================================================
Rank by Integral         Energy (eV)              Rank by Energy           TOF (us)                 Integral                 Peak Width               Rank by Peak Width       Peak Height              Rank by Peak Height      Relevant Isotope         
0                        8.948e+03                (5)                      1.793e+01                2.314e+03                2.740e+01                (0)                      2.470e+02                (2)                      none                     
1                        1.718e+04                (9)                      1.294e+01                1.733e+03                2.460e+01                (2)                      1.967e+02                (3)                      none                     
2                        1.661e+04                (8)                      1.316e+01                1.085e+03                1.950e+01                (5)                      1.473e+02                (5)                      none                     
3                        2.714e+04                (11)                     1.029e+01                9.857e+02                2.630e+01                (1)                      1.027e+02                (11)                     none                     
4                        2.332e+04                (10)                     1.111e+01                9.729e+02                2.400e+01                (3)                      1.109e+02                (7)                      none                     
5                        1.614e+04                (7)                      1.335e+01                8.739e+02                2.380e+01                (4)                      1.051e+02                (9)                      none                     
6                        3.119e+03                (2)                      3.037e+01                8.123e+02                7.690e+00                (9)                      2.665e+02                (1)                      none                     
7                        9.549e+03                (6)                      1.735e+01                5.936e+02                1.420e+01                (6)                      1.114e+02                (6)                      none                     
8                        9.486e+02                (0)                      5.506e+01                4.849e+02                3.817e+00                (11)                     3.094e+02                (0)                      none                     
9                        5.067e+03                (4)                      2.382e+01                3.796e+02                9.370e+00                (7)                      1.046e+02                (10)                     none                     
10                       1.713e+03                (1)                      4.097e+01                3.541e+02                5.150e+00                (10)                     1.701e+02                (4)                      none                     
11                       4.356e+03                (3)                      2.569e+01                3.491e+02                8.370e+00                (8)                      1.053e+02                (8)                      none                     
