50-Sn_n-g   PEAKS: ================================================================================================================================================================
Rank by Integral         Energy (eV)              Rank by Energy           TOF (us)                 Integral                 Peak Width               Rank by Peak Width       Peak Height              Rank by Peak Height      Relevant Isotope         
0                        1.112e+02                (4)                      1.567e+02                1.398e+02                1.444e+00                (6)                      2.401e+02                (0)                      ['50-Sn-116_n-g']        
1                        3.590e+02                (6)                      8.721e+01                1.059e+02                4.450e+00                (2)                      8.000e+01                (1)                      ['50-Sn-118_n-g']        
2                        9.486e+02                (9)                      5.365e+01                4.365e+01                4.854e+00                (0)                      2.628e+01                (6)                      ['50-Sn-120_n-g']        
3                        7.710e+02                (8)                      5.951e+01                4.149e+01                4.771e+00                (1)                      2.320e+01                (7)                      ['50-Sn-118_n-g']        
4                        4.261e+02                (7)                      8.005e+01                2.583e+01                2.792e+00                (3)                      2.301e+01                (8)                      ['50-Sn-120_n-g']        
5                        6.200e+01                (2)                      2.098e+02                2.058e+01                1.339e+00                (7)                      4.112e+01                (3)                      ['50-Sn-124_n-g']        
6                        3.880e+01                (0)                      2.653e+02                1.961e+01                9.447e-01                (9)                      5.342e+01                (2)                      ['50-Sn-117_n-g']        
7                        9.480e+01                (3)                      1.697e+02                1.607e+01                1.485e+00                (4)                      2.763e+01                (5)                      ['50-Sn-112_n-g']        
8                        4.575e+01                (1)                      2.443e+02                1.284e+01                9.757e-01                (8)                      3.337e+01                (4)                      ['50-Sn-118_n-g']        
9                        1.205e+02                (5)                      1.505e+02                1.260e+01                1.469e+00                (5)                      2.116e+01                (9)                      ['50-Sn-117_n-g']        
