50-Sn-117_n-g   PEAKS: ================================================================================================================================================================
Rank by Integral         Energy (eV)              Rank by Energy           TOF (us)                 Integral                 Peak Width               Rank by Peak Width       Peak Height              Rank by Peak Height      Relevant Isotope         
0                        4.207e+02                (7)                      8.055e+01                2.950e+02                2.670e+00                (7)                      2.691e+02                (2)                      none                     
1                        3.880e+01                (0)                      2.653e+02                2.554e+02                9.447e-01                (14)                     6.954e+02                (0)                      none                     
2                        1.962e+02                (3)                      1.180e+02                1.931e+02                1.812e+00                (11)                     2.584e+02                (3)                      none                     
3                        1.205e+02                (1)                      1.505e+02                1.641e+02                1.469e+00                (13)                     2.751e+02                (1)                      none                     
4                        9.961e+02                (12)                     5.235e+01                1.623e+02                4.059e+00                (2)                      9.692e+01                (6)                      none                     
5                        8.129e+02                (10)                     5.795e+01                1.407e+02                3.620e+00                (4)                      9.393e+01                (8)                      none                     
6                        3.416e+02                (4)                      8.939e+01                1.258e+02                2.274e+00                (10)                     1.318e+02                (4)                      none                     
7                        3.576e+02                (5)                      8.738e+01                1.081e+02                2.429e+00                (9)                      1.080e+02                (5)                      none                     
8                        2.084e+03                (14)                     3.619e+01                1.078e+02                5.890e+00                (0)                      4.425e+01                (11)                     none                     
9                        1.488e+03                (13)                     4.283e+01                9.769e+01                4.730e+00                (1)                      4.892e+01                (10)                     none                     
10                       1.239e+02                (2)                      1.484e+02                5.817e+01                1.513e+00                (12)                     9.568e+01                (7)                      none                     
11                       4.590e+02                (8)                      7.712e+01                5.619e+01                2.687e+00                (6)                      5.025e+01                (9)                      none                     
12                       7.894e+02                (9)                      5.881e+01                4.647e+01                3.512e+00                (5)                      3.178e+01                (12)                     none                     
13                       8.645e+02                (11)                     5.620e+01                4.078e+01                3.660e+00                (3)                      2.671e+01                (14)                     none                     
14                       4.000e+02                (6)                      8.261e+01                3.007e+01                2.538e+00                (8)                      2.861e+01                (13)                     none                     
