50-Sn-113_n-g   PEAKS: ================================================================================================================================================================
Rank by Integral         Energy (eV)              Rank by Energy           TOF (us)                 Integral                 Peak Width               Rank by Peak Width       Peak Height              Rank by Peak Height      Relevant Isotope         
0                        8.290e+00                (0)                      5.739e+02                1.151e+03                5.807e-01                (5)                      5.465e+03                (0)                      none                     
1                        5.250e+01                (2)                      2.280e+02                2.871e+02                1.108e+00                (1)                      6.645e+02                (7)                      none                     
2                        2.490e+01                (1)                      3.311e+02                2.075e+02                7.632e-01                (2)                      6.958e+02                (6)                      none                     
3                        3.450e+02                (7)                      8.896e+01                1.391e+02                4.410e-01                (16)                     9.804e+02                (2)                      none                     
4                        2.910e+02                (3)                      9.686e+01                1.383e+02                4.230e-01                (17)                     1.016e+03                (1)                      none                     
5                        4.260e+02                (12)                     8.005e+01                1.320e+02                4.740e-01                (14)                     8.750e+02                (3)                      none                     
6                        4.530e+02                (14)                     7.763e+01                1.276e+02                1.550e+00                (0)                      2.597e+02                (9)                      none                     
7                        3.990e+02                (11)                     8.272e+01                1.174e+02                4.430e-01                (15)                     8.281e+02                (4)                      none                     
8                        3.180e+02                (6)                      9.266e+01                1.003e+02                4.100e-01                (18)                     7.655e+02                (5)                      none                     
9                        3.720e+02                (8)                      8.567e+01                7.360e+01                5.560e-01                (13)                     4.145e+02                (8)                      none                     
10                       3.100e+02                (5)                      9.384e+01                1.987e+01                5.780e-01                (7)                      1.087e+02                (11)                     none                     
11                       4.800e+02                (17)                     7.542e+01                1.969e+01                3.650e-01                (19)                     1.688e+02                (10)                     none                     
12                       3.900e+02                (10)                     8.367e+01                1.811e+01                6.010e-01                (3)                      9.503e+01                (12)                     none                     
13                       5.000e+02                (19)                     7.389e+01                1.694e+01                5.700e-01                (9)                      9.304e+01                (13)                     none                     
14                       3.800e+02                (9)                      8.476e+01                1.250e+01                5.780e-01                (6)                      6.771e+01                (15)                     none                     
15                       3.000e+02                (4)                      9.540e+01                1.237e+01                5.640e-01                (10)                     6.897e+01                (14)                     none                     
16                       4.400e+02                (13)                     7.877e+01                1.120e+01                5.630e-01                (11)                     6.250e+01                (16)                     none                     
17                       4.600e+02                (15)                     7.704e+01                1.071e+01                5.620e-01                (12)                     6.002e+01                (17)                     none                     
18                       4.700e+02                (16)                     7.622e+01                8.015e+00                5.850e-01                (4)                      4.368e+01                (18)                     none                     
19                       4.900e+02                (18)                     7.464e+01                5.108e+00                5.750e-01                (8)                      2.811e+01                (19)                     none                     
