51-Sb-121_n-g   PEAKS: ================================================================================================================================================================
Rank by Integral         Energy (eV)              Rank by Energy           TOF (us)                 Integral                 Peak Width               Rank by Peak Width       Peak Height              Rank by Peak Height      Relevant Isotope         
0                        1.539e+01                (1)                      4.212e+02                6.541e+02                6.231e-01                (11)                     2.749e+03                (1)                      none                     
1                        6.240e+00                (0)                      6.615e+02                4.974e+02                4.557e-01                (12)                     2.966e+03                (0)                      none                     
2                        1.267e+02                (7)                      1.468e+02                2.992e+02                1.476e+00                (5)                      4.992e+02                (3)                      none                     
3                        2.960e+01                (2)                      3.037e+02                2.758e+02                7.737e-01                (10)                     9.009e+02                (2)                      none                     
4                        1.497e+02                (10)                     1.350e+02                2.670e+02                1.600e+00                (2)                      4.097e+02                (4)                      none                     
5                        4.538e+02                (12)                     7.756e+01                1.909e+02                2.884e+00                (0)                      1.652e+02                (11)                     none                     
6                        7.377e+01                (4)                      1.924e+02                1.622e+02                1.171e+00                (6)                      3.458e+02                (6)                      none                     
7                        1.442e+02                (9)                      1.376e+02                1.386e+02                1.562e+00                (3)                      2.180e+02                (7)                      none                     
8                        1.669e+02                (11)                     1.279e+02                1.364e+02                1.679e+00                (1)                      1.993e+02                (10)                     none                     
9                        1.318e+02                (8)                      1.439e+02                1.308e+02                1.496e+00                (4)                      2.153e+02                (8)                      none                     
10                       8.960e+01                (5)                      1.746e+02                1.180e+02                1.024e+00                (7)                      3.780e+02                (5)                      none                     
11                       5.354e+01                (3)                      2.258e+02                6.327e+01                9.891e-01                (8)                      1.590e+02                (12)                     none                     
12                       9.025e+01                (6)                      1.739e+02                3.207e+01                8.876e-01                (9)                      2.152e+02                (9)                      none                     
