51-Sb-123_n-tot   PEAKS: ================================================================================================================================================================
Rank by Integral         Energy (eV)              Rank by Energy           TOF (us)                 Integral                 Peak Width               Rank by Peak Width       Peak Height              Rank by Peak Height      Relevant Isotope         
0                        2.138e+01                (0)                      3.667e+02                2.207e+03                7.599e-01                (16)                     7.716e+03                (0)                      none                     
1                        1.049e+02                (3)                      1.656e+02                8.724e+02                1.408e+00                (13)                     1.561e+03                (1)                      none                     
2                        8.717e+02                (11)                     5.744e+01                4.112e+02                3.802e+00                (4)                      2.684e+02                (5)                      none                     
3                        7.465e+02                (9)                      6.206e+01                3.646e+02                3.573e+00                (7)                      2.553e+02                (6)                      none                     
4                        1.795e+03                (15)                     4.003e+01                3.347e+02                5.490e+00                (1)                      1.527e+02                (11)                     none                     
5                        2.000e+03                (16)                     3.792e+01                3.153e+02                5.960e+00                (0)                      1.352e+02                (12)                     none                     
6                        1.482e+03                (13)                     4.405e+01                2.570e+02                4.710e+00                (3)                      1.336e+02                (13)                     none                     
7                        8.391e+02                (10)                     5.854e+01                2.249e+02                3.599e+00                (6)                      1.547e+02                (10)                     none                     
8                        1.917e+02                (4)                      1.225e+02                2.164e+02                1.772e+00                (12)                     3.027e+02                (2)                      none                     
9                        1.697e+03                (14)                     4.116e+01                2.096e+02                5.120e+00                (2)                      1.025e+02                (16)                     none                     
10                       3.236e+02                (7)                      9.427e+01                2.026e+02                2.254e+00                (9)                      2.220e+02                (7)                      none                     
11                       8.848e+02                (12)                     5.701e+01                1.743e+02                3.663e+00                (5)                      1.196e+02                (15)                     none                     
12                       2.405e+02                (5)                      1.094e+02                1.483e+02                1.997e+00                (11)                     1.862e+02                (8)                      none                     
13                       2.993e+02                (6)                      9.803e+01                1.460e+02                2.203e+00                (10)                     1.658e+02                (9)                      none                     
14                       7.670e+01                (2)                      1.936e+02                1.286e+02                1.182e+00                (14)                     2.751e+02                (3)                      none                     
15                       3.943e+02                (8)                      8.540e+01                1.224e+02                2.451e+00                (8)                      1.244e+02                (14)                     none                     
16                       5.050e+01                (1)                      2.386e+02                1.027e+02                9.535e-01                (15)                     2.717e+02                (4)                      none                     
