52-Te-123_n-g   PEAKS: ================================================================================================================================================================
Rank by Integral         Energy (eV)              Rank by Energy           TOF (us)                 Integral                 Peak Width               Rank by Peak Width       Peak Height              Rank by Peak Height      Relevant Isotope         
0                        2.334e+00                (0)                      1.082e+03                8.299e+03                4.219e-01                (24)                     5.772e+04                (0)                      none                     
1                        2.410e+01                (1)                      3.366e+02                1.363e+03                8.991e-01                (22)                     4.124e+03                (1)                      none                     
2                        1.586e+02                (7)                      1.312e+02                9.502e+02                1.875e+00                (17)                     1.302e+03                (4)                      none                     
3                        1.327e+02                (6)                      1.434e+02                8.899e+02                1.768e+00                (18)                     1.311e+03                (3)                      none                     
4                        3.634e+02                (13)                     8.668e+01                5.157e+02                2.719e+00                (9)                      4.823e+02                (5)                      none                     
5                        3.590e+01                (2)                      2.758e+02                5.141e+02                8.701e-01                (23)                     1.509e+03                (2)                      none                     
6                        3.417e+02                (12)                     8.939e+01                3.476e+02                2.424e+00                (13)                     3.541e+02                (7)                      none                     
7                        3.175e+02                (10)                     9.273e+01                3.082e+02                2.975e+00                (6)                      2.757e+02                (9)                      none                     
8                        6.080e+02                (19)                     6.701e+01                2.626e+02                3.184e+00                (5)                      2.026e+02                (13)                     none                     
9                        2.748e+02                (9)                      9.967e+01                2.500e+02                2.057e+00                (16)                     2.937e+02                (8)                      none                     
10                       6.644e+02                (20)                     6.410e+01                2.417e+02                3.320e+00                (4)                      1.783e+02                (15)                     none                     
11                       3.745e+02                (14)                     8.538e+01                2.371e+02                2.475e+00                (12)                     2.344e+02                (11)                     none                     
12                       2.353e+02                (8)                      1.077e+02                2.357e+02                2.217e+00                (15)                     2.716e+02                (10)                     none                     
13                       4.366e+02                (16)                     7.908e+01                2.128e+02                2.650e+00                (10)                     1.956e+02                (14)                     none                     
14                       9.680e+01                (4)                      1.679e+02                2.043e+02                1.363e+00                (20)                     3.768e+02                (6)                      none                     
15                       4.676e+02                (17)                     7.641e+01                1.935e+02                2.735e+00                (8)                      1.722e+02                (17)                     none                     
16                       4.095e+02                (15)                     8.165e+01                1.777e+02                2.538e+00                (11)                     1.696e+02                (19)                     none                     
17                       9.974e+02                (23)                     5.232e+01                1.732e+02                4.014e+00                (0)                      1.052e+02                (23)                     none                     
18                       9.180e+02                (22)                     5.453e+01                1.705e+02                3.840e+00                (2)                      1.082e+02                (21)                     none                     
19                       1.074e+03                (24)                     5.042e+01                1.679e+02                3.950e+00                (1)                      1.005e+02                (24)                     none                     
20                       3.346e+02                (11)                     9.033e+01                1.623e+02                2.317e+00                (14)                     1.709e+02                (18)                     none                     
21                       8.547e+02                (21)                     5.652e+01                1.593e+02                3.643e+00                (3)                      1.057e+02                (22)                     none                     
22                       4.983e+02                (18)                     7.402e+01                1.432e+02                2.808e+00                (7)                      1.241e+02                (20)                     none                     
23                       1.199e+02                (5)                      1.509e+02                1.243e+02                1.451e+00                (19)                     2.122e+02                (12)                     none                     
24                       7.310e+01                (3)                      1.933e+02                8.247e+01                1.175e+00                (21)                     1.759e+02                (16)                     none                     
