52-Te-125_n-g   PEAKS: ================================================================================================================================================================
Rank by Integral         Energy (eV)              Rank by Energy           TOF (us)                 Integral                 Peak Width               Rank by Peak Width       Peak Height              Rank by Peak Height      Relevant Isotope         
0                        2.897e+02                (5)                      9.708e+01                5.546e+02                2.346e+00                (8)                      5.949e+02                (0)                      none                     
1                        2.628e+02                (4)                      1.019e+02                5.013e+02                2.224e+00                (10)                     5.657e+02                (1)                      none                     
2                        2.159e+02                (2)                      1.125e+02                3.952e+02                1.963e+00                (12)                     5.007e+02                (2)                      none                     
3                        1.349e+02                (1)                      1.423e+02                3.059e+02                1.583e+00                (13)                     4.858e+02                (3)                      none                     
4                        7.809e+02                (11)                     5.913e+01                2.801e+02                3.716e+00                (3)                      1.874e+02                (5)                      none                     
5                        1.000e+03                (13)                     5.225e+01                2.421e+02                4.274e+00                (1)                      1.415e+02                (8)                      none                     
6                        7.005e+02                (10)                     6.243e+01                2.253e+02                3.356e+00                (4)                      1.637e+02                (6)                      none                     
7                        9.375e+02                (12)                     5.396e+01                1.975e+02                3.971e+00                (2)                      1.226e+02                (11)                     none                     
8                        1.076e+03                (14)                     5.037e+01                1.765e+02                4.310e+00                (0)                      1.015e+02                (14)                     none                     
9                        6.825e+02                (9)                      6.325e+01                1.592e+02                3.314e+00                (5)                      1.177e+02                (12)                     none                     
10                       2.307e+02                (3)                      1.088e+02                1.311e+02                1.991e+00                (11)                     1.633e+02                (7)                      none                     
11                       3.978e+02                (7)                      8.284e+01                1.307e+02                2.494e+00                (7)                      1.274e+02                (10)                     none                     
12                       3.220e+02                (6)                      9.208e+01                1.250e+02                2.344e+00                (9)                      1.318e+02                (9)                      none                     
13                       4.265e+02                (8)                      8.001e+01                1.237e+02                2.745e+00                (6)                      1.150e+02                (13)                     none                     
14                       2.630e+01                (0)                      3.222e+02                6.185e+01                7.561e-01                (14)                     2.104e+02                (4)                      none                     
