53-I-127_n-tot   PEAKS: ================================================================================================================================================================
Rank by Integral         Energy (eV)              Rank by Energy           TOF (us)                 Integral                 Peak Width               Rank by Peak Width       Peak Height              Rank by Peak Height      Relevant Isotope         
0                        3.774e+01                (2)                      2.760e+02                2.223e+03                9.246e-01                (55)                     6.242e+03                (0)                      none                     
1                        3.125e+01                (1)                      3.034e+02                1.267e+03                9.787e-01                (52)                     3.512e+03                (1)                      none                     
2                        1.203e+03                (37)                     4.888e+01                1.022e+03                5.250e+00                (0)                      5.092e+02                (10)                     none                     
3                        1.687e+02                (7)                      1.306e+02                1.018e+03                1.884e+00                (38)                     1.391e+03                (3)                      none                     
4                        1.954e+02                (8)                      1.213e+02                9.610e+02                1.967e+00                (36)                     1.246e+03                (5)                      none                     
5                        3.862e+02                (15)                     8.629e+01                9.208e+02                2.859e+00                (20)                     8.308e+02                (7)                      none                     
6                        4.540e+01                (3)                      2.517e+02                8.008e+02                1.048e+00                (50)                     2.005e+03                (2)                      none                     
7                        7.092e+02                (27)                     6.368e+01                7.087e+02                3.610e+00                (11)                     4.961e+02                (11)                     none                     
8                        7.854e+01                (4)                      1.914e+02                6.605e+02                1.234e+00                (47)                     1.357e+03                (4)                      none                     
9                        3.749e+02                (14)                     8.758e+01                5.711e+02                2.627e+00                (27)                     5.483e+02                (9)                      none                     
10                       1.397e+02                (6)                      1.435e+02                5.574e+02                1.636e+00                (40)                     8.648e+02                (6)                      none                     
11                       1.080e+03                (35)                     5.160e+01                4.755e+02                4.240e+00                (4)                      2.796e+02                (37)                     none                     
12                       4.270e+02                (17)                     8.206e+01                4.678e+02                2.760e+00                (21)                     4.275e+02                (16)                     none                     
13                       1.551e+03                (40)                     4.306e+01                4.434e+02                5.130e+00                (2)                      2.174e+02                (55)                     none                     
14                       5.660e+02                (24)                     7.128e+01                4.093e+02                3.109e+00                (17)                     3.291e+02                (29)                     none                     
15                       7.630e+02                (30)                     6.139e+01                4.040e+02                3.661e+00                (10)                     2.799e+02                (36)                     none                     
16                       1.956e+03                (44)                     3.834e+01                4.003e+02                2.620e+00                (28)                     4.873e+02                (12)                     none                     
17                       9.039e+01                (5)                      1.784e+02                3.967e+02                1.292e+00                (43)                     7.767e+02                (8)                      none                     
18                       7.450e+02                (29)                     6.213e+01                3.780e+02                3.473e+00                (13)                     2.714e+02                (40)                     none                     
19                       2.374e+02                (10)                     1.101e+02                3.678e+02                2.017e+00                (34)                     4.573e+02                (14)                     none                     
20                       2.896e+03                (88)                     3.151e+01                3.453e+02                2.320e+00                (31)                     4.661e+02                (13)                     none                     
21                       4.012e+03                (129)                    2.677e+01                3.402e+02                2.500e+00                (30)                     4.234e+02                (17)                     none                     
22                       8.346e+02                (32)                     5.870e+01                3.180e+02                3.747e+00                (9)                      2.146e+02                (57)                     none                     
23                       2.064e+02                (9)                      1.180e+02                3.005e+02                1.924e+00                (37)                     3.963e+02                (22)                     none                     
24                       1.007e+03                (34)                     5.343e+01                2.769e+02                3.940e+00                (7)                      1.747e+02                (84)                     none                     
25                       2.654e+02                (12)                     1.041e+02                2.738e+02                2.098e+00                (33)                     3.265e+02                (30)                     none                     
26                       9.558e+02                (33)                     5.485e+01                2.641e+02                3.879e+00                (8)                      1.704e+02                (86)                     none                     
27                       3.867e+03                (123)                    2.727e+01                2.580e+02                3.150e+00                (16)                     2.554e+02                (44)                     none                     
28                       5.335e+02                (23)                     7.342e+01                2.547e+02                2.927e+00                (19)                     2.174e+02                (54)                     none                     
29                       7.026e+02                (26)                     6.398e+01                2.523e+02                3.303e+00                (15)                     1.880e+02                (71)                     none                     
30                       7.315e+02                (28)                     6.270e+01                2.393e+02                3.453e+00                (14)                     1.749e+02                (83)                     none                     
31                       1.117e+03                (36)                     5.074e+01                2.365e+02                4.040e+00                (6)                      1.444e+02                (100)                    none                     
32                       4.351e+02                (18)                     8.130e+01                2.286e+02                2.648e+00                (26)                     2.173e+02                (56)                     none                     
33                       1.518e+03                (39)                     4.352e+01                2.215e+02                5.050e+00                (3)                      1.128e+02                (118)                    none                     
34                       1.867e+03                (41)                     3.925e+01                2.162e+02                5.220e+00                (1)                      1.072e+02                (123)                    none                     
35                       3.920e+03                (126)                    2.708e+01                2.062e+02                1.840e+00                (39)                     3.403e+02                (27)                     none                     
36                       2.192e+03                (55)                     3.622e+01                1.905e+02                1.570e+00                (41)                     3.887e+02                (24)                     none                     
37                       4.484e+02                (19)                     8.008e+01                1.875e+02                2.671e+00                (25)                     1.769e+02                (79)                     none                     
38                       2.018e+03                (49)                     3.775e+01                1.799e+02                1.290e+00                (44)                     4.195e+02                (18)                     none                     
39                       6.193e+02                (25)                     6.814e+01                1.678e+02                3.109e+00                (18)                     1.354e+02                (104)                    none                     
40                       1.215e+03                (38)                     4.864e+01                1.668e+02                4.200e+00                (5)                      1.035e+02                (126)                    none                     
41                       8.139e+02                (31)                     5.944e+01                1.542e+02                3.476e+00                (12)                     1.113e+02                (119)                    none                     
42                       3.274e+03                (100)                    2.964e+01                1.434e+02                1.290e+00                (45)                     3.400e+02                (28)                     none                     
43                       2.797e+03                (82)                     3.206e+01                1.386e+02                1.400e+00                (42)                     3.166e+02                (31)                     none                     
44                       4.995e+02                (20)                     7.587e+01                1.383e+02                2.740e+00                (22)                     1.260e+02                (109)                    none                     
45                       2.948e+03                (89)                     3.123e+01                1.332e+02                1.000e+00                (51)                     3.995e+02                (21)                     none                     
46                       5.155e+02                (21)                     7.469e+01                1.324e+02                2.680e+00                (24)                     1.221e+02                (113)                    none                     
47                       2.428e+03                (67)                     3.441e+01                1.241e+02                9.500e-01                (53)                     4.085e+02                (20)                     none                     
48                       5.183e+02                (22)                     7.449e+01                1.237e+02                2.684e+00                (23)                     1.167e+02                (117)                    none                     
49                       2.002e+03                (48)                     3.790e+01                1.236e+02                1.070e+00                (48)                     3.713e+02                (25)                     none                     
50                       2.282e+03                (59)                     3.550e+01                1.114e+02                8.000e-01                (61)                     4.159e+02                (19)                     none                     
51                       2.096e+03                (52)                     3.704e+01                1.107e+02                8.000e-01                (60)                     4.295e+02                (15)                     none                     
52                       4.203e+02                (16)                     8.271e+01                1.069e+02                2.535e+00                (29)                     1.059e+02                (125)                    none                     
53                       2.043e+01                (0)                      3.751e+02                1.053e+02                7.188e-01                (66)                     3.908e+02                (23)                     none                     
54                       3.110e+02                (13)                     9.616e+01                1.024e+02                2.191e+00                (32)                     1.177e+02                (116)                    none                     
55                       3.666e+03                (115)                    2.801e+01                9.767e+01                1.240e+00                (46)                     2.420e+02                (47)                     none                     
56                       3.821e+03                (121)                    2.743e+01                9.682e+01                1.060e+00                (49)                     2.833e+02                (34)                     none                     
57                       2.449e+02                (11)                     1.084e+02                8.309e+01                1.968e+00                (35)                     1.083e+02                (122)                    none                     
58                       3.874e+03                (124)                    2.725e+01                7.869e+01                9.100e-01                (57)                     2.702e+02                (41)                     none                     
59                       2.394e+03                (65)                     3.466e+01                7.841e+01                7.200e-01                (65)                     3.427e+02                (26)                     none                     
60                       3.354e+03                (102)                    2.928e+01                7.820e+01                7.500e-01                (63)                     3.111e+02                (32)                     none                     
61                       3.957e+03                (128)                    2.696e+01                7.389e+01                9.300e-01                (54)                     2.462e+02                (46)                     none                     
62                       2.412e+03                (66)                     3.453e+01                6.944e+01                7.800e-01                (62)                     2.716e+02                (39)                     none                     
63                       3.180e+03                (97)                     3.007e+01                6.426e+01                9.000e-01                (58)                     2.215e+02                (52)                     none                     
64                       1.974e+03                (46)                     3.817e+01                5.864e+01                6.400e-01                (78)                     2.818e+02                (35)                     none                     
65                       3.475e+03                (106)                    2.877e+01                5.728e+01                7.100e-01                (68)                     2.633e+02                (42)                     none                     
66                       3.898e+03                (125)                    2.716e+01                5.509e+01                9.100e-01                (56)                     1.830e+02                (75)                     none                     
67                       2.149e+03                (54)                     3.658e+01                5.492e+01                5.800e-01                (82)                     2.976e+02                (33)                     none                     
68                       3.302e+03                (101)                    2.951e+01                5.354e+01                7.000e-01                (69)                     2.410e+02                (49)                     none                     
69                       2.057e+03                (50)                     3.739e+01                5.239e+01                6.400e-01                (77)                     2.594e+02                (43)                     none                     
70                       3.529e+03                (109)                    2.855e+01                5.210e+01                8.800e-01                (59)                     1.848e+02                (72)                     none                     
71                       2.830e+03                (84)                     3.188e+01                4.959e+01                6.100e-01                (79)                     2.512e+02                (45)                     none                     
72                       2.083e+03                (51)                     3.716e+01                4.899e+01                5.700e-01                (87)                     2.766e+02                (38)                     none                     
73                       3.135e+03                (95)                     3.029e+01                4.780e+01                6.500e-01                (75)                     2.198e+02                (53)                     none                     
74                       3.853e+03                (122)                    2.732e+01                4.719e+01                6.900e-01                (70)                     2.115e+02                (61)                     none                     
75                       3.096e+03                (94)                     3.048e+01                4.222e+01                6.800e-01                (71)                     1.911e+02                (69)                     none                     
76                       3.709e+03                (117)                    2.784e+01                4.099e+01                6.700e-01                (72)                     1.973e+02                (66)                     none                     
77                       2.740e+03                (78)                     3.240e+01                4.068e+01                6.600e-01                (73)                     1.965e+02                (67)                     none                     
78                       3.148e+03                (96)                     3.022e+01                4.035e+01                5.700e-01                (88)                     2.267e+02                (51)                     none                     
79                       2.992e+03                (90)                     3.100e+01                4.032e+01                6.500e-01                (76)                     1.911e+02                (70)                     none                     
80                       3.687e+03                (116)                    2.793e+01                3.893e+01                5.600e-01                (90)                     2.138e+02                (58)                     none                     
81                       3.565e+03                (110)                    2.840e+01                3.849e+01                7.300e-01                (64)                     1.697e+02                (87)                     none                     
82                       1.925e+03                (42)                     3.865e+01                3.843e+01                5.000e-01                (107)                    2.415e+02                (48)                     none                     
83                       2.354e+03                (63)                     3.495e+01                3.722e+01                5.100e-01                (100)                    2.274e+02                (50)                     none                     
84                       3.439e+03                (104)                    2.892e+01                3.707e+01                6.500e-01                (74)                     1.762e+02                (81)                     none                     
85                       2.735e+03                (77)                     3.243e+01                3.541e+01                5.500e-01                (93)                     2.051e+02                (65)                     none                     
86                       2.660e+03                (75)                     3.288e+01                3.534e+01                5.300e-01                (97)                     2.096e+02                (62)                     none                     
87                       2.605e+03                (74)                     3.323e+01                3.531e+01                5.100e-01                (102)                    2.129e+02                (59)                     none                     
88                       2.289e+03                (60)                     3.544e+01                3.494e+01                5.300e-01                (98)                     2.121e+02                (60)                     none                     
89                       2.543e+03                (72)                     3.363e+01                3.378e+01                5.100e-01                (104)                    2.069e+02                (63)                     none                     
90                       2.535e+03                (71)                     3.368e+01                3.348e+01                5.800e-01                (84)                     1.831e+02                (74)                     none                     
91                       2.758e+03                (79)                     3.229e+01                3.346e+01                5.700e-01                (85)                     1.792e+02                (77)                     none                     
92                       2.480e+03                (70)                     3.405e+01                3.314e+01                5.300e-01                (99)                     1.941e+02                (68)                     none                     
93                       2.554e+03                (73)                     3.356e+01                3.280e+01                4.900e-01                (111)                    2.067e+02                (64)                     none                     
94                       3.576e+03                (111)                    2.836e+01                3.274e+01                5.800e-01                (83)                     1.790e+02                (78)                     none                     
95                       3.641e+03                (114)                    2.810e+01                3.216e+01                7.100e-01                (67)                     1.427e+02                (101)                    none                     
96                       3.619e+03                (113)                    2.819e+01                3.209e+01                5.300e-01                (96)                     1.832e+02                (73)                     none                     
97                       2.852e+03                (85)                     3.175e+01                3.188e+01                5.500e-01                (92)                     1.762e+02                (80)                     none                     
98                       3.503e+03                (108)                    2.865e+01                2.993e+01                5.000e-01                (105)                    1.796e+02                (76)                     none                     
99                       3.241e+03                (98)                     2.979e+01                2.857e+01                5.100e-01                (103)                    1.733e+02                (85)                     none                     
100                      3.487e+03                (107)                    2.872e+01                2.811e+01                5.400e-01                (94)                     1.669e+02                (89)                     none                     
101                      3.933e+03                (127)                    2.704e+01                2.700e+01                5.100e-01                (101)                    1.648e+02                (90)                     none                     
102                      2.812e+03                (83)                     3.198e+01                2.647e+01                5.600e-01                (89)                     1.520e+02                (97)                     none                     
103                      3.252e+03                (99)                     2.974e+01                2.563e+01                5.600e-01                (91)                     1.519e+02                (98)                     none                     
104                      3.721e+03                (118)                    2.780e+01                2.526e+01                5.400e-01                (95)                     1.490e+02                (99)                     none                     
105                      2.473e+03                (69)                     3.410e+01                2.493e+01                4.900e-01                (112)                    1.673e+02                (88)                     none                     
106                      1.942e+03                (43)                     3.848e+01                2.487e+01                4.500e-01                (121)                    1.749e+02                (82)                     none                     
107                      2.295e+03                (61)                     3.540e+01                2.476e+01                4.900e-01                (110)                    1.607e+02                (93)                     none                     
108                      3.762e+03                (119)                    2.765e+01                2.388e+01                6.000e-01                (80)                     1.272e+02                (107)                    none                     
109                      2.778e+03                (81)                     3.217e+01                2.373e+01                4.800e-01                (115)                    1.583e+02                (94)                     none                     
110                      3.601e+03                (112)                    2.826e+01                2.370e+01                5.900e-01                (81)                     1.295e+02                (105)                    none                     
111                      2.698e+03                (76)                     3.265e+01                2.283e+01                4.300e-01                (126)                    1.626e+02                (92)                     none                     
112                      1.991e+03                (47)                     3.801e+01                2.248e+01                4.200e-01                (127)                    1.642e+02                (91)                     none                     
113                      2.203e+03                (56)                     3.613e+01                2.171e+01                4.700e-01                (117)                    1.529e+02                (96)                     none                     
114                      2.208e+03                (57)                     3.609e+01                2.109e+01                4.500e-01                (122)                    1.530e+02                (95)                     none                     
115                      3.058e+03                (92)                     3.067e+01                2.093e+01                4.700e-01                (116)                    1.419e+02                (102)                    none                     
116                      3.451e+03                (105)                    2.887e+01                2.072e+01                5.700e-01                (86)                     1.201e+02                (115)                    none                     
117                      3.372e+03                (103)                    2.920e+01                1.885e+01                4.900e-01                (113)                    1.246e+02                (110)                    none                     
118                      2.250e+03                (58)                     3.575e+01                1.830e+01                4.300e-01                (125)                    1.355e+02                (103)                    none                     
119                      2.450e+03                (68)                     3.426e+01                1.821e+01                4.600e-01                (118)                    1.295e+02                (106)                    none                     
120                      2.770e+03                (80)                     3.222e+01                1.766e+01                4.500e-01                (123)                    1.271e+02                (108)                    none                     
121                      2.341e+03                (62)                     3.505e+01                1.762e+01                4.600e-01                (119)                    1.229e+02                (111)                    none                     
122                      2.368e+03                (64)                     3.485e+01                1.761e+01                4.600e-01                (120)                    1.222e+02                (112)                    none                     
123                      2.891e+03                (87)                     3.154e+01                1.699e+01                4.900e-01                (109)                    1.091e+02                (120)                    none                     
124                      2.864e+03                (86)                     3.169e+01                1.648e+01                5.000e-01                (106)                    1.091e+02                (121)                    none                     
125                      3.796e+03                (120)                    2.752e+01                1.575e+01                4.900e-01                (108)                    1.008e+02                (128)                    none                     
126                      2.125e+03                (53)                     3.679e+01                1.567e+01                4.200e-01                (128)                    1.202e+02                (114)                    none                     
127                      3.009e+03                (91)                     3.091e+01                1.560e+01                4.800e-01                (114)                    1.064e+02                (124)                    none                     
128                      1.967e+03                (45)                     3.824e+01                1.319e+01                4.300e-01                (124)                    1.011e+02                (127)                    none                     
129                      3.078e+03                (93)                     3.057e+01                1.316e+01                4.200e-01                (129)                    1.003e+02                (129)                    none                     
