53-I-127_n-g   PEAKS: ================================================================================================================================================================
Rank by Integral         Energy (eV)              Rank by Energy           TOF (us)                 Integral                 Peak Width               Rank by Peak Width       Peak Height              Rank by Peak Height      Relevant Isotope         
0                        3.774e+01                (2)                      2.690e+02                1.199e+03                9.259e-01                (24)                     3.364e+03                (0)                      none                     
1                        3.125e+01                (1)                      2.956e+02                1.055e+03                9.787e-01                (22)                     2.922e+03                (1)                      none                     
2                        4.540e+01                (3)                      2.452e+02                6.718e+02                1.056e+00                (20)                     1.672e+03                (2)                      none                     
3                        1.687e+02                (7)                      1.272e+02                4.976e+02                1.870e+00                (15)                     6.806e+02                (4)                      none                     
4                        7.853e+01                (4)                      1.865e+02                4.922e+02                1.232e+00                (19)                     1.009e+03                (3)                      none                     
5                        1.397e+02                (6)                      1.398e+02                4.381e+02                1.647e+00                (16)                     6.753e+02                (5)                      none                     
6                        1.954e+02                (8)                      1.182e+02                4.079e+02                1.972e+00                (13)                     5.269e+02                (7)                      none                     
7                        9.038e+01                (5)                      1.738e+02                3.415e+02                1.279e+00                (18)                     6.674e+02                (6)                      none                     
8                        3.862e+02                (14)                     8.408e+01                2.908e+02                2.852e+00                (5)                      2.616e+02                (11)                     none                     
9                        2.374e+02                (10)                     1.072e+02                2.699e+02                1.978e+00                (12)                     3.352e+02                (9)                      none                     
10                       3.749e+02                (13)                     8.534e+01                2.549e+02                2.653e+00                (8)                      2.429e+02                (13)                     none                     
11                       2.064e+02                (9)                      1.150e+02                2.505e+02                1.919e+00                (14)                     3.260e+02                (10)                     none                     
12                       7.092e+02                (21)                     6.204e+01                2.283e+02                3.596e+00                (0)                      1.592e+02                (21)                     none                     
13                       4.270e+02                (15)                     7.996e+01                2.172e+02                2.752e+00                (6)                      1.972e+02                (14)                     none                     
14                       2.654e+02                (11)                     1.014e+02                2.115e+02                2.082e+00                (11)                     2.498e+02                (12)                     none                     
15                       7.450e+02                (22)                     6.054e+01                1.774e+02                3.470e+00                (1)                      1.254e+02                (36)                     none                     
16                       5.660e+02                (19)                     6.945e+01                1.749e+02                3.107e+00                (3)                      1.398e+02                (25)                     none                     
17                       7.026e+02                (20)                     6.234e+01                1.485e+02                3.313e+00                (2)                      1.099e+02                (49)                     none                     
18                       4.351e+02                (16)                     7.921e+01                1.466e+02                2.639e+00                (9)                      1.362e+02                (27)                     none                     
19                       5.335e+02                (18)                     7.154e+01                1.445e+02                2.922e+00                (4)                      1.210e+02                (39)                     none                     
20                       4.484e+02                (17)                     7.803e+01                1.278e+02                2.673e+00                (7)                      1.172e+02                (41)                     none                     
21                       2.043e+01                (0)                      3.655e+02                1.043e+02                7.188e-01                (30)                     3.840e+02                (8)                      none                     
22                       3.110e+02                (12)                     9.369e+01                9.089e+01                2.187e+00                (10)                     1.009e+02                (64)                     none                     
23                       2.096e+03                (31)                     3.609e+01                4.542e+01                7.700e-01                (27)                     1.796e+02                (15)                     none                     
24                       2.428e+03                (42)                     3.353e+01                4.409e+01                9.300e-01                (23)                     1.469e+02                (23)                     none                     
25                       2.018e+03                (28)                     3.678e+01                4.271e+01                1.280e+00                (17)                     1.001e+02                (66)                     none                     
26                       2.282e+03                (36)                     3.459e+01                4.202e+01                7.700e-01                (28)                     1.607e+02                (19)                     none                     
27                       2.002e+03                (27)                     3.693e+01                3.959e+01                9.900e-01                (21)                     1.222e+02                (37)                     none                     
28                       2.394e+03                (40)                     3.377e+01                3.707e+01                7.100e-01                (31)                     1.607e+02                (20)                     none                     
29                       2.149e+03                (32)                     3.564e+01                3.187e+01                5.700e-01                (39)                     1.736e+02                (16)                     none                     
30                       2.083e+03                (30)                     3.620e+01                3.027e+01                5.400e-01                (46)                     1.724e+02                (17)                     none                     
31                       1.974e+03                (25)                     3.719e+01                3.008e+01                6.600e-01                (34)                     1.396e+02                (26)                     none                     
32                       2.412e+03                (41)                     3.364e+01                2.843e+01                7.800e-01                (26)                     1.108e+02                (48)                     none                     
33                       2.057e+03                (29)                     3.643e+01                2.814e+01                6.600e-01                (35)                     1.336e+02                (33)                     none                     
34                       1.925e+03                (23)                     3.766e+01                2.784e+01                5.300e-01                (53)                     1.677e+02                (18)                     none                     
35                       2.830e+03                (54)                     3.106e+01                2.751e+01                6.300e-01                (36)                     1.352e+02                (28)                     none                     
36                       3.475e+03                (61)                     2.803e+01                2.692e+01                7.900e-01                (25)                     1.077e+02                (52)                     none                     
37                       3.302e+03                (59)                     2.875e+01                2.647e+01                7.100e-01                (32)                     1.168e+02                (42)                     none                     
38                       3.354e+03                (60)                     2.853e+01                2.563e+01                7.500e-01                (29)                     1.017e+02                (63)                     none                     
39                       2.354e+03                (39)                     3.406e+01                2.507e+01                5.300e-01                (49)                     1.473e+02                (22)                     none                     
40                       2.554e+03                (47)                     3.269e+01                2.362e+01                5.600e-01                (43)                     1.345e+02                (32)                     none                     
41                       2.605e+03                (48)                     3.237e+01                2.308e+01                5.300e-01                (50)                     1.352e+02                (29)                     none                     
42                       2.543e+03                (46)                     3.277e+01                2.308e+01                5.400e-01                (47)                     1.350e+02                (30)                     none                     
43                       2.289e+03                (37)                     3.454e+01                2.248e+01                4.800e-01                (58)                     1.434e+02                (24)                     none                     
44                       2.660e+03                (49)                     3.204e+01                2.229e+01                5.200e-01                (54)                     1.328e+02                (34)                     none                     
45                       2.735e+03                (51)                     3.159e+01                2.221e+01                5.300e-01                (51)                     1.297e+02                (35)                     none                     
46                       3.148e+03                (56)                     2.945e+01                2.212e+01                5.600e-01                (44)                     1.215e+02                (38)                     none                     
47                       2.740e+03                (52)                     3.157e+01                2.201e+01                7.000e-01                (33)                     1.004e+02                (65)                     none                     
48                       3.709e+03                (67)                     2.713e+01                2.048e+01                6.000e-01                (37)                     1.035e+02                (60)                     none                     
49                       3.687e+03                (66)                     2.721e+01                2.023e+01                6.000e-01                (38)                     1.046e+02                (57)                     none                     
50                       2.480e+03                (44)                     3.318e+01                2.008e+01                5.700e-01                (40)                     1.087e+02                (51)                     none                     
51                       3.619e+03                (65)                     2.747e+01                1.948e+01                5.700e-01                (41)                     1.039e+02                (59)                     none                     
52                       3.576e+03                (64)                     2.763e+01                1.904e+01                5.600e-01                (42)                     1.040e+02                (58)                     none                     
53                       2.535e+03                (45)                     3.282e+01                1.901e+01                5.500e-01                (45)                     1.054e+02                (55)                     none                     
54                       3.241e+03                (57)                     2.902e+01                1.901e+01                5.400e-01                (48)                     1.093e+02                (50)                     none                     
55                       3.503e+03                (63)                     2.792e+01                1.863e+01                5.300e-01                (52)                     1.055e+02                (54)                     none                     
56                       1.942e+03                (24)                     3.749e+01                1.835e+01                4.100e-01                (66)                     1.349e+02                (31)                     none                     
57                       2.473e+03                (43)                     3.323e+01                1.827e+01                4.800e-01                (59)                     1.205e+02                (40)                     none                     
58                       2.203e+03                (33)                     3.520e+01                1.742e+01                4.800e-01                (60)                     1.166e+02                (43)                     none                     
59                       2.208e+03                (34)                     3.516e+01                1.708e+01                4.700e-01                (62)                     1.165e+02                (44)                     none                     
60                       3.487e+03                (62)                     2.798e+01                1.697e+01                5.000e-01                (56)                     1.028e+02                (61)                     none                     
61                       2.778e+03                (53)                     3.135e+01                1.692e+01                4.700e-01                (61)                     1.116e+02                (47)                     none                     
62                       2.295e+03                (38)                     3.449e+01                1.678e+01                4.900e-01                (57)                     1.051e+02                (56)                     none                     
63                       3.252e+03                (58)                     2.897e+01                1.673e+01                5.200e-01                (55)                     1.020e+02                (62)                     none                     
64                       2.698e+03                (50)                     3.181e+01                1.650e+01                4.300e-01                (65)                     1.147e+02                (45)                     none                     
65                       1.990e+03                (26)                     3.703e+01                1.636e+01                4.300e-01                (64)                     1.141e+02                (46)                     none                     
66                       3.058e+03                (55)                     2.988e+01                1.514e+01                4.700e-01                (63)                     1.000e+02                (67)                     none                     
67                       2.250e+03                (35)                     3.483e+01                1.410e+01                4.000e-01                (67)                     1.061e+02                (53)                     none                     
