54-Xe-134_n-g   PEAKS: ================================================================================================================================================================
Rank by Integral         Energy (eV)              Rank by Energy           TOF (us)                 Integral                 Peak Width               Rank by Peak Width       Peak Height              Rank by Peak Height      Relevant Isotope         
0                        1.441e+01                (0)                      4.353e+02                7.605e+03                1.090e+00                (9)                      2.065e+04                (0)                      none                     
1                        2.095e+02                (5)                      1.142e+02                5.032e+02                1.958e+00                (5)                      6.485e+02                (3)                      none                     
2                        4.600e+01                (1)                      2.436e+02                4.563e+02                9.600e-01                (10)                     1.215e+03                (1)                      none                     
3                        1.149e+02                (3)                      1.541e+02                4.561e+02                1.423e+00                (7)                      8.025e+02                (2)                      none                     
4                        7.360e+02                (10)                     6.090e+01                3.689e+02                4.008e+00                (0)                      2.386e+02                (8)                      none                     
5                        4.504e+02                (8)                      7.786e+01                3.503e+02                3.966e+00                (1)                      2.430e+02                (7)                      none                     
6                        2.835e+02                (6)                      9.813e+01                2.946e+02                2.581e+00                (4)                      2.990e+02                (6)                      none                     
7                        7.558e+01                (2)                      1.901e+02                2.865e+02                1.179e+00                (8)                      6.130e+02                (4)                      none                     
8                        1.736e+02                (4)                      1.254e+02                2.154e+02                1.715e+00                (6)                      3.117e+02                (5)                      none                     
9                        5.576e+02                (9)                      6.997e+01                2.072e+02                2.939e+00                (2)                      1.725e+02                (10)                     none                     
10                       4.268e+02                (7)                      7.998e+01                1.983e+02                2.918e+00                (3)                      1.739e+02                (9)                      none                     
