54-Xe-132_n-tot   PEAKS: ================================================================================================================================================================
Rank by Integral         Energy (eV)              Rank by Energy           TOF (us)                 Integral                 Peak Width               Rank by Peak Width       Peak Height              Rank by Peak Height      Relevant Isotope         
0                        1.484e+03                (6)                      4.402e+01                4.316e+03                9.280e+00                (4)                      1.342e+03                (1)                      none                     
1                        6.406e+02                (1)                      6.700e+01                3.980e+03                4.529e+00                (11)                     2.398e+03                (0)                      none                     
2                        3.564e+03                (16)                     2.840e+01                3.547e+03                1.692e+01                (0)                      6.172e+02                (4)                      none                     
3                        2.432e+03                (8)                      3.439e+01                2.516e+03                9.730e+00                (3)                      7.214e+02                (3)                      none                     
4                        2.980e+03                (13)                     3.106e+01                2.261e+03                1.074e+01                (1)                      5.827e+02                (6)                      none                     
5                        3.004e+03                (14)                     3.094e+01                2.163e+03                1.024e+01                (2)                      5.784e+02                (7)                      none                     
6                        2.645e+03                (12)                     3.297e+01                1.979e+03                9.140e+00                (5)                      5.917e+02                (5)                      none                     
7                        4.302e+02                (0)                      8.176e+01                1.385e+03                2.683e+00                (16)                     1.284e+03                (2)                      none                     
8                        3.258e+03                (15)                     2.971e+01                1.232e+03                8.500e+00                (6)                      3.770e+02                (8)                      none                     
9                        2.578e+03                (10)                     3.340e+01                7.084e+02                6.650e+00                (7)                      2.685e+02                (9)                      none                     
10                       2.543e+03                (9)                      3.363e+01                6.646e+02                6.520e+00                (8)                      2.557e+02                (10)                     none                     
11                       2.618e+03                (11)                     3.314e+01                5.812e+02                6.420e+00                (9)                      2.231e+02                (11)                     none                     
12                       1.765e+03                (7)                      4.036e+01                3.740e+02                4.950e+00                (10)                     1.855e+02                (13)                     none                     
13                       1.400e+03                (5)                      4.532e+01                2.911e+02                4.350e+00                (12)                     1.618e+02                (15)                     none                     
14                       1.114e+03                (4)                      5.081e+01                2.842e+02                3.880e+00                (13)                     1.787e+02                (14)                     none                     
15                       7.035e+02                (2)                      6.393e+01                2.729e+02                3.137e+00                (15)                     2.159e+02                (12)                     none                     
16                       9.411e+02                (3)                      5.528e+01                2.005e+02                3.570e+00                (14)                     1.390e+02                (16)                     none                     
