55-Cs-133_n-tot   PEAKS: ================================================================================================================================================================
Rank by Integral         Energy (eV)              Rank by Energy           TOF (us)                 Integral                 Peak Width               Rank by Peak Width       Peak Height              Rank by Peak Height      Relevant Isotope         
0                        2.342e+02                (10)                     1.108e+02                2.596e+03                2.524e+00                (36)                     2.763e+03                (1)                      none                     
1                        1.263e+02                (5)                      1.509e+02                1.511e+03                1.621e+00                (43)                     2.408e+03                (2)                      none                     
2                        5.910e+00                (0)                      6.976e+02                1.342e+03                5.196e-01                (50)                     7.317e+03                (0)                      none                     
3                        4.015e+02                (14)                     8.463e+01                1.087e+03                2.792e+00                (33)                     9.956e+02                (5)                      none                     
4                        3.487e+03                (47)                     2.872e+01                9.660e+02                1.190e+01                (0)                      2.296e+02                (22)                     none                     
5                        7.961e+02                (25)                     6.010e+01                8.233e+02                3.889e+00                (23)                     5.406e+02                (8)                      none                     
6                        3.194e+03                (45)                     3.000e+01                7.089e+02                9.860e+00                (1)                      1.981e+02                (26)                     none                     
7                        4.757e+01                (2)                      2.459e+02                6.437e+02                9.916e-01                (48)                     1.675e+03                (3)                      none                     
8                        2.954e+02                (12)                     9.866e+01                6.430e+02                2.250e+00                (39)                     7.177e+02                (7)                      none                     
9                        5.857e+02                (21)                     7.007e+01                6.207e+02                3.299e+00                (28)                     4.812e+02                (10)                     none                     
10                       3.904e+03                (49)                     2.714e+01                6.041e+02                9.430e+00                (3)                      1.714e+02                (31)                     none                     
11                       3.958e+03                (50)                     2.695e+01                5.464e+02                9.840e+00                (2)                      1.505e+02                (36)                     none                     
12                       2.728e+03                (44)                     3.247e+01                5.117e+02                7.240e+00                (6)                      1.822e+02                (30)                     none                     
13                       2.251e+01                (1)                      3.574e+02                4.719e+02                7.468e-01                (49)                     1.675e+03                (4)                      none                     
14                       3.450e+03                (46)                     2.887e+01                4.717e+02                8.050e+00                (5)                      1.504e+02                (37)                     none                     
15                       4.702e+02                (17)                     7.820e+01                4.648e+02                2.775e+00                (34)                     4.190e+02                (11)                     none                     
16                       2.380e+03                (43)                     3.476e+01                4.523e+02                6.480e+00                (7)                      1.859e+02                (29)                     none                     
17                       1.270e+03                (32)                     4.758e+01                4.499e+02                4.560e+00                (14)                     2.467e+02                (20)                     none                     
18                       5.121e+02                (18)                     7.494e+01                4.276e+02                2.909e+00                (31)                     3.672e+02                (12)                     none                     
19                       8.642e+02                (26)                     5.768e+01                4.163e+02                3.776e+00                (24)                     2.764e+02                (16)                     none                     
20                       1.685e+03                (39)                     4.131e+01                4.154e+02                5.230e+00                (11)                     1.993e+02                (25)                     none                     
21                       9.425e+01                (4)                      1.747e+02                4.149e+02                1.320e+00                (46)                     7.989e+02                (6)                      none                     
22                       2.064e+03                (40)                     3.733e+01                4.019e+02                6.070e+00                (8)                      1.689e+02                (34)                     none                     
23                       5.201e+02                (19)                     7.436e+01                3.979e+02                2.844e+00                (32)                     3.474e+02                (13)                     none                     
24                       1.597e+03                (38)                     4.243e+01                3.684e+02                4.950e+00                (12)                     1.875e+02                (28)                     none                     
25                       1.460e+02                (7)                      1.403e+02                3.315e+02                1.552e+00                (44)                     5.344e+02                (9)                      none                     
26                       5.603e+02                (20)                     7.164e+01                3.196e+02                3.007e+00                (30)                     2.665e+02                (17)                     none                     
27                       3.673e+03                (48)                     2.798e+01                3.153e+02                8.100e+00                (4)                      1.008e+02                (50)                     none                     
28                       1.022e+03                (28)                     5.304e+01                2.983e+02                3.900e+00                (22)                     1.894e+02                (27)                     none                     
29                       1.242e+03                (31)                     4.812e+01                2.926e+02                4.210e+00                (19)                     1.692e+02                (33)                     none                     
30                       1.119e+03                (29)                     5.069e+01                2.811e+02                4.090e+00                (20)                     1.698e+02                (32)                     none                     
31                       7.267e+02                (23)                     6.290e+01                2.677e+02                3.310e+00                (27)                     2.006e+02                (24)                     none                     
32                       2.265e+03                (42)                     3.563e+01                2.645e+02                5.950e+00                (9)                      1.114e+02                (47)                     none                     
33                       4.310e+02                (16)                     8.168e+01                2.642e+02                2.572e+00                (35)                     2.557e+02                (18)                     none                     
34                       1.455e+03                (37)                     4.446e+01                2.581e+02                4.550e+00                (15)                     1.394e+02                (40)                     none                     
35                       2.125e+03                (41)                     3.679e+01                2.478e+02                5.580e+00                (10)                     1.109e+02                (49)                     none                     
36                       1.425e+03                (36)                     4.492e+01                2.398e+02                4.580e+00                (13)                     1.303e+02                (41)                     none                     
37                       2.012e+02                (8)                      1.196e+02                2.257e+02                1.737e+00                (42)                     3.187e+02                (15)                     none                     
38                       1.324e+03                (34)                     4.660e+01                2.160e+02                4.420e+00                (16)                     1.213e+02                (43)                     none                     
39                       1.282e+03                (33)                     4.736e+01                2.131e+02                4.330e+00                (18)                     1.244e+02                (42)                     none                     
40                       9.069e+02                (27)                     5.631e+01                2.079e+02                3.723e+00                (25)                     1.403e+02                (39)                     none                     
41                       4.136e+02                (15)                     8.338e+01                2.065e+02                2.290e+00                (38)                     2.322e+02                (21)                     none                     
42                       1.332e+03                (35)                     4.646e+01                1.948e+02                4.370e+00                (17)                     1.119e+02                (46)                     none                     
43                       3.592e+02                (13)                     8.947e+01                1.905e+02                2.317e+00                (37)                     2.030e+02                (23)                     none                     
44                       1.135e+03                (30)                     5.033e+01                1.858e+02                4.070e+00                (21)                     1.142e+02                (45)                     none                     
45                       2.207e+02                (9)                      1.141e+02                1.822e+02                1.806e+00                (41)                     2.472e+02                (19)                     none                     
46                       6.465e+02                (22)                     6.669e+01                1.800e+02                3.068e+00                (29)                     1.458e+02                (38)                     none                     
47                       7.629e+02                (24)                     6.139e+01                1.597e+02                3.355e+00                (26)                     1.187e+02                (44)                     none                     
48                       8.274e+01                (3)                      1.864e+02                1.555e+02                1.245e+00                (47)                     3.197e+02                (14)                     none                     
49                       2.383e+02                (11)                     1.098e+02                9.543e+01                1.881e+00                (40)                     1.547e+02                (35)                     none                     
50                       1.422e+02                (6)                      1.422e+02                6.570e+01                1.502e+00                (45)                     1.113e+02                (48)                     none                     
