56-Ba-136_n-tot   PEAKS: ================================================================================================================================================================
Rank by Integral         Energy (eV)              Rank by Energy           TOF (us)                 Integral                 Peak Width               Rank by Peak Width       Peak Height              Rank by Peak Height      Relevant Isotope         
0                        9.277e+03                (22)                     1.761e+01                7.337e+03                8.215e+01                (0)                      2.768e+02                (15)                     none                     
1                        4.585e+03                (14)                     2.504e+01                5.268e+03                3.003e+01                (4)                      5.345e+02                (4)                      none                     
2                        1.018e+02                (0)                      1.681e+02                5.105e+03                1.507e+00                (27)                     8.853e+03                (0)                      none                     
3                        3.901e+03                (11)                     2.715e+01                4.615e+03                2.305e+01                (6)                      6.056e+02                (3)                      none                     
4                        1.048e+04                (27)                     1.656e+01                4.180e+03                5.520e+01                (1)                      2.501e+02                (17)                     none                     
5                        8.212e+03                (21)                     1.871e+01                3.960e+03                4.081e+01                (2)                      2.974e+02                (14)                     none                     
6                        2.659e+03                (6)                      3.288e+01                3.290e+03                1.243e+01                (12)                     7.662e+02                (2)                      none                     
7                        6.301e+03                (19)                     2.136e+01                3.231e+03                2.641e+01                (5)                      3.672e+02                (10)                     none                     
8                        9.733e+03                (24)                     1.719e+01                3.011e+03                3.527e+01                (3)                      2.524e+02                (16)                     none                     
9                        5.320e+03                (16)                     2.325e+01                2.185e+03                1.695e+01                (8)                      3.699e+02                (9)                      none                     
10                       1.221e+03                (3)                      4.852e+01                2.090e+03                5.230e+00                (23)                     1.036e+03                (1)                      none                     
11                       4.138e+03                (12)                     2.636e+01                1.908e+03                1.248e+01                (11)                     4.258e+02                (7)                      none                     
12                       2.854e+03                (7)                      3.174e+01                1.687e+03                8.730e+00                (18)                     5.154e+02                (5)                      none                     
13                       9.650e+03                (23)                     1.726e+01                1.641e+03                2.264e+01                (7)                      2.073e+02                (18)                     none                     
14                       4.837e+03                (15)                     2.438e+01                1.480e+03                1.174e+01                (14)                     3.377e+02                (12)                     none                     
15                       3.418e+03                (9)                      2.901e+01                1.382e+03                9.130e+00                (17)                     3.989e+02                (8)                      none                     
16                       1.885e+03                (5)                      3.905e+01                1.084e+03                5.850e+00                (22)                     4.689e+02                (6)                      none                     
17                       1.008e+04                (25)                     1.689e+01                7.984e+02                1.280e+01                (10)                     1.559e+02                (22)                     none                     
18                       6.206e+03                (18)                     2.153e+01                6.952e+02                1.087e+01                (15)                     1.639e+02                (21)                     none                     
19                       4.289e+03                (13)                     2.589e+01                6.488e+02                8.610e+00                (19)                     1.907e+02                (19)                     none                     
20                       1.617e+03                (4)                      4.218e+01                6.361e+02                4.970e+00                (24)                     3.161e+02                (13)                     none                     
21                       7.621e+03                (20)                     1.943e+01                5.775e+02                1.188e+01                (13)                     1.247e+02                (25)                     none                     
22                       6.041e+03                (17)                     2.182e+01                5.623e+02                1.033e+01                (16)                     1.386e+02                (23)                     none                     
23                       1.010e+04                (26)                     1.688e+01                5.539e+02                1.490e+01                (9)                      1.018e+02                (27)                     none                     
24                       3.856e+03                (10)                     2.731e+01                3.942e+02                7.580e+00                (20)                     1.272e+02                (24)                     none                     
25                       4.990e+02                (1)                      7.591e+01                3.773e+02                2.614e+00                (26)                     3.496e+02                (11)                     none                     
26                       3.229e+03                (8)                      2.984e+01                2.811e+02                6.660e+00                (21)                     1.037e+02                (26)                     none                     
27                       9.700e+02                (2)                      5.445e+01                2.630e+02                3.636e+00                (25)                     1.763e+02                (20)                     none                     
