56-Ba-137_n-tot   PEAKS: ================================================================================================================================================================
Rank by Integral         Energy (eV)              Rank by Energy           TOF (us)                 Integral                 Peak Width               Rank by Peak Width       Peak Height              Rank by Peak Height      Relevant Isotope         
0                        8.200e+01                (1)                      1.873e+02                3.496e+03                1.449e+00                (47)                     6.427e+03                (0)                      none                     
1                        4.045e+02                (8)                      8.431e+01                2.368e+03                3.354e+00                (38)                     1.906e+03                (5)                      none                     
2                        8.782e+02                (12)                     5.722e+01                2.158e+03                5.432e+00                (30)                     1.096e+03                (6)                      none                     
3                        1.040e+02                (3)                      1.663e+02                2.149e+03                1.757e+00                (46)                     3.201e+03                (1)                      none                     
4                        2.830e+02                (5)                      1.008e+02                2.001e+03                2.524e+00                (43)                     2.077e+03                (4)                      none                     
5                        4.324e+03                (48)                     2.579e+01                1.673e+03                1.639e+01                (1)                      2.912e+02                (16)                     none                     
6                        3.744e+03                (42)                     2.771e+01                1.506e+03                1.977e+01                (0)                      2.297e+02                (27)                     none                     
7                        8.681e+01                (2)                      1.820e+02                1.398e+03                1.313e+00                (48)                     2.741e+03                (2)                      none                     
8                        1.194e+03                (16)                     4.907e+01                1.310e+03                5.480e+00                (29)                     6.386e+02                (7)                      none                     
9                        3.021e+03                (36)                     3.085e+01                1.254e+03                1.426e+01                (2)                      2.622e+02                (21)                     none                     
10                       1.711e+03                (22)                     4.100e+01                1.226e+03                8.760e+00                (13)                     3.990e+02                (11)                     none                     
11                       3.976e+03                (45)                     2.689e+01                1.101e+03                1.166e+01                (7)                      2.675e+02                (20)                     none                     
12                       3.269e+03                (37)                     2.966e+01                9.512e+02                1.246e+01                (4)                      2.194e+02                (29)                     none                     
13                       3.394e+03                (38)                     2.911e+01                9.328e+02                1.241e+01                (5)                      2.133e+02                (30)                     none                     
14                       3.950e+03                (44)                     2.698e+01                8.667e+02                1.358e+01                (3)                      1.817e+02                (37)                     none                     
15                       3.815e+03                (43)                     2.745e+01                7.693e+02                1.225e+01                (6)                      1.861e+02                (35)                     none                     
16                       2.437e+01                (0)                      3.435e+02                7.657e+02                7.511e-01                (49)                     2.678e+03                (3)                      none                     
17                       4.434e+03                (49)                     2.547e+01                7.541e+02                1.075e+01                (8)                      1.909e+02                (33)                     none                     
18                       1.751e+03                (23)                     4.052e+01                7.504e+02                5.910e+00                (26)                     3.313e+02                (14)                     none                     
19                       1.393e+03                (18)                     4.543e+01                7.486e+02                5.060e+00                (32)                     3.756e+02                (12)                     none                     
20                       2.978e+03                (35)                     3.107e+01                7.302e+02                7.950e+00                (16)                     2.392e+02                (24)                     none                     
21                       2.384e+03                (27)                     3.473e+01                7.182e+02                8.220e+00                (15)                     2.356e+02                (26)                     none                     
22                       2.946e+03                (34)                     3.124e+01                6.922e+02                7.870e+00                (17)                     2.292e+02                (28)                     none                     
23                       2.919e+03                (33)                     3.139e+01                6.907e+02                9.420e+00                (11)                     1.995e+02                (32)                     none                     
24                       1.669e+03                (21)                     4.151e+01                6.895e+02                6.420e+00                (24)                     2.862e+02                (18)                     none                     
25                       2.686e+03                (31)                     3.272e+01                6.707e+02                7.350e+00                (19)                     2.364e+02                (25)                     none                     
26                       3.454e+03                (39)                     2.885e+01                6.147e+02                8.400e+00                (14)                     1.908e+02                (34)                     none                     
27                       3.780e+02                (7)                      8.722e+01                6.146e+02                2.622e+00                (42)                     5.951e+02                (9)                      none                     
28                       1.616e+03                (20)                     4.218e+01                5.969e+02                5.210e+00                (31)                     2.863e+02                (17)                     none                     
29                       9.388e+02                (13)                     5.535e+01                5.650e+02                4.253e+00                (35)                     3.424e+02                (13)                     none                     
30                       3.596e+03                (41)                     2.828e+01                5.538e+02                1.004e+01                (9)                      1.512e+02                (43)                     none                     
31                       3.150e+02                (6)                      9.555e+01                5.485e+02                2.200e+00                (44)                     6.146e+02                (8)                      none                     
32                       4.066e+03                (46)                     2.659e+01                5.154e+02                8.980e+00                (12)                     1.505e+02                (44)                     none                     
33                       2.343e+03                (26)                     3.503e+01                4.901e+02                7.110e+00                (20)                     1.805e+02                (39)                     none                     
34                       2.401e+03                (28)                     3.461e+01                4.443e+02                6.340e+00                (25)                     1.807e+02                (38)                     none                     
35                       2.824e+03                (32)                     3.191e+01                4.422e+02                6.910e+00                (21)                     1.619e+02                (42)                     none                     
36                       1.273e+03                (17)                     4.753e+01                4.278e+02                4.390e+00                (34)                     2.404e+02                (23)                     none                     
37                       1.995e+03                (24)                     3.797e+01                4.108e+02                5.600e+00                (27)                     1.833e+02                (36)                     none                     
38                       4.091e+03                (47)                     2.651e+01                4.032e+02                9.610e+00                (10)                     1.150e+02                (47)                     none                     
39                       1.028e+03                (14)                     5.289e+01                3.885e+02                3.840e+00                (37)                     2.467e+02                (22)                     none                     
40                       1.401e+03                (19)                     4.531e+01                3.807e+02                4.890e+00                (33)                     2.030e+02                (31)                     none                     
41                       3.472e+03                (40)                     2.878e+01                3.746e+02                7.520e+00                (18)                     1.283e+02                (46)                     none                     
42                       2.599e+03                (30)                     3.326e+01                3.644e+02                6.470e+00                (23)                     1.419e+02                (45)                     none                     
43                       6.506e+02                (10)                     6.648e+01                3.530e+02                3.118e+00                (40)                     2.789e+02                (19)                     none                     
44                       4.651e+02                (9)                      7.863e+01                3.447e+02                2.652e+00                (41)                     3.220e+02                (15)                     none                     
45                       2.230e+02                (4)                      1.136e+02                3.139e+02                1.848e+00                (45)                     4.183e+02                (10)                     none                     
46                       1.151e+03                (15)                     4.998e+01                2.738e+02                4.040e+00                (36)                     1.654e+02                (40)                     none                     
47                       2.499e+03                (29)                     3.392e+01                2.694e+02                6.530e+00                (22)                     1.060e+02                (48)                     none                     
48                       2.059e+03                (25)                     3.737e+01                2.292e+02                5.590e+00                (28)                     1.034e+02                (49)                     none                     
49                       7.204e+02                (11)                     6.318e+01                2.143e+02                3.223e+00                (39)                     1.640e+02                (41)                     none                     
