56-Ba_n-tot   PEAKS: ================================================================================================================================================================
Rank by Integral         Energy (eV)              Rank by Energy           TOF (us)                 Integral                 Peak Width               Rank by Peak Width       Peak Height              Rank by Peak Height      Relevant Isotope         
0                        7.876e+03                (24)                     1.911e+01                1.470e+03                2.038e+01                (0)                      2.373e+02                (12)                     []                       
1                        2.419e+04                (27)                     1.090e+01                5.173e+02                1.130e+01                (1)                      1.605e+02                (17)                     []                       
2                        4.183e+02                (11)                     8.291e+01                2.996e+02                2.634e+00                (6)                      3.996e+02                (4)                      []                       
3                        4.704e+03                (23)                     2.472e+01                2.888e+02                2.390e+00                (7)                      3.951e+02                (6)                      []                       
4                        2.686e+03                (22)                     3.272e+01                2.358e+02                8.060e+00                (2)                      1.059e+02                (24)                     ['56-Ba-137_n-tot']      
5                        8.200e+01                (1)                      1.873e+02                2.024e+02                9.150e-01                (16)                     7.743e+02                (1)                      ['56-Ba-137_n-tot']      
6                        4.045e+02                (10)                     8.432e+01                1.350e+02                2.087e+00                (9)                      2.196e+02                (13)                     ['56-Ba-137_n-tot']      
7                        1.343e+03                (18)                     4.627e+01                1.329e+02                3.130e+00                (5)                      1.485e+02                (20)                     []                       
8                        8.782e+02                (15)                     5.722e+01                1.298e+02                4.010e+00                (3)                      1.138e+02                (22)                     ['56-Ba-137_n-tot']      
9                        2.299e+03                (21)                     3.537e+01                1.165e+02                3.810e+00                (4)                      1.017e+02                (27)                     ['56-Ba-138_n-tot']      
10                       2.830e+02                (7)                      1.008e+02                1.125e+02                1.376e+00                (13)                     2.833e+02                (9)                      ['56-Ba-137_n-tot']      
11                       1.948e+03                (19)                     3.842e+01                1.082e+02                3.200e-01                (25)                     1.239e+03                (0)                      []                       
12                       1.018e+02                (3)                      1.681e+02                1.063e+02                8.300e-01                (17)                     4.523e+02                (2)                      ['56-Ba-136_n-tot']      
13                       5.762e+02                (13)                     7.065e+01                9.315e+01                1.859e+00                (10)                     1.700e+02                (16)                     []                       
14                       1.194e+03                (17)                     4.908e+01                9.205e+01                1.690e+00                (11)                     1.992e+02                (14)                     ['56-Ba-137_n-tot']      
15                       1.401e+04                (26)                     1.433e+01                8.504e+01                1.100e+00                (14)                     2.463e+02                (11)                     []                       
16                       8.680e+01                (2)                      1.820e+02                7.478e+01                5.970e-01                (21)                     4.239e+02                (3)                      ['56-Ba-137_n-tot']      
17                       2.139e+03                (20)                     3.667e+01                7.059e+01                2.310e+00                (8)                      1.049e+02                (26)                     ['56-Ba-138_n-tot']      
18                       9.918e+03                (25)                     1.703e+01                7.023e+01                1.380e+00                (12)                     1.754e+02                (15)                     []                       
19                       1.040e+02                (4)                      1.663e+02                7.006e+01                7.330e-01                (19)                     3.959e+02                (5)                      ['56-Ba-134_n-tot',      '56-Ba-137_n-tot']       
20                       5.099e+02                (12)                     7.510e+01                6.752e+01                8.010e-01                (18)                     2.944e+02                (8)                      ['56-Ba-138_n-tot']      
21                       2.437e+01                (0)                      3.435e+02                4.412e+01                4.399e-01                (24)                     3.513e+02                (7)                      ['56-Ba-137_n-tot']      
22                       3.780e+02                (9)                      8.722e+01                3.113e+01                9.730e-01                (15)                     1.098e+02                (23)                     ['56-Ba-137_n-tot']      
23                       3.150e+02                (8)                      9.555e+01                2.730e+01                6.060e-01                (20)                     1.586e+02                (18)                     ['56-Ba-137_n-tot']      
24                       2.230e+02                (6)                      1.136e+02                1.598e+01                5.280e-01                (22)                     1.055e+02                (25)                     ['56-Ba-137_n-tot']      
25                       6.480e+02                (14)                     6.662e+01                1.502e+01                1.920e-01                (27)                     2.690e+02                (10)                     []                       
26                       1.045e+03                (16)                     5.246e+01                9.630e+00                2.900e-01                (26)                     1.205e+02                (21)                     []                       
27                       1.044e+02                (5)                      1.660e+02                3.334e+00                4.610e-01                (23)                     1.529e+02                (19)                     ['56-Ba-134_n-tot',      '56-Ba-137_n-tot']       
