56-Ba-130_n-tot   PEAKS: ================================================================================================================================================================
Rank by Integral         Energy (eV)              Rank by Energy           TOF (us)                 Integral                 Peak Width               Rank by Peak Width       Peak Height              Rank by Peak Height      Relevant Isotope         
0                        3.800e+02                (6)                      8.699e+01                1.032e+04                5.395e+00                (11)                     5.618e+03                (3)                      none                     
1                        5.790e+01                (1)                      2.229e+02                8.263e+03                1.354e+00                (33)                     1.663e+04                (0)                      none                     
2                        1.362e+02                (2)                      1.453e+02                6.699e+03                2.000e+00                (32)                     9.042e+03                (1)                      none                     
3                        1.845e+02                (3)                      1.248e+02                3.972e+03                2.103e+00                (30)                     4.967e+03                (4)                      none                     
4                        1.934e+03                (28)                     3.856e+01                2.975e+03                8.950e+00                (0)                      9.270e+02                (6)                      none                     
5                        4.630e+01                (0)                      2.492e+02                2.419e+03                1.030e+00                (34)                     6.126e+03                (2)                      none                     
6                        1.721e+03                (25)                     4.088e+01                1.808e+03                6.430e+00                (2)                      7.351e+02                (7)                      none                     
7                        1.784e+03                (26)                     4.015e+01                1.564e+03                6.230e+00                (3)                      6.462e+02                (8)                      none                     
8                        1.599e+03                (23)                     4.241e+01                1.132e+03                5.430e+00                (9)                      5.257e+02                (15)                     none                     
9                        3.360e+02                (5)                      9.251e+01                1.094e+03                2.372e+00                (29)                     1.144e+03                (5)                      none                     
10                       1.576e+03                (22)                     4.272e+01                1.073e+03                5.400e+00                (10)                     5.012e+02                (16)                     none                     
11                       1.172e+03                (16)                     4.953e+01                1.023e+03                4.480e+00                (17)                     5.684e+02                (10)                     none                     
12                       1.534e+03                (21)                     4.330e+01                9.455e+02                5.160e+00                (14)                     4.570e+02                (18)                     none                     
13                       1.098e+03                (15)                     5.118e+01                9.065e+02                4.170e+00                (19)                     5.316e+02                (13)                     none                     
14                       1.685e+03                (24)                     4.131e+01                8.561e+02                5.340e+00                (13)                     3.976e+02                (20)                     none                     
15                       8.370e+02                (12)                     5.861e+01                8.201e+02                3.661e+00                (21)                     5.515e+02                (11)                     none                     
16                       2.387e+03                (32)                     3.471e+01                8.192e+02                6.510e+00                (1)                      3.178e+02                (22)                     none                     
17                       2.121e+03                (30)                     3.682e+01                8.132e+02                6.050e+00                (5)                      3.380e+02                (21)                     none                     
18                       7.440e+02                (11)                     6.217e+01                7.406e+02                3.423e+00                (24)                     5.330e+02                (12)                     none                     
19                       8.500e+02                (13)                     5.816e+01                6.735e+02                3.644e+00                (22)                     4.563e+02                (19)                     none                     
20                       6.980e+02                (9)                      6.418e+01                6.417e+02                3.283e+00                (25)                     4.796e+02                (17)                     none                     
21                       1.824e+03                (27)                     3.971e+01                6.214e+02                5.340e+00                (12)                     2.881e+02                (24)                     none                     
22                       4.450e+02                (7)                      8.039e+01                6.086e+02                2.633e+00                (28)                     5.727e+02                (9)                      none                     
23                       1.416e+03                (18)                     4.506e+01                4.902e+02                4.510e+00                (16)                     2.625e+02                (25)                     none                     
24                       2.456e+03                (33)                     3.422e+01                4.500e+02                6.180e+00                (4)                      1.821e+02                (27)                     none                     
25                       2.870e+02                (4)                      1.001e+02                4.498e+02                2.073e+00                (31)                     5.271e+02                (14)                     none                     
26                       5.820e+02                (8)                      7.029e+01                3.776e+02                2.942e+00                (27)                     3.154e+02                (23)                     none                     
27                       9.030e+02                (14)                     5.643e+01                3.464e+02                3.637e+00                (23)                     2.343e+02                (26)                     none                     
28                       2.095e+03                (29)                     3.705e+01                3.183e+02                5.590e+00                (7)                      1.417e+02                (30)                     none                     
29                       2.486e+03                (34)                     3.401e+01                3.051e+02                6.020e+00                (6)                      1.275e+02                (31)                     none                     
30                       1.468e+03                (19)                     4.426e+01                3.014e+02                4.600e+00                (15)                     1.596e+02                (29)                     none                     
31                       2.155e+03                (31)                     3.653e+01                2.433e+02                5.560e+00                (8)                      1.115e+02                (32)                     none                     
32                       7.130e+02                (10)                     6.351e+01                2.333e+02                3.180e+00                (26)                     1.801e+02                (28)                     none                     
33                       1.482e+03                (20)                     4.405e+01                1.872e+02                4.450e+00                (18)                     1.020e+02                (34)                     none                     
34                       1.266e+03                (17)                     4.766e+01                1.761e+02                4.140e+00                (20)                     1.043e+02                (33)                     none                     
