59-Pr-141_n-tot   PEAKS: ================================================================================================================================================================
Rank by Integral         Energy (eV)              Rank by Energy           TOF (us)                 Integral                 Peak Width               Rank by Peak Width       Peak Height              Rank by Peak Height      Relevant Isotope         
0                        8.451e+02                (8)                      5.833e+01                8.236e+03                1.491e+01                (19)                     1.705e+03                (4)                      none                     
1                        2.187e+02                (1)                      1.147e+02                7.801e+03                4.124e+00                (43)                     5.592e+03                (0)                      none                     
2                        6.358e+02                (6)                      6.725e+01                6.059e+03                8.839e+00                (34)                     2.082e+03                (3)                      none                     
3                        2.352e+02                (2)                      1.106e+02                6.012e+03                3.662e+00                (44)                     4.742e+03                (1)                      none                     
4                        3.595e+02                (3)                      8.943e+01                5.374e+03                4.705e+00                (41)                     3.319e+03                (2)                      none                     
5                        2.097e+03                (13)                     3.703e+01                4.661e+03                2.098e+01                (11)                     6.822e+02                (11)                     none                     
6                        1.484e+03                (11)                     4.402e+01                4.470e+03                1.972e+01                (12)                     6.985e+02                (10)                     none                     
7                        7.211e+02                (7)                      6.315e+01                4.363e+03                9.768e+00                (31)                     1.352e+03                (6)                      none                     
8                        9.569e+02                (9)                      5.482e+01                4.205e+03                1.246e+01                (26)                     1.036e+03                (7)                      none                     
9                        3.603e+03                (19)                     2.825e+01                2.723e+03                2.926e+01                (4)                      2.875e+02                (19)                     none                     
10                       1.716e+03                (12)                     4.094e+01                2.718e+03                1.100e+01                (28)                     7.289e+02                (9)                      none                     
11                       5.597e+03                (31)                     2.267e+01                2.571e+03                4.229e+01                (0)                      1.893e+02                (26)                     none                     
12                       9.615e+03                (46)                     1.729e+01                2.525e+03                3.037e+01                (3)                      2.479e+02                (21)                     none                     
13                       5.194e+02                (5)                      7.441e+01                2.312e+03                4.629e+00                (42)                     1.414e+03                (5)                      none                     
14                       3.780e+03                (21)                     2.758e+01                2.297e+03                1.803e+01                (13)                     3.698e+02                (12)                     none                     
15                       8.907e+03                (42)                     1.797e+01                1.855e+03                1.444e+01                (20)                     3.439e+02                (15)                     none                     
16                       4.586e+03                (25)                     2.504e+01                1.720e+03                2.442e+01                (7)                      2.153e+02                (24)                     none                     
17                       1.120e+03                (10)                     5.068e+01                1.706e+03                5.840e+00                (40)                     8.008e+02                (8)                      none                     
18                       9.444e+03                (44)                     1.745e+01                1.590e+03                3.232e+01                (2)                      1.453e+02                (33)                     none                     
19                       7.347e+03                (36)                     1.978e+01                1.575e+03                2.584e+01                (6)                      1.823e+02                (27)                     none                     
20                       3.762e+03                (20)                     2.765e+01                1.556e+03                1.335e+01                (24)                     3.256e+02                (16)                     none                     
21                       9.258e+03                (43)                     1.762e+01                1.338e+03                2.800e+01                (5)                      1.441e+02                (34)                     none                     
22                       8.805e+03                (41)                     1.807e+01                1.282e+03                3.432e+01                (1)                      1.139e+02                (44)                     none                     
23                       4.620e+03                (26)                     2.495e+01                1.261e+03                1.427e+01                (21)                     2.564e+02                (20)                     none                     
24                       2.453e+03                (15)                     3.424e+01                1.060e+03                8.040e+00                (35)                     3.545e+02                (13)                     none                     
25                       5.245e+03                (30)                     2.341e+01                9.557e+02                1.373e+01                (22)                     1.946e+02                (25)                     none                     
26                       6.711e+03                (33)                     2.070e+01                9.213e+02                1.564e+01                (16)                     1.691e+02                (30)                     none                     
27                       8.063e+03                (39)                     1.889e+01                9.186e+02                2.398e+01                (8)                      1.145e+02                (42)                     none                     
28                       8.062e+03                (38)                     1.889e+01                9.154e+02                2.377e+01                (9)                      1.145e+02                (43)                     none                     
29                       4.541e+03                (24)                     2.516e+01                9.100e+02                1.316e+01                (25)                     2.191e+02                (23)                     none                     
30                       9.558e+03                (45)                     1.735e+01                9.048e+02                2.109e+01                (10)                     1.212e+02                (41)                     none                     
31                       5.729e+03                (32)                     2.240e+01                8.765e+02                1.372e+01                (23)                     1.794e+02                (29)                     none                     
32                       2.132e+03                (14)                     3.672e+01                8.712e+02                6.680e+00                (39)                     3.451e+02                (14)                     none                     
33                       7.169e+03                (35)                     2.003e+01                8.019e+02                1.520e+01                (17)                     1.467e+02                (31)                     none                     
34                       7.779e+03                (37)                     1.923e+01                7.517e+02                1.615e+01                (14)                     1.301e+02                (36)                     none                     
35                       3.928e+03                (22)                     2.706e+01                7.299e+02                1.129e+01                (27)                     1.817e+02                (28)                     none                     
36                       2.998e+03                (17)                     3.097e+01                7.070e+02                8.030e+00                (36)                     2.322e+02                (22)                     none                     
37                       6.726e+03                (34)                     2.068e+01                6.138e+02                1.580e+01                (15)                     1.287e+02                (38)                     none                     
38                       8.229e+03                (40)                     1.869e+01                6.108e+02                1.516e+01                (18)                     1.112e+02                (45)                     none                     
39                       4.670e+03                (27)                     2.481e+01                5.340e+02                1.088e+01                (29)                     1.370e+02                (35)                     none                     
40                       5.137e+03                (29)                     2.366e+01                4.642e+02                9.310e+00                (32)                     1.287e+02                (37)                     none                     
41                       3.473e+03                (18)                     2.877e+01                4.498e+02                7.830e+00                (37)                     1.463e+02                (32)                     none                     
42                       4.521e+03                (23)                     2.522e+01                4.356e+02                8.940e+00                (33)                     1.226e+02                (40)                     none                     
43                       4.973e+03                (28)                     2.405e+01                4.238e+02                1.065e+01                (30)                     1.082e+02                (46)                     none                     
44                       2.926e+03                (16)                     3.135e+01                3.375e+02                6.770e+00                (38)                     1.261e+02                (39)                     none                     
45                       3.879e+02                (4)                      8.610e+01                2.694e+02                2.330e+00                (45)                     2.887e+02                (18)                     none                     
46                       8.520e+01                (0)                      1.837e+02                1.435e+02                1.115e+00                (46)                     3.162e+02                (17)                     none                     
