60-Nd_n-g   PEAKS: ================================================================================================================================================================
Rank by Integral         Energy (eV)              Rank by Energy           TOF (us)                 Integral                 Peak Width               Rank by Peak Width       Peak Height              Rank by Peak Height      Relevant Isotope         
0                        4.255e+01                (1)                      2.533e+02                1.206e+02                1.379e+00                (1)                      2.900e+02                (4)                      ['60-Nd-145_n-g']        
1                        5.533e+01                (2)                      2.221e+02                8.417e+01                4.091e-01                (7)                      7.212e+02                (0)                      ['60-Nd-143_n-g']        
2                        1.274e+02                (7)                      1.464e+02                6.812e+01                1.698e+00                (0)                      1.429e+02                (9)                      ['60-Nd-143_n-g']        
3                        1.355e+02                (8)                      1.419e+02                3.377e+01                4.440e-01                (4)                      2.597e+02                (6)                      ['60-Nd-143_n-g']        
4                        1.021e+02                (5)                      1.635e+02                3.222e+01                6.020e-01                (2)                      1.816e+02                (7)                      ['60-Nd-145_n-g']        
5                        3.595e+02                (15)                     8.714e+01                3.144e+01                3.570e-01                (10)                     3.138e+02                (3)                      ['60-Nd-146_n-g']        
6                        4.350e+00                (0)                      7.922e+02                2.714e+01                1.944e-01                (18)                     4.704e+02                (1)                      ['60-Nd-145_n-g']        
7                        7.880e+01                (3)                      1.861e+02                2.703e+01                2.655e-01                (16)                     3.646e+02                (2)                      []                       
8                        1.036e+02                (6)                      1.623e+02                2.585e+01                3.190e-01                (14)                     2.860e+02                (5)                      ['60-Nd-145_n-g']        
9                        2.592e+02                (13)                     1.026e+02                1.392e+01                4.920e-01                (3)                      1.018e+02                (19)                     ['60-Nd-145_n-g']        
10                       2.410e+03                (20)                     3.366e+01                1.348e+01                4.400e-01                (6)                      1.065e+02                (17)                     []                       
11                       2.453e+02                (12)                     1.055e+02                1.339e+01                3.890e-01                (8)                      1.214e+02                (13)                     ['60-Nd-145_n-g']        
12                       8.573e+01                (4)                      1.785e+02                1.325e+01                3.338e-01                (12)                     1.395e+02                (10)                     ['60-Nd-145_n-g']        
13                       3.067e+02                (14)                     9.435e+01                1.230e+01                4.410e-01                (5)                      1.170e+02                (14)                     ['60-Nd-145_n-g']        
14                       2.097e+03                (19)                     3.608e+01                1.178e+01                2.600e-01                (17)                     1.498e+02                (8)                      []                       
15                       1.473e+02                (9)                      1.361e+02                1.171e+01                3.490e-01                (11)                     1.145e+02                (15)                     ['60-Nd-145_n-g']        
16                       1.687e+03                (18)                     4.023e+01                1.097e+01                3.600e-01                (9)                      1.063e+02                (18)                     []                       
17                       1.894e+02                (11)                     1.200e+02                1.030e+01                2.660e-01                (15)                     1.274e+02                (12)                     ['60-Nd-145_n-g']        
18                       1.516e+02                (10)                     1.342e+02                9.535e+00                3.320e-01                (13)                     1.010e+02                (20)                     ['60-Nd-145_n-g']        
19                       7.234e+02                (17)                     6.143e+01                4.452e+00                1.130e-01                (19)                     1.352e+02                (11)                     []                       
20                       6.250e+02                (16)                     6.609e+01                3.127e+00                1.020e-01                (20)                     1.065e+02                (16)                     []                       
