60-Nd-145_n-g   PEAKS: ================================================================================================================================================================
Rank by Integral         Energy (eV)              Rank by Energy           TOF (us)                 Integral                 Peak Width               Rank by Peak Width       Peak Height              Rank by Peak Height      Relevant Isotope         
0                        4.255e+01                (1)                      2.533e+02                1.514e+03                1.566e+00                (16)                     2.809e+03                (1)                      none                     
1                        1.021e+02                (4)                      1.635e+02                4.819e+02                1.345e+00                (19)                     9.192e+02                (2)                      none                     
2                        1.036e+02                (5)                      1.623e+02                3.947e+02                1.186e+00                (20)                     8.242e+02                (3)                      none                     
3                        4.350e+00                (0)                      7.922e+02                3.786e+02                3.228e-01                (23)                     3.128e+03                (0)                      none                     
4                        4.042e+02                (16)                     8.218e+01                2.488e+02                2.394e+00                (7)                      2.645e+02                (11)                     none                     
5                        3.067e+02                (12)                     9.435e+01                2.257e+02                2.056e+00                (11)                     2.684e+02                (10)                     none                     
6                        2.752e+02                (11)                     9.960e+01                2.192e+02                2.009e+00                (12)                     2.690e+02                (9)                      none                     
7                        2.592e+02                (10)                     1.026e+02                2.145e+02                1.898e+00                (13)                     2.762e+02                (7)                      none                     
8                        2.453e+02                (9)                      1.055e+02                2.115e+02                1.809e+00                (14)                     2.836e+02                (6)                      none                     
9                        4.065e+02                (17)                     8.195e+01                2.114e+02                2.254e+00                (8)                      2.365e+02                (13)                     none                     
10                       8.573e+01                (2)                      1.785e+02                2.013e+02                1.116e+00                (22)                     4.444e+02                (4)                      none                     
11                       1.473e+02                (6)                      1.361e+02                1.913e+02                1.432e+00                (18)                     3.264e+02                (5)                      none                     
12                       1.894e+02                (8)                      1.200e+02                1.792e+02                1.579e+00                (15)                     2.745e+02                (8)                      none                     
13                       3.115e+02                (13)                     9.361e+01                1.707e+02                2.613e+00                (5)                      1.724e+02                (16)                     none                     
14                       4.466e+02                (18)                     7.819e+01                1.639e+02                2.603e+00                (6)                      1.567e+02                (17)                     none                     
15                       4.876e+02                (20)                     7.483e+01                1.594e+02                2.929e+00                (4)                      1.389e+02                (19)                     none                     
16                       3.429e+02                (14)                     8.923e+01                1.551e+02                2.123e+00                (10)                     1.770e+02                (15)                     none                     
17                       1.516e+02                (7)                      1.342e+02                1.519e+02                1.448e+00                (17)                     2.567e+02                (12)                     none                     
18                       4.979e+02                (21)                     7.405e+01                1.514e+02                3.246e+00                (3)                      1.227e+02                (20)                     none                     
19                       4.652e+02                (19)                     7.661e+01                1.493e+02                3.805e+00                (0)                      1.080e+02                (21)                     none                     
20                       3.910e+02                (15)                     8.356e+01                1.417e+02                2.246e+00                (9)                      1.519e+02                (18)                     none                     
21                       5.054e+02                (22)                     7.350e+01                1.416e+02                3.735e+00                (1)                      1.035e+02                (22)                     none                     
22                       5.415e+02                (23)                     7.101e+01                1.333e+02                3.487e+00                (2)                      1.014e+02                (23)                     none                     
23                       9.615e+01                (3)                      1.685e+02                8.898e+01                1.124e+00                (21)                     1.922e+02                (14)                     none                     
