60-Nd-143_n-g   PEAKS: ================================================================================================================================================================
Rank by Integral         Energy (eV)              Rank by Energy           TOF (us)                 Integral                 Peak Width               Rank by Peak Width       Peak Height              Rank by Peak Height      Relevant Isotope         
0                        5.533e+01                (0)                      2.221e+02                8.428e+02                9.744e-01                (15)                     2.189e+03                (0)                      none                     
1                        1.589e+02                (3)                      1.311e+02                6.710e+02                3.738e+00                (5)                      5.391e+02                (3)                      none                     
2                        1.274e+02                (1)                      1.464e+02                5.977e+02                2.111e+00                (13)                     7.918e+02                (1)                      none                     
3                        1.866e+02                (5)                      1.210e+02                5.624e+02                4.771e+00                (1)                      3.578e+02                (5)                      none                     
4                        1.795e+02                (4)                      1.233e+02                4.544e+02                2.943e+00                (10)                     4.499e+02                (4)                      none                     
5                        1.355e+02                (2)                      1.419e+02                3.623e+02                1.441e+00                (14)                     6.252e+02                (2)                      none                     
6                        3.062e+02                (6)                      9.443e+01                3.453e+02                3.326e+00                (8)                      2.900e+02                (6)                      none                     
7                        4.013e+02                (10)                     8.248e+01                2.938e+02                4.241e+00                (2)                      1.984e+02                (8)                      none                     
8                        3.504e+02                (9)                      8.827e+01                2.724e+02                3.923e+00                (4)                      1.976e+02                (9)                      none                     
9                        3.372e+02                (8)                      8.998e+01                2.572e+02                3.356e+00                (7)                      2.134e+02                (7)                      none                     
10                       4.463e+02                (12)                     7.821e+01                2.565e+02                6.332e+00                (0)                      1.211e+02                (14)                     none                     
11                       5.233e+02                (13)                     7.223e+01                2.153e+02                2.861e+00                (11)                     1.872e+02                (10)                     none                     
12                       3.244e+02                (7)                      9.174e+01                2.090e+02                3.943e+00                (3)                      1.524e+02                (12)                     none                     
13                       4.080e+02                (11)                     8.180e+01                1.978e+02                3.276e+00                (9)                      1.642e+02                (11)                     none                     
14                       6.576e+02                (15)                     6.443e+01                1.778e+02                3.466e+00                (6)                      1.311e+02                (13)                     none                     
15                       5.556e+02                (14)                     7.010e+01                1.299e+02                2.731e+00                (12)                     1.153e+02                (15)                     none                     
