60-Nd-146_n-tot   PEAKS: ================================================================================================================================================================
Rank by Integral         Energy (eV)              Rank by Energy           TOF (us)                 Integral                 Peak Width               Rank by Peak Width       Peak Height              Rank by Peak Height      Relevant Isotope         
0                        2.586e+03                (6)                      3.335e+01                3.180e+04                9.862e+01                (0)                      1.013e+03                (4)                      none                     
1                        1.168e+03                (2)                      4.961e+01                2.720e+04                3.822e+01                (4)                      2.221e+03                (0)                      none                     
2                        3.644e+03                (9)                      2.809e+01                1.783e+04                7.679e+01                (1)                      7.198e+02                (7)                      none                     
3                        4.002e+03                (11)                     2.681e+01                9.173e+03                3.883e+01                (3)                      7.082e+02                (8)                      none                     
4                        1.505e+03                (3)                      4.372e+01                5.403e+03                1.092e+01                (13)                     1.471e+03                (2)                      none                     
5                        6.599e+03                (16)                     2.087e+01                5.362e+03                3.998e+01                (2)                      3.954e+02                (13)                     none                     
6                        2.032e+03                (5)                      3.762e+01                5.035e+03                1.341e+01                (11)                     1.114e+03                (3)                      none                     
7                        6.358e+03                (15)                     2.127e+01                4.267e+03                3.330e+01                (5)                      3.862e+02                (14)                     none                     
8                        8.095e+02                (1)                      5.960e+01                3.893e+03                5.189e+00                (16)                     2.082e+03                (1)                      none                     
9                        3.973e+03                (10)                     2.690e+01                3.623e+03                1.720e+01                (7)                      6.065e+02                (9)                      none                     
10                       2.976e+03                (7)                      3.108e+01                3.380e+03                1.354e+01                (10)                     7.265e+02                (6)                      none                     
11                       5.438e+03                (14)                     2.300e+01                3.236e+03                2.245e+01                (6)                      4.270e+02                (12)                     none                     
12                       1.819e+03                (4)                      3.976e+01                2.523e+03                7.560e+00                (15)                     9.192e+02                (5)                      none                     
13                       3.242e+03                (8)                      2.978e+01                1.998e+03                1.023e+01                (14)                     5.386e+02                (10)                     none                     
14                       5.064e+03                (12)                     2.383e+01                1.995e+03                1.483e+01                (8)                      3.828e+02                (15)                     none                     
15                       5.164e+03                (13)                     2.360e+01                1.568e+03                1.278e+01                (12)                     3.383e+02                (16)                     none                     
16                       7.011e+03                (17)                     2.025e+01                1.313e+03                1.470e+01                (9)                      2.477e+02                (17)                     none                     
17                       3.595e+02                (0)                      8.944e+01                4.516e+02                2.137e+00                (17)                     5.126e+02                (11)                     none                     
