62-Sm-150_n-tot   PEAKS: ================================================================================================================================================================
Rank by Integral         Energy (eV)              Rank by Energy           TOF (us)                 Integral                 Peak Width               Rank by Peak Width       Peak Height              Rank by Peak Height      Relevant Isotope         
0                        1.832e+01                (1)                      3.962e+02                6.415e+03                7.101e-01                (185)                    2.458e+04                (0)                      none                     
1                        9.950e+01                (14)                     1.700e+02                3.957e+03                1.610e+00                (164)                    6.641e+03                (3)                      none                     
2                        3.964e+01                (5)                      2.693e+02                3.179e+03                8.970e-01                (179)                    9.257e+03                (1)                      none                     
3                        1.841e+02                (25)                     1.250e+02                2.748e+03                2.267e+00                (140)                    3.292e+03                (6)                      none                     
4                        1.026e+02                (15)                     1.674e+02                2.567e+03                1.540e+00                (167)                    4.477e+03                (4)                      none                     
5                        3.210e+01                (4)                      2.993e+02                2.180e+03                7.704e-01                (182)                    7.276e+03                (2)                      none                     
6                        7.651e+02                (99)                     6.131e+01                2.069e+03                4.789e+00                (35)                     1.181e+03                (26)                     none                     
7                        1.237e+02                (17)                     1.525e+02                1.986e+03                1.592e+00                (165)                    3.260e+03                (7)                      none                     
8                        9.351e+02                (112)                    5.546e+01                1.764e+03                5.094e+00                (20)                     9.590e+02                (30)                     none                     
9                        3.593e+02                (45)                     8.946e+01                1.685e+03                2.685e+00                (120)                    1.632e+03                (16)                     none                     
10                       5.379e+02                (68)                     7.312e+01                1.676e+03                3.488e+00                (84)                     1.275e+03                (23)                     none                     
11                       2.060e+02                (28)                     1.181e+02                1.649e+03                1.966e+00                (153)                    2.170e+03                (13)                     none                     
12                       3.792e+02                (47)                     8.708e+01                1.623e+03                2.701e+00                (119)                    1.562e+03                (18)                     none                     
13                       1.515e+02                (19)                     1.378e+02                1.528e+03                1.688e+00                (161)                    2.334e+03                (11)                     none                     
14                       1.636e+02                (22)                     1.326e+02                1.519e+03                1.687e+00                (162)                    2.302e+03                (12)                     none                     
15                       2.253e+02                (30)                     1.130e+02                1.499e+03                2.145e+00                (144)                    1.831e+03                (14)                     none                     
16                       8.540e+02                (105)                    5.803e+01                1.494e+03                4.654e+00                (40)                     8.546e+02                (33)                     none                     
17                       5.134e+02                (65)                     7.484e+01                1.475e+03                3.249e+00                (95)                     1.191e+03                (24)                     none                     
18                       1.112e+03                (129)                    5.085e+01                1.372e+03                5.160e+00                (17)                     7.078e+02                (40)                     none                     
19                       8.961e+02                (109)                    5.665e+01                1.307e+03                4.447e+00                (47)                     7.808e+02                (36)                     none                     
20                       8.355e+01                (12)                     1.855e+02                1.302e+03                1.205e+00                (173)                    2.753e+03                (8)                      none                     
21                       6.172e+02                (81)                     6.826e+01                1.291e+03                3.504e+00                (83)                     9.633e+02                (29)                     none                     
22                       1.646e+03                (166)                    4.180e+01                1.263e+03                7.610e+00                (0)                      4.779e+02                (65)                     none                     
23                       2.662e+02                (35)                     1.039e+02                1.254e+03                2.118e+00                (145)                    1.513e+03                (19)                     none                     
24                       1.228e+03                (140)                    4.839e+01                1.219e+03                5.270e+00                (11)                     6.167e+02                (46)                     none                     
25                       1.517e+03                (158)                    4.354e+01                1.139e+03                5.950e+00                (3)                      5.113e+02                (60)                     none                     
26                       1.257e+03                (142)                    4.783e+01                1.134e+03                5.220e+00                (13)                     5.770e+02                (50)                     none                     
27                       8.750e+02                (108)                    5.733e+01                1.086e+03                4.100e+00                (61)                     6.919e+02                (41)                     none                     
28                       2.476e+02                (32)                     1.078e+02                1.075e+03                1.994e+00                (150)                    1.361e+03                (21)                     none                     
29                       5.804e+01                (8)                      2.226e+02                1.067e+03                1.004e+00                (177)                    2.719e+03                (9)                      none                     
30                       1.062e+03                (125)                    5.203e+01                1.063e+03                5.050e+00                (22)                     5.651e+02                (52)                     none                     
31                       1.428e+03                (154)                    4.487e+01                1.059e+03                5.460e+00                (8)                      5.112e+02                (61)                     none                     
32                       1.084e+03                (127)                    5.150e+01                1.019e+03                4.930e+00                (30)                     5.510e+02                (54)                     none                     
33                       7.341e+02                (95)                     6.259e+01                9.899e+02                3.841e+00                (70)                     6.728e+02                (43)                     none                     
34                       4.181e+02                (54)                     8.293e+01                9.685e+02                2.631e+00                (124)                    9.340e+02                (31)                     none                     
35                       4.987e+02                (64)                     7.594e+01                9.358e+02                2.934e+00                (104)                    8.238e+02                (35)                     none                     
36                       1.400e+02                (18)                     1.433e+02                9.355e+02                1.510e+00                (168)                    1.566e+03                (17)                     none                     
37                       1.744e+03                (173)                    4.060e+01                9.198e+02                6.600e+00                (1)                      3.907e+02                (80)                     none                     
38                       8.096e+02                (101)                    5.960e+01                9.189e+02                3.750e+00                (73)                     6.261e+02                (45)                     none                     
39                       3.404e+02                (43)                     9.191e+01                9.090e+02                2.338e+00                (137)                    9.830e+02                (28)                     none                     
40                       1.594e+03                (163)                    4.247e+01                8.863e+02                5.600e+00                (4)                      4.165e+02                (75)                     none                     
41                       2.217e+02                (29)                     1.139e+02                8.843e+02                1.878e+00                (159)                    1.182e+03                (25)                     none                     
42                       1.050e+03                (123)                    5.233e+01                8.753e+02                4.630e+00                (42)                     4.940e+02                (63)                     none                     
43                       1.539e+03                (159)                    4.323e+01                8.500e+02                5.990e+00                (2)                      3.898e+02                (81)                     none                     
44                       9.301e+02                (111)                    5.561e+01                8.446e+02                4.073e+00                (63)                     5.456e+02                (57)                     none                     
45                       1.634e+03                (165)                    4.195e+01                8.151e+02                5.480e+00                (6)                      3.844e+02                (84)                     none                     
46                       9.431e+02                (113)                    5.522e+01                8.102e+02                4.270e+00                (52)                     5.206e+02                (59)                     none                     
47                       8.231e+02                (102)                    5.911e+01                7.813e+02                3.663e+00                (76)                     5.412e+02                (58)                     none                     
48                       7.580e+02                (98)                     6.159e+01                7.564e+02                3.448e+00                (87)                     5.479e+02                (56)                     none                     
49                       1.069e+02                (16)                     1.640e+02                7.557e+02                1.271e+00                (172)                    1.501e+03                (20)                     none                     
50                       2.974e+01                (3)                      3.110e+02                7.199e+02                7.142e-01                (184)                    2.569e+03                (10)                     none                     
51                       1.279e+03                (144)                    4.742e+01                7.123e+02                4.910e+00                (31)                     3.880e+02                (82)                     none                     
52                       9.841e+02                (116)                    5.406e+01                7.005e+02                4.183e+00                (56)                     4.331e+02                (72)                     none                     
53                       1.396e+03                (152)                    4.538e+01                6.747e+02                5.160e+00                (18)                     3.425e+02                (99)                     none                     
54                       1.132e+03                (132)                    5.040e+01                6.730e+02                4.430e+00                (49)                     4.094e+02                (78)                     none                     
55                       5.634e+02                (73)                     7.144e+01                6.686e+02                2.886e+00                (110)                    5.974e+02                (48)                     none                     
56                       1.404e+03                (153)                    4.526e+01                6.601e+02                4.720e+00                (37)                     3.632e+02                (89)                     none                     
57                       1.365e+03                (151)                    4.590e+01                6.368e+02                4.700e+00                (39)                     3.489e+02                (97)                     none                     
58                       1.207e+03                (138)                    4.881e+01                6.366e+02                4.550e+00                (45)                     3.596e+02                (91)                     none                     
59                       5.596e+02                (72)                     7.169e+01                6.357e+02                2.979e+00                (102)                    5.485e+02                (55)                     none                     
60                       4.795e+02                (61)                     7.744e+01                6.297e+02                2.737e+00                (118)                    5.813e+02                (49)                     none                     
61                       1.323e+03                (148)                    4.662e+01                6.228e+02                4.580e+00                (44)                     3.578e+02                (94)                     none                     
62                       1.472e+03                (157)                    4.420e+01                6.228e+02                5.220e+00                (14)                     3.180e+02                (108)                    none                     
63                       7.290e+02                (94)                     6.281e+01                6.205e+02                3.456e+00                (85)                     4.511e+02                (69)                     none                     
64                       1.028e+03                (121)                    5.289e+01                6.175e+02                3.820e+00                (72)                     4.108e+02                (76)                     none                     
65                       4.358e+02                (56)                     8.123e+01                6.163e+02                2.598e+00                (126)                    5.989e+02                (47)                     none                     
66                       5.526e+02                (70)                     7.214e+01                6.154e+02                2.550e+00                (129)                    8.447e+02                (34)                     none                     
67                       6.831e+02                (90)                     6.488e+01                6.055e+02                3.201e+00                (96)                     4.769e+02                (66)                     none                     
68                       1.181e+03                (136)                    4.934e+01                6.052e+02                4.280e+00                (51)                     3.583e+02                (93)                     none                     
69                       4.935e+01                (7)                      2.414e+02                5.886e+02                8.788e-01                (181)                    1.683e+03                (15)                     none                     
70                       1.102e+03                (128)                    5.108e+01                5.871e+02                4.110e+00                (60)                     3.660e+02                (88)                     none                     
71                       2.571e+02                (33)                     1.058e+02                5.815e+02                1.942e+00                (155)                    7.444e+02                (37)                     none                     
72                       5.456e+02                (69)                     7.260e+01                5.809e+02                2.892e+00                (109)                    5.084e+02                (62)                     none                     
73                       1.216e+03                (139)                    4.863e+01                5.772e+02                4.370e+00                (50)                     3.416e+02                (100)                    none                     
74                       3.819e+02                (48)                     8.677e+01                5.742e+02                2.255e+00                (141)                    6.837e+02                (42)                     none                     
75                       6.485e+02                (85)                     6.659e+01                5.639e+02                3.074e+00                (98)                     4.604e+02                (68)                     none                     
76                       3.905e+02                (49)                     8.581e+01                5.451e+02                2.353e+00                (134)                    5.768e+02                (51)                     none                     
77                       7.540e+02                (97)                     6.176e+01                5.365e+02                3.271e+00                (94)                     4.097e+02                (77)                     none                     
78                       9.911e+02                (117)                    5.387e+01                5.322e+02                3.856e+00                (69)                     3.572e+02                (95)                     none                     
79                       5.973e+02                (78)                     6.938e+01                5.209e+02                2.947e+00                (103)                    4.445e+02                (70)                     none                     
80                       1.663e+03                (167)                    4.158e+01                5.147e+02                5.080e+00                (21)                     2.691e+02                (116)                    none                     
81                       1.196e+03                (137)                    4.903e+01                5.081e+02                4.180e+00                (57)                     3.047e+02                (111)                    none                     
82                       3.397e+00                (0)                      9.201e+02                5.069e+02                3.200e-01                (187)                    4.366e+03                (5)                      none                     
83                       1.732e+03                (171)                    4.075e+01                5.049e+02                5.490e+00                (5)                      2.409e+02                (122)                    none                     
84                       2.708e+02                (36)                     1.031e+02                5.039e+02                2.012e+00                (148)                    6.390e+02                (44)                     none                     
85                       1.898e+03                (180)                    3.892e+01                4.885e+02                4.970e+00                (28)                     3.057e+02                (110)                    none                     
86                       1.799e+03                (176)                    3.998e+01                4.725e+02                5.160e+00                (16)                     2.429e+02                (121)                    none                     
87                       7.130e+02                (93)                     6.351e+01                4.705e+02                3.285e+00                (93)                     3.608e+02                (90)                     none                     
88                       1.956e+03                (185)                    3.834e+01                4.681e+02                5.440e+00                (9)                      2.270e+02                (129)                    none                     
89                       1.246e+03                (141)                    4.804e+01                4.634e+02                4.210e+00                (54)                     2.772e+02                (115)                    none                     
90                       8.581e+02                (106)                    5.789e+01                4.552e+02                3.532e+00                (82)                     3.703e+02                (87)                     none                     
91                       1.580e+03                (162)                    4.266e+01                4.523e+02                4.840e+00                (34)                     2.393e+02                (123)                    none                     
92                       1.902e+03                (181)                    3.888e+01                4.484e+02                5.030e+00                (23)                     3.075e+02                (109)                    none                     
93                       7.612e+01                (10)                     1.944e+02                4.400e+02                1.054e+00                (176)                    1.034e+03                (27)                     none                     
94                       4.757e+02                (60)                     7.775e+01                4.368e+02                2.550e+00                (128)                    4.222e+02                (73)                     none                     
95                       2.636e+02                (34)                     1.044e+02                4.269e+02                1.880e+00                (157)                    5.633e+02                (53)                     none                     
96                       3.985e+02                (51)                     8.495e+01                4.210e+02                2.248e+00                (142)                    4.792e+02                (64)                     none                     
97                       6.775e+02                (89)                     6.515e+01                4.184e+02                3.041e+00                (99)                     3.385e+02                (101)                    none                     
98                       5.544e+02                (71)                     7.202e+01                4.167e+02                2.381e+00                (133)                    7.107e+02                (39)                     none                     
99                       6.227e+02                (82)                     6.796e+01                4.135e+02                2.742e+00                (117)                    3.819e+02                (86)                     none                     
100                      1.610e+03                (164)                    4.226e+01                4.124e+02                5.010e+00                (24)                     2.188e+02                (131)                    none                     
101                      9.621e+02                (115)                    5.467e+01                4.100e+02                3.699e+00                (74)                     2.865e+02                (113)                    none                     
102                      4.863e+02                (62)                     7.690e+01                4.057e+02                2.643e+00                (123)                    3.824e+02                (85)                     none                     
103                      1.679e+03                (168)                    4.138e+01                4.020e+02                5.140e+00                (19)                     2.124e+02                (133)                    none                     
104                      4.960e+02                (63)                     7.614e+01                3.934e+02                2.413e+00                (132)                    4.085e+02                (79)                     none                     
105                      4.585e+02                (58)                     7.920e+01                3.910e+02                2.480e+00                (130)                    3.866e+02                (83)                     none                     
106                      5.801e+02                (76)                     7.041e+01                3.789e+02                2.853e+00                (112)                    3.366e+02                (102)                    none                     
107                      8.501e+02                (104)                    5.816e+01                3.784e+02                3.076e+00                (97)                     3.448e+02                (98)                     none                     
108                      1.609e+02                (20)                     1.337e+02                3.776e+02                1.295e+00                (171)                    8.583e+02                (32)                     none                     
109                      6.057e+02                (79)                     6.890e+01                3.734e+02                2.864e+00                (111)                    3.234e+02                (105)                    none                     
110                      1.929e+03                (183)                    3.861e+01                3.699e+02                5.470e+00                (7)                      1.827e+02                (149)                    none                     
111                      1.039e+03                (122)                    5.261e+01                3.695e+02                3.880e+00                (66)                     2.433e+02                (120)                    none                     
112                      3.321e+02                (42)                     9.305e+01                3.693e+02                1.987e+00                (151)                    4.626e+02                (67)                     none                     
113                      1.705e+03                (169)                    4.107e+01                3.632e+02                4.970e+00                (27)                     1.893e+02                (146)                    none                     
114                      2.716e+01                (2)                      3.254e+02                3.632e+02                6.887e-01                (186)                    1.352e+03                (22)                     none                     
115                      1.561e+03                (160)                    4.292e+01                3.544e+02                4.710e+00                (38)                     1.905e+02                (145)                    none                     
116                      1.318e+03                (147)                    4.671e+01                3.494e+02                4.220e+00                (53)                     2.092e+02                (137)                    none                     
117                      8.381e+02                (103)                    5.858e+01                3.482e+02                3.355e+00                (90)                     2.568e+02                (117)                    none                     
118                      9.220e+02                (110)                    5.585e+01                3.458e+02                3.650e+00                (77)                     2.357e+02                (125)                    none                     
119                      1.298e+03                (146)                    4.707e+01                3.452e+02                4.180e+00                (58)                     2.142e+02                (132)                    none                     
120                      3.301e+02                (41)                     9.333e+01                3.359e+02                1.981e+00                (152)                    4.193e+02                (74)                     none                     
121                      1.974e+03                (187)                    3.817e+01                3.270e+02                5.370e+00                (10)                     1.705e+02                (153)                    none                     
122                      1.720e+03                (170)                    4.089e+01                3.258e+02                4.890e+00                (32)                     1.730e+02                (151)                    none                     
123                      5.742e+02                (75)                     7.077e+01                3.200e+02                2.764e+00                (116)                    2.920e+02                (112)                    none                     
124                      3.499e+02                (44)                     9.066e+01                3.177e+02                2.177e+00                (143)                    3.589e+02                (92)                     none                     
125                      1.153e+03                (135)                    4.994e+01                3.076e+02                3.880e+00                (68)                     2.080e+02                (139)                    none                     
126                      7.960e+02                (100)                    6.010e+01                2.935e+02                3.325e+00                (92)                     2.223e+02                (130)                    none                     
127                      1.128e+03                (131)                    5.049e+01                2.910e+02                3.540e+00                (81)                     2.111e+02                (136)                    none                     
128                      4.213e+02                (55)                     8.261e+01                2.895e+02                2.316e+00                (138)                    3.219e+02                (106)                    none                     
129                      1.070e+03                (126)                    5.184e+01                2.846e+02                3.880e+00                (67)                     1.945e+02                (141)                    none                     
130                      1.911e+02                (26)                     1.227e+02                2.815e+02                1.617e+00                (163)                    4.400e+02                (71)                     none                     
131                      1.738e+03                (172)                    4.067e+01                2.789e+02                4.510e+00                (46)                     1.626e+02                (155)                    none                     
132                      3.964e+02                (50)                     8.517e+01                2.738e+02                2.071e+00                (146)                    3.351e+02                (103)                    none                     
133                      6.519e+02                (86)                     6.642e+01                2.713e+02                2.894e+00                (108)                    2.468e+02                (119)                    none                     
134                      6.126e+02                (80)                     6.851e+01                2.684e+02                2.814e+00                (114)                    2.371e+02                (124)                    none                     
135                      1.449e+03                (155)                    4.455e+01                2.575e+02                4.430e+00                (48)                     1.542e+02                (160)                    none                     
136                      5.876e+02                (77)                     6.995e+01                2.551e+02                2.778e+00                (115)                    2.323e+02                (126)                    none                     
137                      2.901e+02                (39)                     9.956e+01                2.520e+02                1.945e+00                (154)                    3.216e+02                (107)                    none                     
138                      1.566e+03                (161)                    4.285e+01                2.518e+02                4.600e+00                (43)                     1.487e+02                (164)                    none                     
139                      1.912e+03                (182)                    3.878e+01                2.507e+02                5.230e+00                (12)                     1.398e+02                (166)                    none                     
140                      5.287e+02                (66)                     7.375e+01                2.481e+02                2.601e+00                (125)                    2.312e+02                (128)                    none                     
141                      1.967e+03                (186)                    3.823e+01                2.462e+02                5.200e+00                (15)                     1.314e+02                (171)                    none                     
142                      4.118e+02                (53)                     8.356e+01                2.426e+02                2.339e+00                (136)                    2.567e+02                (118)                    none                     
143                      1.332e+03                (149)                    4.646e+01                2.354e+02                4.180e+00                (59)                     1.551e+02                (157)                    none                     
144                      1.865e+03                (179)                    3.927e+01                2.312e+02                4.990e+00                (25)                     1.241e+02                (176)                    none                     
145                      6.968e+02                (91)                     6.424e+01                2.264e+02                3.027e+00                (101)                    1.878e+02                (147)                    none                     
146                      1.117e+03                (130)                    5.074e+01                2.253e+02                3.610e+00                (79)                     1.853e+02                (148)                    none                     
147                      1.794e+03                (175)                    4.004e+01                2.252e+02                4.640e+00                (41)                     1.258e+02                (174)                    none                     
148                      6.592e+02                (87)                     6.605e+01                2.234e+02                2.916e+00                (106)                    1.943e+02                (142)                    none                     
149                      1.458e+03                (156)                    4.441e+01                2.134e+02                4.210e+00                (55)                     1.324e+02                (170)                    none                     
150                      4.627e+02                (59)                     7.884e+01                2.083e+02                2.465e+00                (131)                    2.114e+02                (135)                    none                     
151                      1.819e+03                (177)                    3.976e+01                2.079e+02                4.970e+00                (26)                     1.167e+02                (179)                    none                     
152                      1.780e+03                (174)                    4.019e+01                2.048e+02                4.730e+00                (36)                     1.184e+02                (178)                    none                     
153                      1.016e+03                (119)                    5.320e+01                2.023e+02                3.640e+00                (78)                     1.411e+02                (165)                    none                     
154                      5.324e+02                (67)                     7.349e+01                2.018e+02                2.589e+00                (127)                    1.908e+02                (144)                    none                     
155                      1.292e+03                (145)                    4.718e+01                1.990e+02                4.010e+00                (64)                     1.312e+02                (172)                    none                     
156                      1.827e+03                (178)                    3.967e+01                1.986e+02                4.930e+00                (29)                     1.155e+02                (181)                    none                     
157                      6.253e+02                (83)                     6.781e+01                1.907e+02                2.647e+00                (122)                    2.086e+02                (138)                    none                     
158                      6.688e+02                (88)                     6.557e+01                1.794e+02                2.899e+00                (107)                    1.548e+02                (159)                    none                     
159                      1.148e+03                (134)                    5.005e+01                1.793e+02                3.840e+00                (71)                     1.256e+02                (175)                    none                     
160                      1.139e+03                (133)                    5.024e+01                1.738e+02                3.680e+00                (75)                     1.339e+02                (168)                    none                     
161                      6.447e+02                (84)                     6.679e+01                1.708e+02                2.823e+00                (113)                    1.490e+02                (163)                    none                     
162                      1.718e+02                (23)                     1.294e+02                1.695e+02                1.493e+00                (170)                    2.815e+02                (114)                    none                     
163                      1.356e+03                (150)                    4.605e+01                1.643e+02                4.090e+00                (62)                     1.041e+02                (185)                    none                     
164                      4.398e+02                (57)                     8.086e+01                1.618e+02                2.344e+00                (135)                    1.783e+02                (150)                    none                     
165                      1.937e+03                (184)                    3.853e+01                1.606e+02                4.890e+00                (33)                     1.004e+02                (187)                    none                     
166                      4.071e+01                (6)                      2.658e+02                1.587e+02                7.300e-01                (183)                    7.175e+02                (38)                     none                     
167                      7.440e+02                (96)                     6.217e+01                1.579e+02                3.029e+00                (100)                    1.359e+02                (167)                    none                     
168                      1.265e+03                (143)                    4.768e+01                1.567e+02                3.970e+00                (65)                     1.219e+02                (177)                    none                     
169                      8.641e+02                (107)                    5.769e+01                1.530e+02                3.351e+00                (91)                     1.311e+02                (173)                    none                     
170                      4.048e+02                (52)                     8.428e+01                1.497e+02                2.281e+00                (139)                    1.668e+02                (154)                    none                     
171                      2.833e+02                (38)                     1.008e+02                1.442e+02                1.882e+00                (156)                    1.930e+02                (143)                    none                     
172                      3.622e+02                (46)                     8.911e+01                1.430e+02                2.035e+00                (147)                    2.080e+02                (140)                    none                     
173                      1.001e+03                (118)                    5.360e+01                1.421e+02                3.551e+00                (80)                     1.081e+02                (183)                    none                     
174                      1.056e+03                (124)                    5.218e+01                1.394e+02                3.450e+00                (86)                     1.060e+02                (184)                    none                     
175                      9.531e+02                (114)                    5.493e+01                1.393e+02                3.426e+00                (88)                     1.164e+02                (180)                    none                     
176                      6.510e+01                (9)                      2.102e+02                1.377e+02                9.710e-01                (178)                    3.552e+02                (96)                     none                     
177                      7.020e+02                (92)                     6.400e+01                1.320e+02                2.933e+00                (105)                    1.143e+02                (182)                    none                     
178                      3.121e+02                (40)                     9.599e+01                1.241e+02                1.995e+00                (149)                    1.548e+02                (158)                    none                     
179                      5.676e+02                (74)                     7.118e+01                1.221e+02                2.666e+00                (121)                    1.326e+02                (169)                    none                     
180                      2.744e+02                (37)                     1.024e+02                1.203e+02                1.879e+00                (158)                    1.714e+02                (152)                    none                     
181                      2.408e+02                (31)                     1.093e+02                1.055e+02                1.788e+00                (160)                    1.501e+02                (162)                    none                     
182                      9.490e+01                (13)                     1.741e+02                1.050e+02                1.145e+00                (174)                    2.315e+02                (127)                    none                     
183                      1.025e+03                (120)                    5.297e+01                1.022e+02                3.410e+00                (89)                     1.018e+02                (186)                    none                     
184                      1.981e+02                (27)                     1.205e+02                9.810e+01                1.590e+00                (166)                    1.572e+02                (156)                    none                     
185                      1.796e+02                (24)                     1.265e+02                9.024e+01                1.503e+00                (169)                    1.538e+02                (161)                    none                     
186                      7.988e+01                (11)                     1.897e+02                8.911e+01                1.063e+00                (175)                    2.123e+02                (134)                    none                     
187                      1.617e+02                (21)                     1.334e+02                3.290e+01                8.910e-01                (180)                    3.266e+02                (104)                    none                     
