62-Sm-148_n-g   PEAKS: ================================================================================================================================================================
Rank by Integral         Energy (eV)              Rank by Energy           TOF (us)                 Integral                 Peak Width               Rank by Peak Width       Peak Height              Rank by Peak Height      Relevant Isotope         
0                        1.466e+01                (1)                      4.315e+02                3.809e+03                6.603e-01                (60)                     1.583e+04                (0)                      none                     
1                        1.132e+01                (0)                      4.910e+02                2.774e+03                5.440e-01                (61)                     1.379e+04                (1)                      none                     
2                        3.698e+01                (3)                      2.717e+02                2.167e+03                1.773e+00                (44)                     3.663e+03                (3)                      none                     
3                        2.388e+01                (2)                      3.381e+02                2.060e+03                7.937e-01                (59)                     7.007e+03                (2)                      none                     
4                        9.043e+01                (9)                      1.738e+02                1.677e+03                1.737e+00                (45)                     2.669e+03                (5)                      none                     
5                        4.072e+01                (4)                      2.589e+02                1.076e+03                8.850e-01                (57)                     3.163e+03                (4)                      none                     
6                        6.947e+01                (8)                      1.982e+02                1.001e+03                1.161e+00                (55)                     2.240e+03                (6)                      none                     
7                        6.152e+01                (6)                      2.107e+02                8.387e+02                2.822e+00                (24)                     9.958e+02                (10)                     none                     
8                        6.379e+01                (7)                      2.069e+02                7.350e+02                1.044e+00                (56)                     1.903e+03                (7)                      none                     
9                        1.114e+02                (10)                     1.565e+02                7.190e+02                1.510e+00                (52)                     1.240e+03                (9)                      none                     
10                       1.214e+02                (11)                     1.500e+02                7.010e+02                2.352e+00                (36)                     8.576e+02                (11)                     none                     
11                       1.286e+02                (12)                     1.457e+02                6.529e+02                5.194e+00                (3)                      3.861e+02                (20)                     none                     
12                       2.580e+02                (29)                     1.029e+02                6.093e+02                5.340e+00                (2)                      3.459e+02                (22)                     none                     
13                       4.631e+01                (5)                      2.428e+02                5.366e+02                8.412e-01                (58)                     1.594e+03                (8)                      none                     
14                       1.947e+02                (21)                     1.184e+02                4.815e+02                2.657e+00                (31)                     5.746e+02                (14)                     none                     
15                       1.642e+02                (17)                     1.289e+02                3.835e+02                1.951e+00                (42)                     5.915e+02                (12)                     none                     
16                       2.062e+02                (22)                     1.151e+02                3.796e+02                1.824e+00                (43)                     5.286e+02                (16)                     none                     
17                       1.665e+02                (18)                     1.281e+02                3.527e+02                1.530e+00                (51)                     5.907e+02                (13)                     none                     
18                       5.039e+02                (51)                     7.361e+01                3.271e+02                5.466e+00                (1)                      1.731e+02                (42)                     none                     
19                       2.214e+02                (24)                     1.110e+02                3.103e+02                2.998e+00                (19)                     3.073e+02                (25)                     none                     
20                       1.411e+02                (13)                     1.391e+02                3.065e+02                1.442e+00                (53)                     5.295e+02                (15)                     none                     
21                       2.441e+02                (28)                     1.057e+02                3.014e+02                2.315e+00                (38)                     3.455e+02                (23)                     none                     
22                       2.949e+02                (32)                     9.621e+01                2.943e+02                4.418e+00                (6)                      1.973e+02                (36)                     none                     
23                       2.249e+02                (25)                     1.102e+02                2.923e+02                3.380e+00                (14)                     2.592e+02                (28)                     none                     
24                       1.483e+02                (14)                     1.357e+02                2.690e+02                1.424e+00                (54)                     4.641e+02                (17)                     none                     
25                       2.140e+02                (23)                     1.129e+02                2.676e+02                1.703e+00                (48)                     3.857e+02                (21)                     none                     
26                       3.397e+02                (37)                     8.965e+01                2.653e+02                3.518e+00                (11)                     2.165e+02                (34)                     none                     
27                       6.673e+02                (58)                     6.396e+01                2.500e+02                4.163e+00                (7)                      1.645e+02                (46)                     none                     
28                       3.716e+02                (40)                     8.572e+01                2.314e+02                4.106e+00                (8)                      1.687e+02                (44)                     none                     
29                       2.835e+02                (31)                     9.814e+01                2.294e+02                2.152e+00                (40)                     3.164e+02                (24)                     none                     
30                       4.038e+02                (42)                     8.222e+01                2.288e+02                3.373e+00                (15)                     1.859e+02                (39)                     none                     
31                       1.619e+02                (16)                     1.298e+02                2.202e+02                2.111e+00                (41)                     4.467e+02                (18)                     none                     
32                       3.145e+02                (35)                     9.317e+01                2.183e+02                3.640e+00                (10)                     1.803e+02                (41)                     none                     
33                       3.896e+02                (41)                     8.371e+01                2.164e+02                2.422e+00                (35)                     2.314e+02                (31)                     none                     
34                       4.258e+02                (43)                     8.007e+01                2.156e+02                3.022e+00                (18)                     1.915e+02                (37)                     none                     
35                       3.282e+02                (36)                     9.120e+01                2.061e+02                3.452e+00                (13)                     1.883e+02                (38)                     none                     
36                       3.581e+02                (38)                     8.731e+01                2.051e+02                2.486e+00                (34)                     2.174e+02                (33)                     none                     
37                       4.669e+02                (46)                     7.647e+01                1.923e+02                2.714e+00                (29)                     1.809e+02                (40)                     none                     
38                       4.795e+02                (47)                     7.546e+01                1.832e+02                2.861e+00                (23)                     1.708e+02                (43)                     none                     
39                       4.934e+02                (50)                     7.438e+01                1.804e+02                4.491e+00                (5)                      1.160e+02                (58)                     none                     
40                       5.304e+02                (52)                     7.174e+01                1.793e+02                3.516e+00                (12)                     1.380e+02                (52)                     none                     
41                       6.840e+02                (60)                     6.318e+01                1.773e+02                4.808e+00                (4)                      1.342e+02                (53)                     none                     
42                       1.825e+02                (19)                     1.223e+02                1.738e+02                1.575e+00                (50)                     2.760e+02                (26)                     none                     
43                       5.380e+02                (53)                     7.124e+01                1.711e+02                2.897e+00                (22)                     1.486e+02                (48)                     none                     
44                       2.307e+02                (26)                     1.088e+02                1.675e+02                1.728e+00                (46)                     2.382e+02                (30)                     none                     
45                       1.870e+02                (20)                     1.208e+02                1.659e+02                1.591e+00                (49)                     2.694e+02                (27)                     none                     
46                       1.602e+02                (15)                     1.305e+02                1.649e+02                2.757e+00                (27)                     3.998e+02                (19)                     none                     
47                       3.670e+02                (39)                     8.625e+01                1.557e+02                2.204e+00                (39)                     2.036e+02                (35)                     none                     
48                       4.861e+02                (49)                     7.494e+01                1.489e+02                3.666e+00                (9)                      1.147e+02                (59)                     none                     
49                       5.551e+02                (54)                     7.013e+01                1.467e+02                2.748e+00                (28)                     1.325e+02                (54)                     none                     
50                       4.584e+02                (45)                     7.717e+01                1.434e+02                2.527e+00                (33)                     1.584e+02                (47)                     none                     
51                       4.823e+02                (48)                     7.524e+01                1.431e+02                2.694e+00                (30)                     1.435e+02                (51)                     none                     
52                       6.188e+02                (55)                     6.642e+01                1.413e+02                2.980e+00                (20)                     1.185e+02                (57)                     none                     
53                       4.491e+02                (44)                     7.797e+01                1.365e+02                2.898e+00                (21)                     1.660e+02                (45)                     none                     
54                       6.962e+02                (61)                     6.262e+01                1.305e+02                3.183e+00                (17)                     1.034e+02                (61)                     none                     
55                       3.088e+02                (33)                     9.402e+01                1.235e+02                2.766e+00                (26)                     2.583e+02                (29)                     none                     
56                       6.450e+02                (57)                     6.506e+01                1.212e+02                3.321e+00                (16)                     1.239e+02                (56)                     none                     
57                       6.424e+02                (56)                     6.519e+01                1.072e+02                2.586e+00                (32)                     1.287e+02                (55)                     none                     
58                       2.411e+02                (27)                     1.064e+02                1.000e+02                1.722e+00                (47)                     1.444e+02                (50)                     none                     
59                       6.724e+02                (59)                     6.372e+01                9.972e+01                2.768e+00                (25)                     1.045e+02                (60)                     none                     
60                       3.104e+02                (34)                     9.379e+01                9.874e+01                2.337e+00                (37)                     2.305e+02                (32)                     none                     
61                       2.812e+02                (30)                     9.854e+01                8.856e+01                5.585e+00                (0)                      1.455e+02                (49)                     none                     
