62-Sm-154_n-g   PEAKS: ================================================================================================================================================================
Rank by Integral         Energy (eV)              Rank by Energy           TOF (us)                 Integral                 Peak Width               Rank by Peak Width       Peak Height              Rank by Peak Height      Relevant Isotope         
0                        8.930e+00                (3)                      5.529e+02                1.634e+03                4.466e-01                (117)                    9.703e+03                (1)                      none                     
1                        4.430e+01                (18)                     2.482e+02                1.326e+03                8.864e-01                (94)                     3.861e+03                (3)                      none                     
2                        8.720e-01                (0)                      1.769e+03                1.264e+03                2.285e-01                (120)                    1.628e+04                (0)                      none                     
3                        7.310e+01                (31)                     1.933e+02                1.005e+03                1.142e+00                (78)                     2.277e+03                (9)                      none                     
4                        5.970e+01                (24)                     2.138e+02                9.932e+02                1.028e+00                (84)                     2.490e+03                (7)                      none                     
5                        5.160e+01                (22)                     2.300e+02                9.752e+02                9.478e-01                (91)                     2.636e+03                (6)                      none                     
6                        1.341e+02                (54)                     1.427e+02                8.162e+02                1.751e+00                (40)                     1.236e+03                (22)                     none                     
7                        9.080e+01                (37)                     1.734e+02                7.889e+02                1.220e+00                (72)                     1.662e+03                (17)                     none                     
8                        6.480e+01                (27)                     2.053e+02                7.652e+02                1.012e+00                (85)                     1.906e+03                (12)                     none                     
9                        9.822e+01                (41)                     1.667e+02                7.560e+02                1.288e+00                (67)                     1.525e+03                (19)                     none                     
10                       7.070e+01                (29)                     1.965e+02                7.431e+02                1.123e+00                (80)                     1.711e+03                (16)                     none                     
11                       6.210e+01                (26)                     2.097e+02                7.144e+02                9.872e-01                (89)                     1.827e+03                (14)                     none                     
12                       2.527e+01                (10)                     3.287e+02                7.138e+02                6.407e-01                (108)                    2.825e+03                (5)                      none                     
13                       5.740e+01                (23)                     2.181e+02                6.688e+02                9.411e-01                (92)                     1.787e+03                (15)                     none                     
14                       4.020e+01                (16)                     2.606e+02                6.687e+02                7.964e-01                (102)                    2.137e+03                (10)                     none                     
15                       4.940e+00                (1)                      7.434e+02                6.555e+02                3.522e-01                (119)                    5.018e+03                (2)                      none                     
16                       1.491e+01                (5)                      4.279e+02                6.398e+02                5.257e-01                (114)                    3.147e+03                (4)                      none                     
17                       4.130e+01                (17)                     2.571e+02                6.347e+02                8.175e-01                (100)                    1.976e+03                (11)                     none                     
18                       9.220e+01                (38)                     1.721e+02                6.219e+02                1.243e+00                (70)                     1.306e+03                (21)                     none                     
19                       1.471e+02                (57)                     1.362e+02                5.736e+02                1.540e+00                (54)                     9.415e+02                (30)                     none                     
20                       2.325e+01                (8)                      3.427e+02                5.715e+02                6.370e-01                (109)                    2.298e+03                (8)                      none                     
21                       9.963e+01                (42)                     1.655e+02                5.612e+02                1.216e+00                (73)                     1.187e+03                (24)                     none                     
22                       1.852e+02                (63)                     1.214e+02                5.252e+02                2.062e+00                (20)                     6.790e+02                (35)                     none                     
23                       3.080e+01                (14)                     2.977e+02                5.105e+02                7.009e-01                (105)                    1.839e+03                (13)                     none                     
24                       9.561e+01                (39)                     1.690e+02                4.087e+02                1.006e+00                (86)                     1.622e+03                (18)                     none                     
25                       1.253e+02                (52)                     1.476e+02                4.081e+02                1.383e+00                (61)                     7.396e+02                (34)                     none                     
26                       6.830e+01                (28)                     1.999e+02                3.582e+02                9.712e-01                (90)                     9.131e+02                (32)                     none                     
27                       2.037e+02                (68)                     1.158e+02                3.574e+02                1.831e+00                (31)                     4.941e+02                (43)                     none                     
28                       1.548e+02                (58)                     1.328e+02                3.570e+02                1.488e+00                (57)                     5.934e+02                (39)                     none                     
29                       1.195e+02                (51)                     1.511e+02                3.284e+02                1.331e+00                (63)                     6.136e+02                (37)                     none                     
30                       2.631e+02                (82)                     1.019e+02                3.224e+02                1.962e+00                (27)                     4.124e+02                (48)                     none                     
31                       4.509e+01                (19)                     2.461e+02                3.052e+02                7.285e-01                (104)                    1.188e+03                (23)                     none                     
32                       1.799e+02                (62)                     1.232e+02                3.009e+02                1.617e+00                (52)                     4.652e+02                (44)                     none                     
33                       7.540e+01                (33)                     1.903e+02                2.970e+02                8.991e-01                (93)                     9.680e+02                (28)                     none                     
34                       3.390e+01                (15)                     2.838e+02                2.941e+02                6.996e-01                (106)                    1.042e+03                (27)                     none                     
35                       9.629e+01                (40)                     1.684e+02                2.908e+02                9.991e-01                (87)                     1.381e+03                (20)                     none                     
36                       1.091e+02                (47)                     1.582e+02                2.908e+02                1.224e+00                (71)                     5.873e+02                (40)                     none                     
37                       2.587e+02                (80)                     1.027e+02                2.893e+02                1.872e+00                (30)                     3.856e+02                (50)                     none                     
38                       8.390e+01                (35)                     1.804e+02                2.873e+02                1.081e+00                (82)                     6.558e+02                (36)                     none                     
39                       1.779e+02                (61)                     1.239e+02                2.845e+02                1.645e+00                (49)                     4.488e+02                (45)                     none                     
40                       1.881e+02                (64)                     1.205e+02                2.611e+02                1.628e+00                (50)                     4.028e+02                (49)                     none                     
41                       2.548e+02                (79)                     1.035e+02                2.573e+02                1.796e+00                (35)                     3.656e+02                (53)                     none                     
42                       3.159e+02                (93)                     9.296e+01                2.513e+02                2.085e+00                (19)                     2.963e+02                (60)                     none                     
43                       8.770e+01                (36)                     1.764e+02                2.502e+02                1.099e+00                (81)                     5.648e+02                (41)                     none                     
44                       2.658e+02                (83)                     1.013e+02                2.325e+02                1.968e+00                (26)                     2.958e+02                (61)                     none                     
45                       2.611e+01                (11)                     3.234e+02                2.253e+02                6.020e-01                (111)                    9.493e+02                (29)                     none                     
46                       2.301e+02                (74)                     1.089e+02                2.238e+02                1.752e+00                (39)                     3.134e+02                (59)                     none                     
47                       1.152e+02                (49)                     1.539e+02                2.174e+02                1.243e+00                (69)                     4.282e+02                (47)                     none                     
48                       1.071e+02                (46)                     1.597e+02                2.163e+02                1.196e+00                (75)                     4.450e+02                (46)                     none                     
49                       1.201e+01                (4)                      4.768e+02                2.132e+02                4.728e-01                (115)                    1.167e+03                (25)                     none                     
50                       1.716e+01                (7)                      3.989e+02                2.087e+02                5.905e-01                (112)                    9.287e+02                (31)                     none                     
51                       7.470e+01                (32)                     1.912e+02                2.073e+02                8.185e-01                (98)                     7.982e+02                (33)                     none                     
52                       2.606e+02                (81)                     1.024e+02                2.064e+02                1.738e+00                (41)                     2.934e+02                (62)                     none                     
53                       3.487e+02                (100)                    8.848e+01                1.964e+02                2.149e+00                (15)                     2.233e+02                (69)                     none                     
54                       3.134e+02                (92)                     9.333e+01                1.929e+02                1.987e+00                (25)                     2.373e+02                (67)                     none                     
55                       3.560e+02                (101)                    8.757e+01                1.869e+02                2.054e+00                (21)                     2.225e+02                (70)                     none                     
56                       1.442e+02                (55)                     1.376e+02                1.841e+02                1.352e+00                (62)                     3.345e+02                (56)                     none                     
57                       3.751e+02                (105)                    8.531e+01                1.838e+02                2.402e+00                (6)                      1.919e+02                (82)                     none                     
58                       2.256e+02                (72)                     1.100e+02                1.796e+02                1.698e+00                (43)                     2.572e+02                (65)                     none                     
59                       4.950e+01                (20)                     2.348e+02                1.793e+02                8.181e-01                (99)                     5.466e+02                (42)                     none                     
60                       1.682e+02                (60)                     1.274e+02                1.782e+02                1.485e+00                (58)                     2.923e+02                (63)                     none                     
61                       1.113e+02                (48)                     1.566e+02                1.709e+02                1.196e+00                (76)                     3.488e+02                (55)                     none                     
62                       4.049e+02                (108)                    8.211e+01                1.691e+02                2.443e+00                (5)                      1.716e+02                (89)                     none                     
63                       3.309e+02                (96)                     9.083e+01                1.690e+02                2.028e+00                (23)                     2.026e+02                (81)                     none                     
64                       3.348e+02                (98)                     9.030e+01                1.680e+02                2.019e+00                (24)                     2.204e+02                (72)                     none                     
65                       4.612e+02                (115)                    7.694e+01                1.673e+02                2.476e+00                (3)                      1.647e+02                (90)                     none                     
66                       5.169e+02                (119)                    7.268e+01                1.671e+02                2.628e+00                (0)                      1.574e+02                (93)                     none                     
67                       2.858e+02                (87)                     9.774e+01                1.652e+02                1.921e+00                (28)                     2.134e+02                (75)                     none                     
68                       3.611e+02                (102)                    8.695e+01                1.637e+02                2.132e+00                (16)                     1.854e+02                (84)                     none                     
69                       6.430e+00                (2)                      6.516e+02                1.614e+02                3.803e-01                (118)                    1.135e+03                (26)                     none                     
70                       3.676e+02                (103)                    8.618e+01                1.612e+02                2.250e+00                (13)                     1.767e+02                (87)                     none                     
71                       2.282e+02                (73)                     1.094e+02                1.594e+02                1.652e+00                (46)                     2.354e+02                (68)                     none                     
72                       2.478e+02                (78)                     1.050e+02                1.587e+02                1.796e+00                (34)                     2.146e+02                (74)                     none                     
73                       3.710e+02                (104)                    8.578e+01                1.585e+02                2.180e+00                (14)                     1.774e+02                (86)                     none                     
74                       2.980e+01                (13)                     3.027e+02                1.558e+02                6.582e-01                (107)                    5.996e+02                (38)                     none                     
75                       4.945e+02                (118)                    7.430e+01                1.486e+02                2.542e+00                (2)                      1.426e+02                (98)                     none                     
76                       2.969e+02                (90)                     9.589e+01                1.458e+02                1.910e+00                (29)                     1.841e+02                (85)                     none                     
77                       2.147e+02                (70)                     1.128e+02                1.443e+02                1.649e+00                (48)                     2.114e+02                (78)                     none                     
78                       3.897e+02                (106)                    8.370e+01                1.394e+02                2.264e+00                (12)                     1.503e+02                (95)                     none                     
79                       2.936e+02                (89)                     9.643e+01                1.391e+02                1.770e+00                (36)                     2.060e+02                (79)                     none                     
80                       2.401e+02                (76)                     1.066e+02                1.367e+02                1.758e+00                (38)                     1.890e+02                (83)                     none                     
81                       1.929e+02                (65)                     1.190e+02                1.358e+02                1.563e+00                (53)                     2.117e+02                (77)                     none                     
82                       3.967e+02                (107)                    8.296e+01                1.341e+02                2.282e+00                (11)                     1.432e+02                (97)                     none                     
83                       2.835e+02                (86)                     9.814e+01                1.276e+02                1.524e+00                (55)                     3.276e+02                (58)                     none                     
84                       4.830e+02                (116)                    7.518e+01                1.265e+02                2.546e+00                (1)                      1.215e+02                (105)                    none                     
85                       4.520e+02                (114)                    7.772e+01                1.161e+02                2.333e+00                (7)                      1.199e+02                (109)                    none                     
86                       1.574e+02                (59)                     1.317e+02                1.161e+02                1.316e+00                (66)                     2.211e+02                (71)                     none                     
87                       4.900e+02                (117)                    7.464e+01                1.138e+02                2.446e+00                (4)                      1.124e+02                (114)                    none                     
88                       4.403e+02                (113)                    7.874e+01                1.103e+02                2.332e+00                (8)                      1.139e+02                (113)                    none                     
89                       3.025e+02                (91)                     9.500e+01                1.081e+02                1.736e+00                (42)                     1.609e+02                (91)                     none                     
90                       4.297e+02                (111)                    7.971e+01                1.062e+02                2.132e+00                (17)                     1.234e+02                (104)                    none                     
91                       4.317e+02                (112)                    7.952e+01                1.041e+02                2.115e+00                (18)                     1.210e+02                (107)                    none                     
92                       4.219e+02                (109)                    8.044e+01                1.028e+02                2.282e+00                (10)                     1.083e+02                (116)                    none                     
93                       3.268e+02                (94)                     9.140e+01                1.020e+02                1.501e+00                (56)                     2.166e+02                (73)                     none                     
94                       2.882e+02                (88)                     9.733e+01                1.009e+02                1.825e+00                (32)                     1.343e+02                (100)                    none                     
95                       4.259e+02                (110)                    8.006e+01                1.008e+02                2.310e+00                (9)                      1.057e+02                (119)                    none                     
96                       6.090e+01                (25)                     2.117e+02                9.695e+01                8.197e-01                (97)                     3.308e+02                (57)                     none                     
97                       7.211e+01                (30)                     1.946e+02                9.648e+01                8.236e-01                (96)                     3.827e+02                (51)                     none                     
98                       3.460e+02                (99)                     8.883e+01                9.251e+01                2.040e+00                (22)                     1.100e+02                (115)                    none                     
99                       2.182e+02                (71)                     1.119e+02                8.624e+01                1.652e+00                (47)                     1.265e+02                (102)                    none                     
100                      2.689e+02                (84)                     1.008e+02                8.459e+01                1.806e+00                (33)                     1.141e+02                (112)                    none                     
101                      7.690e+01                (34)                     1.884e+02                8.209e+01                9.915e-01                (88)                     2.119e+02                (76)                     none                     
102                      2.109e+02                (69)                     1.138e+02                8.002e+01                1.623e+00                (51)                     1.196e+02                (111)                    none                     
103                      1.975e+02                (66)                     1.176e+02                7.998e+01                1.328e+00                (65)                     2.032e+02                (80)                     none                     
104                      2.443e+02                (77)                     1.057e+02                7.840e+01                1.770e+00                (37)                     1.081e+02                (117)                    none                     
105                      2.340e+02                (75)                     1.080e+02                7.457e+01                1.696e+00                (44)                     1.064e+02                (118)                    none                     
106                      5.050e+01                (21)                     2.325e+02                7.015e+01                7.646e-01                (103)                    2.601e+02                (64)                     none                     
107                      3.332e+02                (97)                     9.052e+01                6.926e+01                1.691e+00                (45)                     1.198e+02                (110)                    none                     
108                      1.170e+02                (50)                     1.528e+02                6.744e+01                1.205e+00                (74)                     1.389e+02                (99)                     none                     
109                      1.017e+02                (43)                     1.638e+02                6.506e+01                1.132e+00                (79)                     1.492e+02                (96)                     none                     
110                      1.303e+02                (53)                     1.447e+02                6.145e+01                1.281e+00                (68)                     1.208e+02                (108)                    none                     
111                      1.457e+02                (56)                     1.369e+02                6.030e+01                1.146e+00                (77)                     1.543e+02                (94)                     none                     
112                      2.825e+02                (85)                     9.830e+01                5.971e+01                1.400e+00                (60)                     2.526e+02                (66)                     none                     
113                      5.196e+02                (120)                    7.249e+01                5.959e+01                1.330e+00                (64)                     1.297e+02                (101)                    none                     
114                      1.049e+02                (45)                     1.614e+02                4.234e+01                8.510e-01                (95)                     3.704e+02                (52)                     none                     
115                      1.588e+01                (6)                      4.146e+02                3.221e+01                5.367e-01                (113)                    1.718e+02                (88)                     none                     
116                      2.801e+01                (12)                     3.122e+02                3.022e+01                6.118e-01                (110)                    1.258e+02                (103)                    none                     
117                      1.044e+02                (44)                     1.617e+02                2.558e+01                8.130e-01                (101)                    3.570e+02                (54)                     none                     
118                      3.279e+02                (95)                     9.125e+01                2.159e+01                1.468e+00                (59)                     1.213e+02                (106)                    none                     
119                      2.474e+01                (9)                      3.322e+02                9.739e+00                4.636e-01                (116)                    1.600e+02                (92)                     none                     
120                      1.982e+02                (67)                     1.174e+02                8.959e+00                1.036e+00                (83)                     1.036e+02                (120)                    none                     
