62-Sm-148_n-tot   PEAKS: ================================================================================================================================================================
Rank by Integral         Energy (eV)              Rank by Energy           TOF (us)                 Integral                 Peak Width               Rank by Peak Width       Peak Height              Rank by Peak Height      Relevant Isotope         
0                        6.178e+01                (6)                      2.158e+02                2.325e+04                3.926e+00                (33)                     1.740e+04                (4)                      none                     
1                        1.285e+02                (13)                     1.496e+02                1.824e+04                5.243e+00                (19)                     1.055e+04                (7)                      none                     
2                        3.698e+01                (3)                      2.789e+02                1.791e+04                1.754e+00                (67)                     3.039e+04                (1)                      none                     
3                        2.580e+02                (30)                     1.056e+02                1.570e+04                5.340e+00                (18)                     8.814e+03                (9)                      none                     
4                        3.644e+02                (42)                     8.883e+01                1.506e+04                1.015e+01                (2)                      3.977e+03                (24)                     none                     
5                        6.046e+02                (68)                     6.897e+01                1.461e+04                1.901e+01                (0)                      2.331e+03                (42)                     none                     
6                        1.947e+02                (22)                     1.215e+02                1.418e+04                3.508e+00                (40)                     1.974e+04                (3)                      none                     
7                        9.041e+01                (9)                      1.783e+02                1.007e+04                1.740e+00                (68)                     1.603e+04                (6)                      none                     
8                        3.243e+02                (37)                     9.416e+01                8.706e+03                6.859e+00                (10)                     4.337e+03                (19)                     none                     
9                        1.466e+01                (1)                      4.429e+02                8.504e+03                6.603e-01                (82)                     3.532e+04                (0)                      none                     
10                       4.515e+02                (50)                     7.981e+01                7.762e+03                6.190e+00                (13)                     6.297e+03                (13)                     none                     
11                       1.213e+02                (12)                     1.539e+02                7.607e+03                2.435e+00                (60)                     8.946e+03                (8)                      none                     
12                       5.040e+02                (58)                     7.554e+01                7.530e+03                5.834e+00                (16)                     3.833e+03                (27)                     none                     
13                       3.801e+02                (44)                     8.698e+01                6.528e+03                7.408e+00                (9)                      2.946e+03                (33)                     none                     
14                       2.812e+02                (31)                     1.011e+02                6.502e+03                5.072e+00                (22)                     4.789e+03                (18)                     none                     
15                       4.182e+02                (47)                     8.292e+01                6.353e+03                7.704e+00                (8)                      2.489e+03                (40)                     none                     
16                       2.950e+02                (33)                     9.874e+01                6.264e+03                4.482e+00                (25)                     4.064e+03                (21)                     none                     
17                       5.796e+02                (66)                     7.044e+01                5.906e+03                1.316e+01                (1)                      2.248e+03                (46)                     none                     
18                       3.718e+02                (43)                     8.795e+01                5.859e+03                4.315e+00                (26)                     4.053e+03                (22)                     none                     
19                       6.451e+02                (73)                     6.676e+01                5.663e+03                8.392e+00                (6)                      3.098e+03                (31)                     none                     
20                       6.754e+02                (75)                     6.525e+01                5.303e+03                8.484e+00                (4)                      1.916e+03                (51)                     none                     
21                       2.250e+02                (26)                     1.131e+02                5.112e+03                3.602e+00                (38)                     4.042e+03                (23)                     none                     
22                       2.388e+01                (2)                      3.470e+02                4.861e+03                7.958e-01                (81)                     1.652e+04                (5)                      none                     
23                       5.938e+02                (67)                     6.959e+01                4.839e+03                6.169e+00                (14)                     2.319e+03                (43)                     none                     
24                       1.619e+02                (17)                     1.333e+02                4.706e+03                2.331e+00                (61)                     8.220e+03                (10)                     none                     
25                       4.441e+02                (49)                     8.047e+01                4.501e+03                6.608e+00                (11)                     2.613e+03                (39)                     none                     
26                       1.132e+01                (0)                      5.039e+02                4.346e+03                5.386e-01                (83)                     2.171e+04                (2)                      none                     
27                       2.213e+02                (25)                     1.140e+02                4.333e+03                3.154e+00                (45)                     3.947e+03                (25)                     none                     
28                       6.674e+02                (74)                     6.564e+01                3.884e+03                4.287e+00                (27)                     2.431e+03                (41)                     none                     
29                       4.936e+02                (57)                     7.633e+01                3.704e+03                4.618e+00                (24)                     2.270e+03                (45)                     none                     
30                       3.397e+02                (39)                     9.200e+01                3.683e+03                3.484e+00                (41)                     2.924e+03                (34)                     none                     
31                       6.875e+02                (77)                     6.468e+01                3.622e+03                9.163e+00                (3)                      3.192e+03                (30)                     none                     
32                       3.145e+02                (36)                     9.562e+01                3.565e+03                3.717e+00                (37)                     2.682e+03                (38)                     none                     
33                       6.840e+02                (76)                     6.484e+01                3.505e+03                5.046e+00                (23)                     3.367e+03                (29)                     none                     
34                       5.162e+02                (59)                     7.464e+01                3.312e+03                5.209e+00                (20)                     3.914e+03                (26)                     none                     
35                       7.375e+02                (82)                     6.244e+01                3.300e+03                5.448e+00                (17)                     1.870e+03                (52)                     none                     
36                       5.731e+02                (65)                     7.083e+01                3.220e+03                5.144e+00                (21)                     2.720e+03                (37)                     none                     
37                       1.114e+02                (11)                     1.607e+02                2.975e+03                1.541e+00                (73)                     5.122e+03                (17)                     none                     
38                       4.549e+02                (51)                     7.950e+01                2.803e+03                8.430e+00                (5)                      5.126e+03                (16)                     none                     
39                       6.947e+01                (8)                      2.035e+02                2.727e+03                1.160e+00                (78)                     6.246e+03                (14)                     none                     
40                       1.602e+02                (16)                     1.340e+02                2.699e+03                2.913e+00                (50)                     7.213e+03                (11)                     none                     
41                       4.039e+02                (46)                     8.438e+01                2.664e+03                3.378e+00                (42)                     2.153e+03                (47)                     none                     
42                       1.643e+02                (18)                     1.323e+02                2.630e+03                1.967e+00                (65)                     4.177e+03                (20)                     none                     
43                       3.282e+02                (38)                     9.360e+01                2.292e+03                3.350e+00                (43)                     2.956e+03                (32)                     none                     
44                       6.384e+01                (7)                      2.122e+02                2.111e+03                1.231e+00                (77)                     7.001e+03                (12)                     none                     
45                       4.861e+02                (56)                     7.692e+01                2.083e+03                3.838e+00                (34)                     1.521e+03                (56)                     none                     
46                       4.071e+01                (4)                      2.658e+02                2.059e+03                8.790e-01                (79)                     6.145e+03                (15)                     none                     
47                       5.305e+02                (61)                     7.362e+01                1.955e+03                3.597e+00                (39)                     1.557e+03                (55)                     none                     
48                       4.258e+02                (48)                     8.218e+01                1.904e+03                3.057e+00                (47)                     1.663e+03                (54)                     none                     
49                       3.088e+02                (34)                     9.650e+01                1.872e+03                2.664e+00                (53)                     3.640e+03                (28)                     none                     
50                       2.441e+02                (29)                     1.085e+02                1.789e+03                2.304e+00                (62)                     2.039e+03                (50)                     none                     
51                       2.063e+02                (23)                     1.181e+02                1.471e+03                1.924e+00                (66)                     2.299e+03                (44)                     none                     
52                       7.151e+02                (80)                     6.342e+01                1.436e+03                3.978e+00                (32)                     1.155e+03                (64)                     none                     
53                       4.796e+02                (54)                     7.743e+01                1.352e+03                2.639e+00                (54)                     1.489e+03                (57)                     none                     
54                       3.897e+02                (45)                     8.590e+01                1.271e+03                2.464e+00                (59)                     1.360e+03                (60)                     none                     
55                       4.671e+02                (53)                     7.847e+01                1.192e+03                3.139e+00                (46)                     1.305e+03                (61)                     none                     
56                       7.243e+02                (81)                     6.301e+01                1.153e+03                4.079e+00                (29)                     8.647e+02                (71)                     none                     
57                       5.381e+02                (62)                     7.310e+01                9.303e+02                3.017e+00                (48)                     8.601e+02                (72)                     none                     
58                       3.581e+02                (41)                     8.961e+01                8.977e+02                2.507e+00                (57)                     1.219e+03                (62)                     none                     
59                       3.103e+02                (35)                     9.627e+01                8.794e+02                2.093e+00                (63)                     2.806e+03                (36)                     none                     
60                       4.822e+02                (55)                     7.723e+01                8.731e+02                2.488e+00                (58)                     1.156e+03                (63)                     none                     
61                       6.965e+02                (78)                     6.426e+01                8.079e+02                4.143e+00                (28)                     9.727e+02                (66)                     none                     
62                       1.665e+02                (19)                     1.314e+02                6.955e+02                1.485e+00                (74)                     1.372e+03                (59)                     none                     
63                       4.631e+01                (5)                      2.492e+02                6.807e+02                8.389e-01                (80)                     2.059e+03                (49)                     none                     
64                       7.117e+02                (79)                     6.356e+01                6.306e+02                2.979e+00                (49)                     6.502e+02                (75)                     none                     
65                       5.190e+02                (60)                     7.443e+01                6.166e+02                8.134e+00                (7)                      2.849e+03                (35)                     none                     
66                       2.141e+02                (24)                     1.159e+02                5.578e+02                1.734e+00                (69)                     9.858e+02                (65)                     none                     
67                       1.411e+02                (14)                     1.428e+02                5.434e+02                1.440e+00                (75)                     9.451e+02                (67)                     none                     
68                       6.188e+02                (69)                     6.817e+01                5.277e+02                3.184e+00                (44)                     6.812e+02                (74)                     none                     
69                       6.425e+02                (72)                     6.690e+01                5.164e+02                2.511e+00                (56)                     1.412e+03                (58)                     none                     
70                       5.552e+02                (63)                     7.197e+01                4.793e+02                2.752e+00                (52)                     4.878e+02                (77)                     none                     
71                       2.834e+02                (32)                     1.007e+02                4.641e+02                2.047e+00                (64)                     2.139e+03                (48)                     none                     
72                       7.411e+02                (83)                     6.229e+01                4.331e+02                6.488e+00                (12)                     8.943e+02                (68)                     none                     
73                       1.482e+02                (15)                     1.393e+02                4.075e+02                1.424e+00                (76)                     7.518e+02                (73)                     none                     
74                       6.397e+02                (71)                     6.705e+01                3.391e+02                2.854e+00                (51)                     5.217e+02                (76)                     none                     
75                       2.308e+02                (27)                     1.116e+02                2.453e+02                1.729e+00                (70)                     3.909e+02                (78)                     none                     
76                       1.825e+02                (20)                     1.255e+02                2.348e+02                1.713e+00                (71)                     8.754e+02                (69)                     none                     
77                       5.591e+02                (64)                     7.172e+01                2.147e+02                2.625e+00                (55)                     2.807e+02                (79)                     none                     
78                       2.411e+02                (28)                     1.092e+02                1.187e+02                1.689e+00                (72)                     1.985e+02                (80)                     none                     
79                       4.625e+02                (52)                     7.885e+01                1.040e+02                3.777e+00                (35)                     8.720e+02                (70)                     none                     
80                       6.288e+02                (70)                     6.763e+01                1.028e+02                4.003e+00                (30)                     1.459e+02                (81)                     none                     
81                       3.438e+02                (40)                     9.146e+01                -1.478e+01               3.750e+00                (36)                     1.363e+02                (82)                     none                     
82                       1.045e+02                (10)                     1.659e+02                -2.294e+01               5.911e+00                (15)                     1.109e+02                (83)                     none                     
83                       1.871e+02                (21)                     1.240e+02                -2.978e+02               3.988e+00                (31)                     1.729e+03                (53)                     none                     
