62-Sm-154_n-tot   PEAKS: ================================================================================================================================================================
Rank by Integral         Energy (eV)              Rank by Energy           TOF (us)                 Integral                 Peak Width               Rank by Peak Width       Peak Height              Rank by Peak Height      Relevant Isotope         
0                        1.341e+02                (54)                     1.464e+02                2.933e+03                1.776e+00                (47)                     4.415e+03                (5)                      none                     
1                        4.430e+01                (18)                     2.548e+02                2.336e+03                9.016e-01                (104)                    6.684e+03                (2)                      none                     
2                        7.311e+01                (31)                     1.983e+02                2.061e+03                1.151e+00                (87)                     4.622e+03                (4)                      none                     
3                        1.852e+02                (64)                     1.246e+02                1.946e+03                2.074e+00                (25)                     2.509e+03                (20)                     none                     
4                        8.930e+00                (3)                      5.675e+02                1.862e+03                4.433e-01                (127)                    1.109e+04                (1)                      none                     
5                        5.970e+01                (24)                     2.195e+02                1.757e+03                1.017e+00                (95)                     4.405e+03                (6)                      none                     
6                        9.080e+01                (37)                     1.780e+02                1.678e+03                1.231e+00                (79)                     3.498e+03                (10)                     none                     
7                        5.160e+01                (22)                     2.361e+02                1.505e+03                9.370e-01                (102)                    4.084e+03                (7)                      none                     
8                        1.471e+02                (57)                     1.398e+02                1.469e+03                1.575e+00                (62)                     2.386e+03                (22)                     none                     
9                        7.070e+01                (29)                     2.017e+02                1.412e+03                1.112e+00                (89)                     3.249e+03                (13)                     none                     
10                       6.480e+01                (27)                     2.107e+02                1.313e+03                1.007e+00                (96)                     3.275e+03                (12)                     none                     
11                       8.720e-01                (0)                      1.816e+03                1.279e+03                2.285e-01                (130)                    1.649e+04                (0)                      none                     
12                       9.823e+01                (41)                     1.711e+02                1.201e+03                1.288e+00                (75)                     2.426e+03                (21)                     none                     
13                       6.210e+01                (26)                     2.152e+02                1.066e+03                9.882e-01                (98)                     2.717e+03                (16)                     none                     
14                       9.220e+01                (38)                     1.766e+02                1.057e+03                1.240e+00                (78)                     2.233e+03                (23)                     none                     
15                       4.020e+01                (16)                     2.675e+02                9.914e+02                7.964e-01                (110)                    3.148e+03                (14)                     none                     
16                       9.630e+01                (40)                     1.728e+02                9.822e+02                1.070e+00                (93)                     3.554e+03                (8)                      none                     
17                       2.037e+02                (69)                     1.188e+02                9.633e+02                1.829e+00                (36)                     1.342e+03                (27)                     none                     
18                       5.740e+01                (23)                     2.238e+02                9.542e+02                9.411e-01                (101)                    2.542e+03                (19)                     none                     
19                       2.527e+01                (10)                     3.373e+02                8.987e+02                6.447e-01                (118)                    3.543e+03                (9)                      none                     
20                       9.965e+01                (42)                     1.699e+02                8.834e+02                1.198e+00                (83)                     1.903e+03                (25)                     none                     
21                       4.130e+01                (17)                     2.639e+02                8.437e+02                8.199e-01                (106)                    2.624e+03                (17)                     none                     
22                       3.159e+02                (97)                     9.541e+01                7.492e+02                2.103e+00                (24)                     8.855e+02                (41)                     none                     
23                       3.751e+02                (111)                    8.755e+01                7.169e+02                2.424e+00                (8)                      7.598e+02                (47)                     none                     
24                       2.443e+02                (78)                     1.085e+02                7.056e+02                1.784e+00                (44)                     9.683e+02                (36)                     none                     
25                       2.658e+02                (84)                     1.040e+02                6.974e+02                1.977e+00                (30)                     9.023e+02                (39)                     none                     
26                       2.631e+02                (83)                     1.045e+02                6.934e+02                1.956e+00                (31)                     8.922e+02                (40)                     none                     
27                       1.491e+01                (5)                      4.392e+02                6.915e+02                5.202e-01                (124)                    3.417e+03                (11)                     none                     
28                       4.940e+00                (1)                      7.630e+02                6.754e+02                3.522e-01                (129)                    5.174e+03                (3)                      none                     
29                       2.548e+02                (80)                     1.062e+02                6.466e+02                1.874e+00                (34)                     8.693e+02                (42)                     none                     
30                       5.169e+02                (129)                    7.459e+01                6.420e+02                2.677e+00                (0)                      5.973e+02                (57)                     none                     
31                       4.049e+02                (114)                    8.427e+01                6.395e+02                2.473e+00                (7)                      6.579e+02                (53)                     none                     
32                       2.325e+01                (8)                      3.517e+02                6.325e+02                6.327e-01                (119)                    2.550e+03                (18)                     none                     
33                       3.348e+02                (103)                    9.267e+01                6.184e+02                2.105e+00                (23)                     7.550e+02                (48)                     none                     
34                       3.080e+01                (14)                     3.056e+02                5.832e+02                7.009e-01                (115)                    2.103e+03                (24)                     none                     
35                       1.253e+02                (52)                     1.515e+02                5.662e+02                1.383e+00                (68)                     1.033e+03                (33)                     none                     
36                       9.562e+01                (39)                     1.734e+02                5.441e+02                9.533e-01                (100)                    2.778e+03                (15)                     none                     
37                       1.548e+02                (58)                     1.363e+02                5.412e+02                1.465e+00                (67)                     9.182e+02                (38)                     none                     
38                       2.587e+02                (81)                     1.054e+02                5.010e+02                1.864e+00                (35)                     6.679e+02                (52)                     none                     
39                       2.301e+02                (75)                     1.118e+02                4.959e+02                1.783e+00                (45)                     6.986e+02                (51)                     none                     
40                       1.779e+02                (62)                     1.271e+02                4.678e+02                1.621e+00                (58)                     7.356e+02                (49)                     none                     
41                       1.195e+02                (51)                     1.551e+02                4.629e+02                1.345e+00                (71)                     8.691e+02                (43)                     none                     
42                       6.830e+01                (28)                     2.052e+02                4.519e+02                9.738e-01                (99)                     1.152e+03                (30)                     none                     
43                       4.612e+02                (122)                    7.896e+01                4.380e+02                2.485e+00                (5)                      4.425e+02                (70)                     none                     
44                       3.560e+02                (106)                    8.987e+01                4.348e+02                2.072e+00                (26)                     5.189e+02                (63)                     none                     
45                       3.487e+02                (105)                    9.081e+01                4.325e+02                2.138e+00                (21)                     5.042e+02                (64)                     none                     
46                       3.676e+02                (109)                    8.844e+01                4.176e+02                2.248e+00                (16)                     4.657e+02                (66)                     none                     
47                       2.835e+02                (88)                     1.007e+02                4.045e+02                1.640e+00                (55)                     8.099e+02                (45)                     none                     
48                       1.799e+02                (63)                     1.264e+02                4.010e+02                1.608e+00                (59)                     6.313e+02                (55)                     none                     
49                       7.540e+01                (33)                     1.953e+02                3.944e+02                9.110e-01                (103)                    1.315e+03                (28)                     none                     
50                       1.091e+02                (47)                     1.623e+02                3.934e+02                1.203e+00                (82)                     8.148e+02                (44)                     none                     
51                       2.606e+02                (82)                     1.050e+02                3.858e+02                1.775e+00                (48)                     5.399e+02                (61)                     none                     
52                       3.134e+02                (96)                     9.579e+01                3.785e+02                1.986e+00                (29)                     4.637e+02                (67)                     none                     
53                       4.945e+02                (126)                    7.626e+01                3.550e+02                2.518e+00                (3)                      3.549e+02                (81)                     none                     
54                       3.268e+02                (99)                     9.380e+01                3.516e+02                1.678e+00                (52)                     5.892e+02                (59)                     none                     
55                       8.390e+01                (35)                     1.851e+02                3.497e+02                1.074e+00                (92)                     8.020e+02                (46)                     none                     
56                       1.881e+02                (65)                     1.236e+02                3.478e+02                1.598e+00                (60)                     5.779e+02                (60)                     none                     
57                       4.510e+01                (19)                     2.525e+02                3.458e+02                7.274e-01                (114)                    1.417e+03                (26)                     none                     
58                       4.830e+02                (124)                    7.716e+01                3.397e+02                2.553e+00                (1)                      3.350e+02                (85)                     none                     
59                       3.390e+01                (15)                     2.913e+02                3.240e+02                6.996e-01                (116)                    1.148e+03                (32)                     none                     
60                       8.770e+01                (36)                     1.811e+02                3.234e+02                1.094e+00                (91)                     7.291e+02                (50)                     none                     
61                       2.858e+02                (89)                     1.003e+02                3.213e+02                1.901e+00                (33)                     4.396e+02                (71)                     none                     
62                       3.897e+02                (112)                    8.590e+01                3.146e+02                2.261e+00                (15)                     3.519e+02                (82)                     none                     
63                       3.611e+02                (108)                    8.924e+01                3.096e+02                2.162e+00                (20)                     3.613e+02                (79)                     none                     
64                       3.309e+02                (101)                    9.322e+01                3.057e+02                2.036e+00                (28)                     3.752e+02                (78)                     none                     
65                       3.710e+02                (110)                    8.804e+01                2.954e+02                2.180e+00                (17)                     3.424e+02                (83)                     none                     
66                       2.936e+02                (92)                     9.896e+01                2.935e+02                1.812e+00                (40)                     4.197e+02                (76)                     none                     
67                       3.967e+02                (113)                    8.514e+01                2.934e+02                2.288e+00                (14)                     3.243e+02                (86)                     none                     
68                       1.071e+02                (46)                     1.639e+02                2.849e+02                1.219e+00                (80)                     5.944e+02                (58)                     none                     
69                       4.900e+02                (125)                    7.660e+01                2.761e+02                2.501e+00                (4)                      2.793e+02                (96)                     none                     
70                       2.256e+02                (73)                     1.129e+02                2.654e+02                1.711e+00                (50)                     3.826e+02                (77)                     none                     
71                       1.152e+02                (49)                     1.580e+02                2.644e+02                1.269e+00                (77)                     5.256e+02                (62)                     none                     
72                       1.682e+02                (61)                     1.308e+02                2.584e+02                1.486e+00                (66)                     4.324e+02                (74)                     none                     
73                       7.471e+01                (32)                     1.962e+02                2.517e+02                7.897e-01                (111)                    1.029e+03                (34)                     none                     
74                       1.442e+02                (55)                     1.412e+02                2.396e+02                1.365e+00                (69)                     4.349e+02                (73)                     none                     
75                       2.611e+01                (11)                     3.319e+02                2.395e+02                6.020e-01                (121)                    1.021e+03                (35)                     none                     
76                       2.478e+02                (79)                     1.077e+02                2.318e+02                1.816e+00                (38)                     3.222e+02                (87)                     none                     
77                       1.113e+02                (48)                     1.607e+02                2.258e+02                1.194e+00                (85)                     4.765e+02                (65)                     none                     
78                       2.282e+02                (74)                     1.123e+02                2.233e+02                1.625e+00                (56)                     3.390e+02                (84)                     none                     
79                       2.969e+02                (93)                     9.841e+01                2.219e+02                1.927e+00                (32)                     2.931e+02                (91)                     none                     
80                       1.201e+01                (4)                      4.893e+02                2.193e+02                4.728e-01                (125)                    1.203e+03                (29)                     none                     
81                       1.716e+01                (7)                      4.094e+02                2.135e+02                5.905e-01                (122)                    9.527e+02                (37)                     none                     
82                       2.147e+02                (71)                     1.157e+02                2.127e+02                1.661e+00                (53)                     3.208e+02                (89)                     none                     
83                       2.401e+02                (77)                     1.094e+02                2.060e+02                1.758e+00                (49)                     2.901e+02                (92)                     none                     
84                       4.950e+01                (20)                     2.410e+02                2.007e+02                8.181e-01                (107)                    6.126e+02                (56)                     none                     
85                       4.520e+02                (120)                    7.976e+01                1.986e+02                2.339e+00                (10)                     2.147e+02                (99)                     none                     
86                       3.025e+02                (95)                     9.750e+01                1.888e+02                1.806e+00                (42)                     2.787e+02                (97)                     none                     
87                       4.219e+02                (115)                    8.256e+01                1.843e+02                2.312e+00                (12)                     2.032e+02                (103)                    none                     
88                       4.259e+02                (116)                    8.217e+01                1.780e+02                2.307e+00                (13)                     1.983e+02                (105)                    none                     
89                       4.403e+02                (119)                    8.081e+01                1.772e+02                2.338e+00                (11)                     1.959e+02                (107)                    none                     
90                       4.297e+02                (117)                    8.181e+01                1.750e+02                2.129e+00                (22)                     2.144e+02                (100)                    none                     
91                       4.317e+02                (118)                    8.161e+01                1.726e+02                2.162e+00                (19)                     2.131e+02                (101)                    none                     
92                       1.929e+02                (66)                     1.221e+02                1.720e+02                1.578e+00                (61)                     2.811e+02                (93)                     none                     
93                       2.980e+01                (13)                     3.106e+02                1.647e+02                6.650e-01                (117)                    6.329e+02                (54)                     none                     
94                       6.430e+00                (2)                      6.688e+02                1.633e+02                3.803e-01                (128)                    1.151e+03                (31)                     none                     
95                       1.574e+02                (59)                     1.352e+02                1.474e+02                1.313e+00                (74)                     2.983e+02                (90)                     none                     
96                       2.882e+02                (90)                     9.989e+01                1.441e+02                1.813e+00                (39)                     2.080e+02                (102)                    none                     
97                       5.111e+02                (128)                    7.501e+01                1.431e+02                2.548e+00                (2)                      1.470e+02                (118)                    none                     
98                       5.043e+02                (127)                    7.551e+01                1.399e+02                2.477e+00                (6)                      1.480e+02                (117)                    none                     
99                       3.460e+02                (104)                    9.116e+01                1.378e+02                2.045e+00                (27)                     1.720e+02                (111)                    none                     
100                      5.196e+02                (130)                    7.439e+01                1.345e+02                1.214e+00                (81)                     3.219e+02                (88)                     none                     
101                      1.975e+02                (67)                     1.207e+02                1.150e+02                1.340e+00                (72)                     2.803e+02                (95)                     none                     
102                      4.564e+02                (121)                    7.938e+01                1.032e+02                2.180e+00                (18)                     1.301e+02                (122)                    none                     
103                      2.689e+02                (85)                     1.034e+02                1.012e+02                1.779e+00                (46)                     1.605e+02                (114)                    none                     
104                      2.182e+02                (72)                     1.148e+02                1.008e+02                1.646e+00                (54)                     1.584e+02                (115)                    none                     
105                      6.090e+01                (25)                     2.173e+02                9.935e+01                8.069e-01                (109)                    3.613e+02                (80)                     none                     
106                      2.109e+02                (70)                     1.168e+02                9.212e+01                1.623e+00                (57)                     1.496e+02                (116)                    none                     
107                      7.211e+01                (30)                     1.997e+02                9.074e+01                7.591e-01                (112)                    4.506e+02                (69)                     none                     
108                      3.332e+02                (102)                    9.290e+01                8.958e+01                1.561e+00                (63)                     1.859e+02                (108)                    none                     
109                      7.691e+01                (34)                     1.934e+02                8.589e+01                9.961e-01                (97)                     2.461e+02                (98)                     none                     
110                      2.340e+02                (76)                     1.109e+02                8.577e+01                1.680e+00                (51)                     1.333e+02                (119)                    none                     
111                      4.670e+02                (123)                    7.847e+01                8.463e+01                2.379e+00                (9)                      1.005e+02                (130)                    none                     
112                      2.825e+02                (87)                     1.009e+02                7.663e+01                1.319e+00                (73)                     4.244e+02                (75)                     none                     
113                      2.728e+02                (86)                     1.027e+02                7.439e+01                1.826e+00                (37)                     1.128e+02                (126)                    none                     
114                      1.170e+02                (50)                     1.568e+02                7.300e+01                1.197e+00                (84)                     1.612e+02                (113)                    none                     
115                      2.901e+02                (91)                     9.956e+01                7.037e+01                1.811e+00                (41)                     1.115e+02                (127)                    none                     
116                      5.051e+01                (21)                     2.386e+02                6.988e+01                7.438e-01                (113)                    2.805e+02                (94)                     none                     
117                      1.017e+02                (43)                     1.682e+02                6.820e+01                1.134e+00                (88)                     1.981e+02                (106)                    none                     
118                      1.303e+02                (53)                     1.486e+02                6.511e+01                1.269e+00                (76)                     1.330e+02                (120)                    none                     
119                      1.457e+02                (56)                     1.405e+02                6.024e+01                1.097e+00                (90)                     1.763e+02                (110)                    none                     
120                      3.011e+02                (94)                     9.773e+01                5.443e+01                1.513e+00                (65)                     1.173e+02                (124)                    none                     
121                      3.578e+02                (107)                    8.965e+01                5.155e+01                1.797e+00                (43)                     1.085e+02                (128)                    none                     
122                      1.049e+02                (45)                     1.656e+02                4.638e+01                8.560e-01                (105)                    4.531e+02                (68)                     none                     
123                      3.253e+02                (98)                     9.402e+01                4.261e+01                1.534e+00                (64)                     1.153e+02                (125)                    none                     
124                      1.044e+02                (44)                     1.659e+02                3.560e+01                8.070e-01                (108)                    4.377e+02                (72)                     none                     
125                      1.585e+02                (60)                     1.347e+02                3.250e+01                1.180e+00                (86)                     1.040e+02                (129)                    none                     
126                      1.588e+01                (6)                      4.255e+02                3.209e+01                5.306e-01                (123)                    1.766e+02                (109)                    none                     
127                      2.801e+01                (12)                     3.204e+02                3.059e+01                6.095e-01                (120)                    1.299e+02                (123)                    none                     
128                      3.279e+02                (100)                    9.365e+01                8.289e+00                1.360e+00                (70)                     2.007e+02                (104)                    none                     
129                      2.474e+01                (9)                      3.410e+02                7.817e+00                4.530e-01                (126)                    1.672e+02                (112)                    none                     
130                      1.982e+02                (68)                     1.204e+02                5.047e+00                1.047e+00                (94)                     1.303e+02                (121)                    none                     
