63-Eu-153_n-g   PEAKS: ================================================================================================================================================================
Rank by Integral         Energy (eV)              Rank by Energy           TOF (us)                 Integral                 Peak Width               Rank by Peak Width       Peak Height              Rank by Peak Height      Relevant Isotope         
0                        2.654e+01                (30)                     3.207e+02                6.029e+02                8.203e-01                (15)                     2.002e+03                (2)                      none                     
1                        3.241e+01                (36)                     2.902e+02                3.877e+02                7.955e-01                (17)                     1.321e+03                (3)                      none                     
2                        1.887e+00                (3)                      1.203e+03                3.455e+02                4.926e-01                (48)                     2.582e+03                (1)                      none                     
3                        3.064e+01                (35)                     2.985e+02                3.449e+02                8.565e-01                (11)                     1.106e+03                (6)                      none                     
4                        3.689e+01                (42)                     2.720e+02                3.182e+02                8.957e-01                (8)                      9.527e+02                (10)                     none                     
5                        1.605e+01                (18)                     4.125e+02                2.980e+02                7.445e-01                (22)                     1.196e+03                (4)                      none                     
6                        8.811e-01                (0)                      1.760e+03                2.955e+02                3.799e-01                (58)                     2.584e+03                (0)                      none                     
7                        1.745e+01                (20)                     3.956e+02                2.731e+02                7.983e-01                (16)                     9.735e+02                (9)                      none                     
8                        6.007e+01                (61)                     2.132e+02                2.557e+02                9.838e-01                (4)                      7.133e+02                (19)                     none                     
9                        5.189e+01                (55)                     2.294e+02                2.523e+02                9.270e-01                (6)                      7.670e+02                (14)                     none                     
10                       4.323e+01                (47)                     2.513e+02                2.497e+02                9.054e-01                (7)                      7.366e+02                (16)                     none                     
11                       2.958e+01                (34)                     3.038e+02                2.320e+02                1.008e+00                (3)                      7.247e+02                (17)                     none                     
12                       3.550e+00                (4)                      8.770e+02                1.983e+02                7.339e-01                (24)                     9.140e+02                (12)                     none                     
13                       1.266e+01                (14)                     4.644e+02                1.867e+02                5.794e-01                (39)                     1.030e+03                (7)                      none                     
14                       5.349e+01                (56)                     2.259e+02                1.741e+02                1.009e+00                (2)                      4.633e+02                (30)                     none                     
15                       9.610e+00                (10)                     5.330e+02                1.678e+02                6.054e-01                (36)                     1.176e+03                (5)                      none                     
16                       4.877e+01                (51)                     2.366e+02                1.499e+02                1.252e+00                (0)                      3.503e+02                (39)                     none                     
17                       4.968e+01                (52)                     2.344e+02                1.369e+02                7.685e-01                (19)                     5.949e+02                (21)                     none                     
18                       6.094e+01                (62)                     2.117e+02                1.228e+02                7.555e-01                (20)                     5.048e+02                (28)                     none                     
19                       4.130e+00                (5)                      8.130e+02                1.179e+02                5.390e-01                (42)                     7.566e+02                (15)                     none                     
20                       5.629e+01                (58)                     2.202e+02                1.174e+02                8.719e-01                (10)                     4.345e+02                (33)                     none                     
21                       1.145e+01                (12)                     4.882e+02                1.169e+02                6.483e-01                (33)                     5.311e+02                (25)                     none                     
22                       6.350e+00                (8)                      6.557e+02                1.116e+02                4.538e-01                (51)                     7.920e+02                (13)                     none                     
23                       2.797e+01                (32)                     3.124e+02                1.039e+02                6.974e-01                (28)                     4.480e+02                (31)                     none                     
24                       3.813e+01                (43)                     2.676e+02                1.018e+02                8.471e-01                (12)                     3.345e+02                (42)                     none                     
25                       6.750e+00                (9)                      6.360e+02                9.459e+01                4.855e-01                (49)                     6.645e+02                (20)                     none                     
26                       6.168e+01                (63)                     2.104e+02                9.366e+01                6.783e-01                (31)                     4.383e+02                (32)                     none                     
27                       2.385e+01                (27)                     3.384e+02                9.288e+01                6.082e-01                (35)                     5.458e+02                (24)                     none                     
28                       3.910e+01                (44)                     2.643e+02                8.820e+01                8.406e-01                (13)                     2.905e+02                (47)                     none                     
29                       2.338e+01                (26)                     3.418e+02                7.579e+01                5.275e-01                (44)                     5.179e+02                (27)                     none                     
30                       1.918e+01                (21)                     3.773e+02                7.248e+01                5.559e-01                (40)                     5.942e+02                (22)                     none                     
31                       4.920e+00                (6)                      7.449e+02                7.071e+01                3.790e-01                (59)                     5.480e+02                (23)                     none                     
32                       3.445e+01                (39)                     2.815e+02                6.851e+01                7.221e-01                (26)                     2.778e+02                (48)                     none                     
33                       1.343e+00                (1)                      1.426e+03                6.526e+01                3.625e-01                (61)                     9.294e+02                (11)                     none                     
34                       1.454e+01                (16)                     4.333e+02                6.276e+01                5.322e-01                (43)                     5.277e+02                (26)                     none                     
35                       2.280e+01                (25)                     3.460e+02                6.262e+01                6.308e-01                (34)                     3.398e+02                (41)                     none                     
36                       4.003e+01                (45)                     2.612e+02                5.998e+01                8.770e-01                (9)                      1.943e+02                (55)                     none                     
37                       2.519e+01                (29)                     3.292e+02                5.994e+01                7.873e-01                (18)                     4.052e+02                (36)                     none                     
38                       5.600e+00                (7)                      6.982e+02                5.812e+01                4.034e-01                (56)                     4.240e+02                (34)                     none                     
39                       2.475e+01                (28)                     3.321e+02                5.696e+01                6.029e-01                (37)                     4.134e+02                (35)                     none                     
40                       3.524e+01                (40)                     2.783e+02                5.569e+01                7.105e-01                (27)                     2.344e+02                (51)                     none                     
41                       5.826e+01                (60)                     2.165e+02                5.320e+01                1.019e+00                (1)                      1.453e+02                (59)                     none                     
42                       2.858e+01                (33)                     3.091e+02                5.272e+01                5.984e-01                (38)                     2.987e+02                (46)                     none                     
43                       4.529e+01                (49)                     2.455e+02                5.209e+01                6.575e-01                (32)                     2.572e+02                (50)                     none                     
44                       5.064e+01                (54)                     2.322e+02                5.193e+01                7.357e-01                (23)                     3.126e+02                (44)                     none                     
45                       2.068e+01                (24)                     3.634e+02                4.675e+01                6.899e-01                (30)                     2.017e+02                (54)                     none                     
46                       3.597e+01                (41)                     2.755e+02                4.510e+01                6.908e-01                (29)                     2.117e+02                (52)                     none                     
47                       4.467e+01                (48)                     2.472e+02                4.489e+01                9.818e-01                (5)                      2.049e+02                (53)                     none                     
48                       5.475e+01                (57)                     2.233e+02                4.347e+01                8.370e-01                (14)                     1.625e+02                (57)                     none                     
49                       1.952e+01                (22)                     3.739e+02                4.243e+01                4.700e-01                (50)                     4.820e+02                (29)                     none                     
50                       1.548e+01                (17)                     4.199e+02                3.712e+01                5.417e-01                (41)                     2.999e+02                (45)                     none                     
51                       9.927e+00                (11)                     5.244e+02                3.663e+01                4.177e-01                (55)                     7.145e+02                (18)                     none                     
52                       1.422e+01                (15)                     4.381e+02                2.448e+01                4.984e-01                (47)                     3.989e+02                (37)                     none                     
53                       3.341e+01                (38)                     2.859e+02                2.394e+01                5.237e-01                (45)                     3.458e+02                (40)                     none                     
54                       4.251e+01                (46)                     2.534e+02                1.927e+01                7.530e-01                (21)                     1.375e+02                (60)                     none                     
55                       5.685e+01                (59)                     2.191e+02                1.447e+01                7.227e-01                (25)                     1.710e+02                (56)                     none                     
56                       1.230e+01                (13)                     4.711e+02                1.394e+01                4.464e-01                (52)                     3.778e+02                (38)                     none                     
57                       3.310e+01                (37)                     2.872e+02                1.112e+01                3.833e-01                (57)                     3.279e+02                (43)                     none                     
58                       4.584e+01                (50)                     2.440e+02                9.258e+00                5.169e-01                (46)                     1.073e+02                (63)                     none                     
59                       2.000e+01                (23)                     3.695e+02                6.117e+00                4.255e-01                (53)                     1.162e+02                (62)                     none                     
60                       1.668e+01                (19)                     4.046e+02                5.016e+00                3.668e-01                (60)                     1.332e+02                (61)                     none                     
61                       5.013e+01                (53)                     2.334e+02                4.162e+00                3.252e-01                (62)                     2.647e+02                (49)                     none                     
62                       1.650e+00                (2)                      1.286e+03                3.703e+00                1.751e-01                (63)                     9.970e+02                (8)                      none                     
63                       2.715e+01                (31)                     3.171e+02                3.691e+00                4.246e-01                (54)                     1.573e+02                (58)                     none                     
