64-Gd-155_n-tot   PEAKS: ================================================================================================================================================================
Rank by Integral         Energy (eV)              Rank by Energy           TOF (us)                 Integral                 Peak Width               Rank by Peak Width       Peak Height              Rank by Peak Height      Relevant Isotope         
0                        1.240e+02                (8)                      1.523e+02                3.252e+03                1.500e+00                (82)                     5.605e+03                (1)                      none                     
1                        1.392e+02                (9)                      1.437e+02                2.905e+03                1.572e+00                (81)                     4.761e+03                (2)                      none                     
2                        1.645e+02                (11)                     1.322e+02                2.147e+03                1.605e+00                (79)                     3.376e+03                (3)                      none                     
3                        8.374e+02                (42)                     5.860e+01                2.073e+03                4.064e+00                (27)                     1.334e+03                (7)                      none                     
4                        2.233e+01                (1)                      3.589e+02                1.754e+03                6.300e-01                (92)                     7.174e+03                (0)                      none                     
5                        9.179e+02                (47)                     5.597e+01                1.507e+03                3.910e+00                (32)                     9.860e+02                (9)                      none                     
6                        1.764e+03                (76)                     4.037e+01                1.383e+03                5.670e+00                (6)                      6.300e+02                (25)                     none                     
7                        2.173e+03                (87)                     3.638e+01                1.348e+03                6.480e+00                (2)                      5.450e+02                (27)                     none                     
8                        1.183e+03                (58)                     4.930e+01                1.331e+03                4.330e+00                (23)                     7.764e+02                (18)                     none                     
9                        6.261e+02                (33)                     6.777e+01                1.303e+03                3.047e+00                (55)                     1.072e+03                (8)                      none                     
10                       6.506e+01                (4)                      2.102e+02                1.291e+03                9.547e-01                (89)                     3.350e+03                (4)                      none                     
11                       8.600e+02                (44)                     5.782e+01                1.268e+03                3.641e+00                (42)                     8.822e+02                (13)                     none                     
12                       2.613e+03                (91)                     3.318e+01                1.236e+03                7.140e+00                (0)                      4.533e+02                (31)                     none                     
13                       8.982e+02                (45)                     5.658e+01                1.222e+03                3.675e+00                (41)                     8.344e+02                (15)                     none                     
14                       8.463e+02                (43)                     5.829e+01                1.156e+03                3.533e+00                (44)                     8.206e+02                (16)                     none                     
15                       1.007e+02                (6)                      1.690e+02                1.100e+03                1.215e+00                (86)                     2.262e+03                (5)                      none                     
16                       1.031e+03                (53)                     5.282e+01                1.092e+03                3.960e+00                (31)                     6.947e+02                (20)                     none                     
17                       9.678e+02                (48)                     5.451e+01                9.767e+02                3.729e+00                (40)                     6.550e+02                (22)                     none                     
18                       5.905e+02                (31)                     6.978e+01                9.246e+02                2.802e+00                (57)                     8.105e+02                (17)                     none                     
19                       4.680e+02                (26)                     7.839e+01                9.228e+02                2.539e+00                (64)                     9.007e+02                (12)                     none                     
20                       4.447e+02                (24)                     8.041e+01                9.205e+02                2.352e+00                (68)                     9.470e+02                (10)                     none                     
21                       2.632e+03                (92)                     3.305e+01                8.942e+02                6.590e+00                (1)                      3.503e+02                (39)                     none                     
22                       1.484e+02                (10)                     1.392e+02                8.905e+02                1.435e+00                (85)                     1.538e+03                (6)                      none                     
23                       2.242e+03                (88)                     3.581e+01                8.666e+02                5.880e+00                (3)                      3.758e+02                (37)                     none                     
24                       3.965e+02                (22)                     8.516e+01                8.478e+02                2.290e+00                (70)                     9.099e+02                (11)                     none                     
25                       8.098e+02                (40)                     5.959e+01                8.151e+02                3.114e+00                (52)                     6.399e+02                (23)                     none                     
26                       1.073e+03                (56)                     5.177e+01                7.202e+02                3.750e+00                (39)                     4.745e+02                (30)                     none                     
27                       4.471e+02                (25)                     8.020e+01                7.142e+02                2.319e+00                (69)                     7.660e+02                (19)                     none                     
28                       5.119e+02                (28)                     7.495e+01                6.359e+02                2.570e+00                (63)                     6.059e+02                (26)                     none                     
29                       2.110e+02                (15)                     1.167e+02                5.867e+02                1.657e+00                (78)                     8.677e+02                (14)                     none                     
30                       9.863e+02                (50)                     5.400e+01                5.733e+02                3.574e+00                (43)                     3.993e+02                (35)                     none                     
31                       1.722e+03                (74)                     4.086e+01                5.645e+02                5.690e+00                (5)                      2.364e+02                (45)                     none                     
32                       7.749e+02                (38)                     6.092e+01                4.856e+02                3.081e+00                (53)                     3.826e+02                (36)                     none                     
33                       2.575e+02                (18)                     1.057e+02                4.731e+02                1.826e+00                (75)                     6.375e+02                (24)                     none                     
34                       1.978e+03                (83)                     3.813e+01                4.569e+02                5.040e+00                (9)                      2.275e+02                (46)                     none                     
35                       4.868e+02                (27)                     7.686e+01                4.482e+02                2.448e+00                (66)                     4.474e+02                (32)                     none                     
36                       2.345e+03                (90)                     3.502e+01                4.082e+02                5.480e+00                (7)                      1.893e+02                (59)                     none                     
37                       2.663e+03                (93)                     3.286e+01                3.928e+02                5.820e+00                (4)                      1.749e+02                (62)                     none                     
38                       4.076e+02                (23)                     8.399e+01                3.915e+02                2.266e+00                (71)                     4.243e+02                (33)                     none                     
39                       1.626e+03                (71)                     4.205e+01                3.752e+02                4.440e+00                (21)                     2.083e+02                (50)                     none                     
40                       2.692e+02                (19)                     1.034e+02                3.751e+02                1.856e+00                (74)                     4.982e+02                (29)                     none                     
41                       1.777e+03                (77)                     4.023e+01                3.673e+02                4.660e+00                (17)                     2.035e+02                (52)                     none                     
42                       1.870e+03                (79)                     3.921e+01                3.346e+02                4.690e+00                (15)                     1.775e+02                (61)                     none                     
43                       1.266e+03                (60)                     4.766e+01                3.313e+02                3.840e+00                (37)                     2.119e+02                (49)                     none                     
44                       5.523e+02                (30)                     7.216e+01                3.149e+02                2.574e+00                (62)                     2.989e+02                (43)                     none                     
45                       5.167e+02                (29)                     7.460e+01                3.118e+02                2.504e+00                (65)                     3.094e+02                (42)                     none                     
46                       1.274e+03                (61)                     4.751e+01                3.055e+02                3.820e+00                (38)                     1.992e+02                (54)                     none                     
47                       9.115e+02                (46)                     5.617e+01                2.925e+02                3.309e+00                (49)                     2.146e+02                (48)                     none                     
48                       2.052e+03                (85)                     3.744e+01                2.923e+02                4.960e+00                (12)                     1.486e+02                (70)                     none                     
49                       1.739e+03                (75)                     4.067e+01                2.904e+02                4.510e+00                (19)                     1.587e+02                (66)                     none                     
50                       2.022e+03                (84)                     3.771e+01                2.893e+02                4.990e+00                (10)                     1.469e+02                (72)                     none                     
51                       2.240e+02                (16)                     1.133e+02                2.892e+02                1.687e+00                (77)                     4.232e+02                (34)                     none                     
52                       1.673e+03                (73)                     4.146e+01                2.884e+02                4.440e+00                (20)                     1.603e+02                (65)                     none                     
53                       1.052e+03                (55)                     5.228e+01                2.872e+02                3.500e+00                (45)                     2.041e+02                (51)                     none                     
54                       1.897e+03                (80)                     3.894e+01                2.838e+02                4.680e+00                (16)                     1.513e+02                (69)                     none                     
55                       1.577e+03                (70)                     4.271e+01                2.808e+02                4.260e+00                (24)                     1.623e+02                (64)                     none                     
56                       1.962e+03                (82)                     3.828e+01                2.702e+02                4.850e+00                (13)                     1.399e+02                (75)                     none                     
57                       6.408e+02                (34)                     6.699e+01                2.491e+02                2.772e+00                (58)                     2.238e+02                (47)                     none                     
58                       1.360e+03                (64)                     4.598e+01                2.430e+02                3.910e+00                (33)                     1.533e+02                (68)                     none                     
59                       1.952e+03                (81)                     3.838e+01                2.376e+02                4.770e+00                (14)                     1.236e+02                (82)                     none                     
60                       1.402e+03                (66)                     4.528e+01                2.376e+02                4.020e+00                (28)                     1.482e+02                (71)                     none                     
61                       4.707e+01                (2)                      2.472e+02                2.306e+02                8.500e-01                (91)                     6.856e+02                (21)                     none                     
62                       2.074e+03                (86)                     3.724e+01                2.284e+02                4.980e+00                (11)                     1.177e+02                (85)                     none                     
63                       2.335e+03                (89)                     3.509e+01                2.271e+02                5.220e+00                (8)                      1.094e+02                (89)                     none                     
64                       1.452e+03                (68)                     4.450e+01                2.213e+02                3.960e+00                (30)                     1.378e+02                (76)                     none                     
65                       1.295e+03                (62)                     4.712e+01                2.175e+02                3.860e+00                (36)                     1.424e+02                (74)                     none                     
66                       1.084e+03                (57)                     5.150e+01                2.150e+02                3.500e+00                (46)                     1.568e+02                (67)                     none                     
67                       2.016e+02                (14)                     1.194e+02                2.143e+02                1.597e+00                (80)                     3.313e+02                (41)                     none                     
68                       1.394e+03                (65)                     4.543e+01                2.124e+02                4.070e+00                (25)                     1.313e+02                (78)                     none                     
69                       6.880e+02                (36)                     6.465e+01                2.086e+02                2.765e+00                (59)                     1.883e+02                (60)                     none                     
70                       1.660e+03                (72)                     4.162e+01                2.056e+02                4.340e+00                (22)                     1.172e+02                (86)                     none                     
71                       8.125e+02                (41)                     5.949e+01                1.941e+02                2.756e+00                (60)                     2.021e+02                (53)                     none                     
72                       1.461e+03                (69)                     4.436e+01                1.932e+02                4.070e+00                (26)                     1.211e+02                (83)                     none                     
73                       1.258e+03                (59)                     4.781e+01                1.916e+02                3.890e+00                (35)                     1.242e+02                (81)                     none                     
74                       1.853e+03                (78)                     3.940e+01                1.885e+02                4.640e+00                (18)                     1.023e+02                (93)                     none                     
75                       1.034e+03                (54)                     5.272e+01                1.864e+02                3.200e+00                (51)                     1.665e+02                (63)                     none                     
76                       7.959e+02                (39)                     6.011e+01                1.832e+02                3.066e+00                (54)                     1.449e+02                (73)                     none                     
77                       1.442e+03                (67)                     4.465e+01                1.744e+02                3.970e+00                (29)                     1.094e+02                (90)                     none                     
78                       2.528e+02                (17)                     1.067e+02                1.722e+02                1.767e+00                (76)                     2.397e+02                (44)                     none                     
79                       1.010e+03                (52)                     5.335e+01                1.718e+02                3.310e+00                (48)                     1.324e+02                (77)                     none                     
80                       1.314e+03                (63)                     4.677e+01                1.628e+02                3.900e+00                (34)                     1.078e+02                (92)                     none                     
81                       1.056e+02                (7)                      1.650e+02                1.601e+02                1.188e+00                (87)                     3.345e+02                (40)                     none                     
82                       3.317e+02                (20)                     9.311e+01                1.506e+02                1.944e+00                (73)                     1.893e+02                (58)                     none                     
83                       1.007e+03                (51)                     5.344e+01                1.504e+02                3.210e+00                (50)                     1.150e+02                (88)                     none                     
84                       3.338e+02                (21)                     9.282e+01                1.491e+02                1.951e+00                (72)                     1.903e+02                (55)                     none                     
85                       9.740e+02                (49)                     5.434e+01                1.445e+02                3.339e+00                (47)                     1.171e+02                (87)                     none                     
86                       7.492e+02                (37)                     6.195e+01                1.440e+02                2.956e+00                (56)                     1.200e+02                (84)                     none                     
87                       6.853e+02                (35)                     6.478e+01                1.363e+02                2.637e+00                (61)                     1.267e+02                (79)                     none                     
88                       4.950e+01                (3)                      2.410e+02                1.237e+02                8.609e-01                (90)                     3.639e+02                (38)                     none                     
89                       1.704e+02                (12)                     1.299e+02                1.055e+02                1.475e+00                (84)                     1.899e+02                (56)                     none                     
90                       1.704e+02                (13)                     1.299e+02                1.055e+02                1.475e+00                (83)                     1.899e+02                (57)                     none                     
91                       1.158e+01                (0)                      4.983e+02                9.589e+01                4.763e-01                (93)                     5.297e+02                (28)                     none                     
92                       5.933e+02                (32)                     6.962e+01                8.441e+01                2.393e+00                (67)                     1.090e+02                (91)                     none                     
93                       7.612e+01                (5)                      1.944e+02                5.037e+01                1.029e+00                (88)                     1.249e+02                (80)                     none                     
