64-Gd-157_n-g   PEAKS: ================================================================================================================================================================
Rank by Integral         Energy (eV)              Rank by Energy           TOF (us)                 Integral                 Peak Width               Rank by Peak Width       Peak Height              Rank by Peak Height      Relevant Isotope         
0                        8.010e+01                (1)                      1.846e+02                1.656e+03                1.179e+00                (20)                     3.604e+03                (1)                      none                     
1                        3.323e+01                (0)                      2.866e+02                1.233e+03                7.657e-01                (21)                     4.155e+03                (0)                      none                     
2                        1.985e+02                (3)                      1.173e+02                9.394e+02                1.949e+00                (17)                     1.260e+03                (2)                      none                     
3                        2.018e+02                (4)                      1.163e+02                6.484e+02                1.679e+00                (18)                     9.636e+02                (4)                      none                     
4                        1.504e+02                (2)                      1.347e+02                6.373e+02                1.436e+00                (19)                     1.096e+03                (3)                      none                     
5                        3.410e+02                (5)                      8.948e+01                6.056e+02                3.356e+00                (8)                      5.031e+02                (6)                      none                     
6                        3.767e+02                (6)                      8.513e+01                4.731e+02                2.347e+00                (16)                     5.043e+02                (5)                      none                     
7                        4.514e+02                (7)                      7.777e+01                3.703e+02                2.463e+00                (15)                     3.699e+02                (7)                      none                     
8                        4.770e+02                (8)                      7.565e+01                3.542e+02                2.524e+00                (14)                     3.448e+02                (8)                      none                     
9                        5.157e+02                (9)                      7.276e+01                3.487e+02                2.644e+00                (13)                     3.246e+02                (9)                      none                     
10                       8.219e+02                (14)                     5.763e+01                3.086e+02                4.212e+00                (1)                      1.943e+02                (11)                     none                     
11                       7.133e+02                (11)                     6.187e+01                3.034e+02                4.366e+00                (0)                      1.894e+02                (12)                     none                     
12                       7.297e+02                (12)                     6.117e+01                2.622e+02                3.338e+00                (9)                      1.978e+02                (10)                     none                     
13                       7.943e+02                (13)                     5.863e+01                2.520e+02                3.319e+00                (10)                     1.882e+02                (13)                     none                     
14                       8.422e+02                (15)                     5.694e+01                2.321e+02                3.290e+00                (11)                     1.723e+02                (14)                     none                     
15                       9.001e+02                (16)                     5.507e+01                2.108e+02                3.405e+00                (7)                      1.510e+02                (16)                     none                     
16                       7.055e+02                (10)                     6.221e+01                2.020e+02                2.934e+00                (12)                     1.677e+02                (15)                     none                     
17                       1.142e+03                (19)                     4.889e+01                1.955e+02                4.190e+00                (2)                      1.178e+02                (18)                     none                     
18                       1.154e+03                (20)                     4.864e+01                1.868e+02                3.960e+00                (3)                      1.159e+02                (19)                     none                     
19                       9.811e+02                (17)                     5.275e+01                1.816e+02                3.498e+00                (6)                      1.260e+02                (17)                     none                     
20                       1.183e+03                (21)                     4.804e+01                1.807e+02                3.950e+00                (4)                      1.117e+02                (20)                     none                     
21                       1.054e+03                (18)                     5.089e+01                1.476e+02                3.500e+00                (5)                      1.006e+02                (21)                     none                     
