64-Gd-158_n-g   PEAKS: ================================================================================================================================================================
Rank by Integral         Energy (eV)              Rank by Energy           TOF (us)                 Integral                 Peak Width               Rank by Peak Width       Peak Height              Rank by Peak Height      Relevant Isotope         
0                        1.677e+01                (2)                      4.035e+02                1.298e+03                5.813e-01                (40)                     5.897e+03                (0)                      none                     
1                        2.056e+01                (3)                      3.644e+02                9.682e+02                6.306e-01                (38)                     4.015e+03                (1)                      none                     
2                        1.209e+02                (21)                     1.503e+02                8.925e+02                1.498e+00                (16)                     1.550e+03                (5)                      none                     
3                        4.880e+01                (9)                      2.365e+02                8.020e+02                8.998e-01                (33)                     2.279e+03                (2)                      none                     
4                        5.838e+01                (10)                     2.163e+02                7.699e+02                9.852e-01                (30)                     1.995e+03                (3)                      none                     
5                        2.085e+02                (33)                     1.144e+02                5.508e+02                1.820e+00                (6)                      7.683e+02                (13)                     none                     
6                        1.105e+02                (19)                     1.572e+02                5.484e+02                1.275e+00                (22)                     1.080e+03                (7)                      none                     
7                        1.435e+02                (24)                     1.379e+02                5.276e+02                1.435e+00                (19)                     9.156e+02                (8)                      none                     
8                        1.002e+02                (16)                     1.651e+02                3.927e+02                1.244e+00                (23)                     7.979e+02                (11)                     none                     
9                        4.422e+01                (8)                      2.485e+02                3.837e+02                8.460e-01                (34)                     1.155e+03                (6)                      none                     
10                       1.053e+02                (17)                     1.610e+02                3.830e+02                1.243e+00                (24)                     7.724e+02                (12)                     none                     
11                       1.388e+02                (23)                     1.402e+02                3.678e+02                1.465e+00                (17)                     8.956e+02                (9)                      none                     
12                       1.944e+02                (32)                     1.185e+02                3.319e+02                1.617e+00                (10)                     5.065e+02                (18)                     none                     
13                       2.393e+02                (34)                     1.068e+02                3.163e+02                2.157e+00                (0)                      3.840e+02                (22)                     none                     
14                       1.379e+02                (22)                     1.407e+02                3.065e+02                1.148e+00                (28)                     8.600e+02                (10)                     none                     
15                       1.154e+02                (20)                     1.538e+02                3.040e+02                1.306e+00                (21)                     5.864e+02                (16)                     none                     
16                       6.665e+01                (11)                     2.024e+02                2.374e+02                9.648e-01                (31)                     6.124e+02                (14)                     none                     
17                       1.564e+02                (26)                     1.321e+02                2.302e+02                1.455e+00                (18)                     3.919e+02                (21)                     none                     
18                       8.746e+01                (14)                     1.767e+02                2.255e+02                1.183e+00                (26)                     4.857e+02                (19)                     none                     
19                       9.659e+01                (15)                     1.681e+02                2.253e+02                1.212e+00                (25)                     4.701e+02                (20)                     none                     
20                       1.712e+02                (28)                     1.263e+02                2.205e+02                1.508e+00                (15)                     3.599e+02                (24)                     none                     
21                       8.148e+01                (12)                     1.830e+02                2.204e+02                9.931e-01                (29)                     5.916e+02                (15)                     none                     
22                       2.825e+00                (0)                      9.831e+02                2.098e+02                3.744e-01                (42)                     1.633e+03                (4)                      none                     
23                       1.648e+02                (27)                     1.287e+02                2.023e+02                1.522e+00                (14)                     3.312e+02                (25)                     none                     
24                       1.785e+02                (29)                     1.237e+02                1.723e+02                1.601e+00                (11)                     2.684e+02                (27)                     none                     
25                       2.810e+02                (38)                     9.856e+01                1.717e+02                1.919e+00                (4)                      2.193e+02                (32)                     none                     
26                       2.908e+02                (40)                     9.689e+01                1.674e+02                1.957e+00                (2)                      2.116e+02                (33)                     none                     
27                       1.484e+02                (25)                     1.356e+02                1.669e+02                1.404e+00                (20)                     2.935e+02                (26)                     none                     
28                       2.937e+02                (41)                     9.641e+01                1.603e+02                1.949e+00                (3)                      2.021e+02                (34)                     none                     
29                       1.838e+02                (30)                     1.219e+02                1.582e+02                1.558e+00                (13)                     2.502e+02                (28)                     none                     
30                       1.906e+02                (31)                     1.197e+02                1.470e+02                1.565e+00                (12)                     2.304e+02                (30)                     none                     
31                       3.009e+02                (42)                     9.525e+01                1.456e+02                1.967e+00                (1)                      1.809e+02                (35)                     none                     
32                       2.540e+01                (6)                      3.278e+02                1.451e+02                6.544e-01                (37)                     5.688e+02                (17)                     none                     
33                       8.230e+01                (13)                     1.821e+02                1.137e+02                9.009e-01                (32)                     3.661e+02                (23)                     none                     
34                       1.077e+02                (18)                     1.592e+02                1.069e+02                1.181e+00                (27)                     2.262e+02                (31)                     none                     
35                       2.876e+02                (39)                     9.743e+01                9.637e+01                1.861e+00                (5)                      1.260e+02                (38)                     none                     
36                       2.601e+02                (36)                     1.025e+02                9.087e+01                1.804e+00                (7)                      1.228e+02                (40)                     none                     
37                       2.680e+02                (37)                     1.009e+02                7.890e+01                1.784e+00                (8)                      1.068e+02                (42)                     none                     
38                       2.464e+02                (35)                     1.053e+02                7.647e+01                1.709e+00                (9)                      1.087e+02                (41)                     none                     
39                       2.333e+01                (5)                      3.421e+02                4.019e+01                7.052e-01                (36)                     1.555e+02                (36)                     none                     
40                       4.017e+01                (7)                      2.607e+02                3.938e+01                8.279e-01                (35)                     1.230e+02                (39)                     none                     
41                       2.165e+01                (4)                      3.551e+02                3.018e+01                6.303e-01                (39)                     1.506e+02                (37)                     none                     
42                       1.627e+01                (1)                      4.096e+02                -2.697e+00               4.881e-01                (41)                     2.380e+02                (29)                     none                     
