64-Gd-157_n-tot   PEAKS: ================================================================================================================================================================
Rank by Integral         Energy (eV)              Rank by Energy           TOF (us)                 Integral                 Peak Width               Rank by Peak Width       Peak Height              Rank by Peak Height      Relevant Isotope         
0                        3.410e+02                (5)                      9.183e+01                5.802e+03                3.385e+00                (28)                     4.800e+03                (2)                      none                     
1                        1.985e+02                (3)                      1.204e+02                3.519e+03                1.965e+00                (38)                     4.686e+03                (3)                      none                     
2                        7.133e+02                (11)                     6.349e+01                3.410e+03                4.414e+00                (12)                     2.112e+03                (4)                      none                     
3                        8.011e+01                (1)                      1.895e+02                3.202e+03                1.188e+00                (41)                     6.949e+03                (0)                      none                     
4                        8.220e+02                (14)                     5.915e+01                2.438e+03                4.276e+00                (14)                     1.526e+03                (7)                      none                     
5                        2.127e+03                (42)                     3.677e+01                1.610e+03                6.750e+00                (0)                      6.331e+02                (17)                     none                     
6                        1.671e+03                (34)                     4.148e+01                1.603e+03                5.660e+00                (1)                      7.364e+02                (14)                     none                     
7                        1.515e+03                (30)                     4.357e+01                1.567e+03                5.220e+00                (6)                      7.714e+02                (13)                     none                     
8                        3.323e+01                (0)                      2.942e+02                1.430e+03                7.612e-01                (42)                     4.833e+03                (1)                      none                     
9                        7.297e+02                (12)                     6.277e+01                1.394e+03                3.359e+00                (29)                     1.056e+03                (9)                      none                     
10                       1.774e+03                (35)                     4.026e+01                1.359e+03                5.590e+00                (3)                      6.235e+02                (18)                     none                     
11                       3.767e+02                (6)                      8.737e+01                1.334e+03                2.334e+00                (37)                     1.433e+03                (8)                      none                     
12                       1.823e+03                (37)                     3.972e+01                1.289e+03                5.530e+00                (5)                      5.951e+02                (19)                     none                     
13                       2.018e+02                (4)                      1.194e+02                1.231e+03                1.671e+00                (39)                     1.854e+03                (5)                      none                     
14                       1.142e+03                (22)                     5.018e+01                1.108e+03                4.070e+00                (18)                     6.769e+02                (15)                     none                     
15                       1.959e+03                (40)                     3.832e+01                1.019e+03                5.590e+00                (2)                      4.654e+02                (23)                     none                     
16                       1.991e+03                (41)                     3.801e+01                1.012e+03                5.560e+00                (4)                      4.632e+02                (24)                     none                     
17                       5.157e+02                (9)                      7.467e+01                9.854e+02                2.668e+00                (34)                     9.198e+02                (10)                     none                     
18                       1.504e+02                (2)                      1.383e+02                9.671e+02                1.427e+00                (40)                     1.671e+03                (6)                      none                     
19                       4.514e+02                (7)                      7.981e+01                9.128e+02                2.469e+00                (36)                     9.167e+02                (11)                     none                     
20                       4.770e+02                (8)                      7.764e+01                8.863e+02                2.524e+00                (35)                     8.687e+02                (12)                     none                     
21                       7.943e+02                (13)                     6.017e+01                8.804e+02                3.295e+00                (30)                     6.631e+02                (16)                     none                     
22                       1.154e+03                (23)                     4.992e+01                8.786e+02                4.030e+00                (19)                     5.474e+02                (20)                     none                     
23                       1.183e+03                (24)                     4.930e+01                8.209e+02                3.880e+00                (21)                     5.182e+02                (21)                     none                     
24                       9.002e+02                (17)                     5.652e+01                6.552e+02                3.444e+00                (26)                     4.751e+02                (22)                     none                     
25                       1.784e+03                (36)                     4.014e+01                6.210e+02                4.970e+00                (7)                      3.216e+02                (28)                     none                     
26                       8.423e+02                (15)                     5.843e+01                5.308e+02                3.271e+00                (31)                     4.071e+02                (25)                     none                     
27                       1.492e+03                (29)                     4.391e+01                4.980e+02                4.260e+00                (15)                     2.842e+02                (29)                     none                     
28                       9.812e+02                (18)                     5.414e+01                4.737e+02                3.516e+00                (24)                     3.351e+02                (26)                     none                     
29                       1.661e+03                (33)                     4.160e+01                4.321e+02                4.510e+00                (10)                     2.312e+02                (30)                     none                     
30                       1.913e+03                (39)                     3.877e+01                4.144e+02                4.840e+00                (8)                      2.137e+02                (36)                     none                     
31                       7.055e+02                (10)                     6.384e+01                3.936e+02                2.897e+00                (33)                     3.270e+02                (27)                     none                     
32                       1.553e+03                (31)                     4.303e+01                3.883e+02                4.420e+00                (11)                     2.223e+02                (33)                     none                     
33                       1.425e+03                (27)                     4.492e+01                3.822e+02                4.130e+00                (16)                     2.257e+02                (32)                     none                     
34                       1.432e+03                (28)                     4.482e+01                3.646e+02                4.110e+00                (17)                     2.204e+02                (35)                     none                     
35                       1.096e+03                (21)                     5.122e+01                3.264e+02                3.490e+00                (25)                     2.261e+02                (31)                     none                     
36                       1.054e+03                (20)                     5.223e+01                3.170e+02                3.530e+00                (23)                     2.221e+02                (34)                     none                     
37                       1.855e+03                (38)                     3.937e+01                3.156e+02                4.720e+00                (9)                      1.723e+02                (38)                     none                     
38                       1.392e+03                (26)                     4.546e+01                2.887e+02                3.990e+00                (20)                     1.779e+02                (37)                     none                     
39                       1.610e+03                (32)                     4.226e+01                2.121e+02                4.290e+00                (13)                     1.243e+02                (39)                     none                     
40                       1.321e+03                (25)                     4.666e+01                1.695e+02                3.860e+00                (22)                     1.112e+02                (40)                     none                     
41                       1.034e+03                (19)                     5.272e+01                1.407e+02                3.400e+00                (27)                     1.050e+02                (42)                     none                     
42                       8.569e+02                (16)                     5.793e+01                1.252e+02                3.105e+00                (32)                     1.098e+02                (41)                     none                     
