65-Tb-159_n-g   PEAKS: ================================================================================================================================================================
Rank by Integral         Energy (eV)              Rank by Energy           TOF (us)                 Integral                 Peak Width               Rank by Peak Width       Peak Height              Rank by Peak Height      Relevant Isotope         
0                        1.107e+01                (2)                      4.966e+02                1.231e+03                5.115e-01                (72)                     6.471e+03                (0)                      none                     
1                        4.599e+01                (8)                      2.436e+02                4.436e+02                8.573e-01                (66)                     1.319e+03                (3)                      none                     
2                        2.190e+02                (34)                     1.117e+02                4.048e+02                1.782e+00                (36)                     5.694e+02                (10)                     none                     
3                        1.136e+02                (23)                     1.550e+02                3.945e+02                1.328e+00                (49)                     7.557e+02                (6)                      none                     
4                        1.089e+02                (21)                     1.583e+02                3.800e+02                1.260e+00                (51)                     7.597e+02                (5)                      none                     
5                        7.366e+01                (14)                     1.925e+02                3.603e+02                1.037e+00                (58)                     8.713e+02                (4)                      none                     
6                        9.700e+01                (20)                     1.678e+02                3.523e+02                1.216e+00                (53)                     7.325e+02                (7)                      none                     
7                        2.455e+01                (4)                      3.335e+02                3.476e+02                6.868e-01                (70)                     1.327e+03                (2)                      none                     
8                        3.782e+02                (51)                     8.496e+01                2.806e+02                2.258e+00                (20)                     3.074e+02                (20)                     none                     
9                        6.508e+01                (12)                     2.048e+02                2.708e+02                9.739e-01                (60)                     6.978e+02                (8)                      none                     
10                       4.044e+02                (52)                     8.216e+01                2.665e+02                2.805e+00                (7)                      2.190e+02                (40)                     none                     
11                       2.842e+02                (41)                     9.801e+01                2.534e+02                1.953e+00                (30)                     3.330e+02                (18)                     none                     
12                       6.155e+02                (67)                     6.660e+01                2.528e+02                2.982e+00                (5)                      2.122e+02                (42)                     none                     
13                       1.525e+02                (29)                     1.338e+02                2.491e+02                1.501e+00                (44)                     4.199e+02                (14)                     none                     
14                       3.588e+02                (48)                     8.723e+01                2.456e+02                2.122e+00                (24)                     2.849e+02                (24)                     none                     
15                       1.412e+02                (27)                     1.391e+02                2.448e+02                1.430e+00                (47)                     4.306e+02                (13)                     none                     
16                       4.887e+02                (58)                     7.474e+01                2.332e+02                2.563e+00                (15)                     2.252e+02                (32)                     none                     
17                       1.554e+02                (30)                     1.325e+02                2.294e+02                1.465e+00                (45)                     3.889e+02                (15)                     none                     
18                       4.680e+02                (55)                     7.638e+01                2.215e+02                2.459e+00                (18)                     2.209e+02                (36)                     none                     
19                       3.319e+02                (46)                     9.070e+01                2.173e+02                2.057e+00                (28)                     2.594e+02                (25)                     none                     
20                       4.363e+01                (7)                      2.501e+02                2.141e+02                8.364e-01                (67)                     6.543e+02                (9)                      none                     
21                       2.386e+02                (36)                     1.070e+02                2.124e+02                1.844e+00                (34)                     2.887e+02                (23)                     none                     
22                       4.159e+02                (53)                     8.102e+01                2.120e+02                2.370e+00                (19)                     2.213e+02                (34)                     none                     
23                       2.351e+02                (35)                     1.078e+02                2.052e+02                1.736e+00                (38)                     2.905e+02                (22)                     none                     
24                       4.820e+02                (57)                     7.526e+01                2.001e+02                2.210e+00                (22)                     2.500e+02                (26)                     none                     
25                       3.339e+00                (0)                      9.042e+02                1.932e+02                3.644e-01                (74)                     1.510e+03                (1)                      none                     
26                       7.200e+02                (70)                     6.158e+01                1.912e+02                3.144e+00                (3)                      1.511e+02                (50)                     none                     
27                       3.121e+02                (44)                     9.353e+01                1.905e+02                1.945e+00                (31)                     2.413e+02                (29)                     none                     
28                       3.475e+02                (47)                     8.864e+01                1.903e+02                2.093e+00                (26)                     2.235e+02                (33)                     none                     
29                       3.280e+02                (45)                     9.123e+01                1.865e+02                2.105e+00                (25)                     2.199e+02                (38)                     none                     
30                       7.652e+02                (71)                     5.973e+01                1.845e+02                3.247e+00                (2)                      1.412e+02                (54)                     none                     
31                       6.485e+02                (69)                     6.488e+01                1.843e+02                2.895e+00                (6)                      1.562e+02                (47)                     none                     
32                       1.190e+02                (25)                     1.514e+02                1.701e+02                1.303e+00                (50)                     3.272e+02                (19)                     none                     
33                       3.008e+02                (42)                     9.527e+01                1.691e+02                1.939e+00                (32)                     2.129e+02                (41)                     none                     
34                       2.734e+02                (39)                     9.993e+01                1.664e+02                1.855e+00                (33)                     2.192e+02                (39)                     none                     
35                       1.379e+02                (26)                     1.407e+02                1.589e+02                1.740e+00                (37)                     2.274e+02                (31)                     none                     
36                       9.360e+02                (74)                     5.401e+01                1.571e+02                3.597e+00                (0)                      1.086e+02                (69)                     none                     
37                       1.773e+02                (32)                     1.241e+02                1.548e+02                1.538e+00                (43)                     2.485e+02                (27)                     none                     
38                       4.531e+02                (54)                     7.763e+01                1.524e+02                2.647e+00                (11)                     1.413e+02                (53)                     none                     
39                       7.775e+01                (16)                     1.874e+02                1.506e+02                9.776e-01                (59)                     3.880e+02                (16)                     none                     
40                       7.630e+01                (15)                     1.892e+02                1.492e+02                1.037e+00                (57)                     3.627e+02                (17)                     none                     
41                       8.453e+02                (73)                     5.683e+01                1.490e+02                3.284e+00                (1)                      1.112e+02                (67)                     none                     
42                       3.381e+01                (6)                      2.842e+02                1.437e+02                7.580e-01                (68)                     4.877e+02                (11)                     none                     
43                       5.209e+02                (60)                     7.240e+01                1.409e+02                2.576e+00                (14)                     1.341e+02                (56)                     none                     
44                       5.329e+02                (62)                     7.158e+01                1.377e+02                2.676e+00                (10)                     1.274e+02                (58)                     none                     
45                       9.080e+01                (19)                     1.734e+02                1.350e+02                1.143e+00                (55)                     2.957e+02                (21)                     none                     
46                       7.877e+02                (72)                     5.887e+01                1.329e+02                3.135e+00                (4)                      1.036e+02                (72)                     none                     
47                       3.719e+02                (49)                     8.568e+01                1.320e+02                2.130e+00                (23)                     1.523e+02                (48)                     none                     
48                       1.433e+02                (28)                     1.380e+02                1.303e+02                1.365e+00                (48)                     2.365e+02                (30)                     none                     
49                       5.649e+02                (63)                     6.952e+01                1.277e+02                2.616e+00                (13)                     1.188e+02                (64)                     none                     
50                       5.279e+02                (61)                     7.191e+01                1.250e+02                2.552e+00                (16)                     1.195e+02                (62)                     none                     
51                       1.154e+02                (24)                     1.538e+02                1.180e+02                1.239e+00                (52)                     2.416e+02                (28)                     none                     
52                       1.974e+02                (33)                     1.176e+02                1.179e+02                1.584e+00                (41)                     1.821e+02                (44)                     none                     
53                       5.979e+02                (65)                     6.757e+01                1.147e+02                2.735e+00                (8)                      1.131e+02                (66)                     none                     
54                       6.029e+02                (66)                     6.729e+01                1.146e+02                2.632e+00                (12)                     1.060e+02                (71)                     none                     
55                       6.271e+02                (68)                     6.598e+01                1.129e+02                2.684e+00                (9)                      1.016e+02                (73)                     none                     
56                       3.055e+02                (43)                     9.453e+01                1.124e+02                1.968e+00                (29)                     1.401e+02                (55)                     none                     
57                       2.117e+01                (3)                      3.591e+02                1.074e+02                6.322e-01                (71)                     4.446e+02                (12)                     none                     
58                       5.939e+02                (64)                     6.780e+01                1.046e+02                2.222e+00                (21)                     1.493e+02                (51)                     none                     
59                       5.031e+02                (59)                     7.367e+01                1.021e+02                2.464e+00                (17)                     1.006e+02                (74)                     none                     
60                       3.742e+02                (50)                     8.542e+01                9.853e+01                2.082e+00                (27)                     1.169e+02                (65)                     none                     
61                       1.112e+02                (22)                     1.567e+02                9.267e+01                1.197e+00                (54)                     1.950e+02                (43)                     none                     
62                       2.415e+02                (37)                     1.063e+02                9.045e+01                1.683e+00                (39)                     1.309e+02                (57)                     none                     
63                       2.813e+02                (40)                     9.852e+01                7.923e+01                1.628e+00                (40)                     1.212e+02                (61)                     none                     
64                       8.824e+01                (18)                     1.759e+02                7.676e+01                1.080e+00                (56)                     1.759e+02                (45)                     none                     
65                       5.006e+01                (9)                      2.335e+02                7.576e+01                8.734e-01                (64)                     2.202e+02                (37)                     none                     
66                       2.629e+02                (38)                     1.019e+02                7.536e+01                1.574e+00                (42)                     1.449e+02                (52)                     none                     
67                       6.648e+01                (13)                     2.026e+02                6.532e+01                9.669e-01                (61)                     1.731e+02                (46)                     none                     
68                       1.696e+02                (31)                     1.269e+02                6.476e+01                1.463e+00                (46)                     1.083e+02                (70)                     none                     
69                       2.751e+01                (5)                      3.150e+02                5.981e+01                7.065e-01                (69)                     2.212e+02                (35)                     none                     
70                       5.863e+01                (11)                     2.158e+02                5.570e+01                9.273e-01                (62)                     1.521e+02                (49)                     none                     
71                       4.804e+02                (56)                     7.538e+01                4.911e+01                1.843e+00                (35)                     1.096e+02                (68)                     none                     
72                       5.734e+01                (10)                     2.182e+02                4.438e+01                9.181e-01                (63)                     1.227e+02                (60)                     none                     
73                       7.860e+01                (17)                     1.864e+02                3.467e+01                8.715e-01                (65)                     1.193e+02                (63)                     none                     
74                       4.980e+00                (1)                      7.404e+02                1.774e+01                4.147e-01                (73)                     1.232e+02                (59)                     none                     
