65-Tb-159_n-tot   PEAKS: ================================================================================================================================================================
Rank by Integral         Energy (eV)              Rank by Energy           TOF (us)                 Integral                 Peak Width               Rank by Peak Width       Peak Height              Rank by Peak Height      Relevant Isotope         
0                        1.107e+01                (2)                      5.097e+02                1.344e+03                5.158e-01                (106)                    7.041e+03                (0)                      none                     
1                        1.173e+03                (108)                    4.952e+01                9.316e+02                5.450e+00                (0)                      4.721e+02                (21)                     none                     
2                        2.842e+02                (43)                     1.006e+02                6.455e+02                2.031e+00                (57)                     8.141e+02                (9)                      none                     
3                        6.155e+02                (79)                     6.835e+01                6.401e+02                3.001e+00                (23)                     5.413e+02                (17)                     none                     
4                        2.190e+02                (36)                     1.146e+02                6.400e+02                1.771e+00                (67)                     9.078e+02                (8)                      none                     
5                        1.136e+02                (25)                     1.591e+02                6.265e+02                1.320e+00                (81)                     1.207e+03                (4)                      none                     
6                        4.887e+02                (65)                     7.671e+01                5.733e+02                2.558e+00                (37)                     5.610e+02                (15)                     none                     
7                        7.652e+02                (86)                     6.130e+01                5.690e+02                3.284e+00                (16)                     4.379e+02                (25)                     none                     
8                        7.200e+02                (84)                     6.320e+01                5.553e+02                3.150e+00                (20)                     4.438e+02                (24)                     none                     
9                        3.782e+02                (55)                     8.720e+01                5.521e+02                2.250e+00                (50)                     6.134e+02                (12)                     none                     
10                       9.953e+02                (101)                    5.375e+01                5.342e+02                4.100e+00                (1)                      3.420e+02                (35)                     none                     
11                       9.360e+02                (97)                     5.543e+01                5.209e+02                3.591e+00                (5)                      3.662e+02                (32)                     none                     
12                       4.599e+01                (9)                      2.501e+02                4.957e+02                8.565e-01                (99)                     1.480e+03                (2)                      none                     
13                       9.700e+01                (22)                     1.722e+02                4.883e+02                1.219e+00                (85)                     1.020e+03                (5)                      none                     
14                       1.089e+02                (23)                     1.625e+02                4.730e+02                1.242e+00                (83)                     9.548e+02                (7)                      none                     
15                       4.680e+02                (61)                     7.839e+01                4.524e+02                2.459e+00                (41)                     4.553e+02                (23)                     none                     
16                       4.820e+02                (64)                     7.724e+01                4.449e+02                2.276e+00                (49)                     5.309e+02                (18)                     none                     
17                       3.588e+02                (52)                     8.952e+01                4.434e+02                2.143e+00                (52)                     5.162e+02                (19)                     none                     
18                       6.486e+02                (81)                     6.659e+01                4.189e+02                2.910e+00                (26)                     3.613e+02                (34)                     none                     
19                       7.366e+01                (16)                     1.976e+02                4.166e+02                1.043e+00                (89)                     1.009e+03                (6)                      none                     
20                       1.077e+03                (105)                    5.168e+01                4.086e+02                4.000e+00                (2)                      2.645e+02                (50)                     none                     
21                       9.633e+02                (98)                     5.464e+01                4.058e+02                3.564e+00                (7)                      2.866e+02                (43)                     none                     
22                       3.280e+02                (49)                     9.363e+01                3.632e+02                2.094e+00                (55)                     4.330e+02                (27)                     none                     
23                       2.455e+01                (5)                      3.423e+02                3.628e+02                6.868e-01                (103)                    1.392e+03                (3)                      none                     
24                       8.454e+02                (92)                     5.832e+01                3.600e+02                3.306e+00                (14)                     2.733e+02                (47)                     none                     
25                       4.045e+02                (56)                     8.431e+01                3.557e+02                2.800e+00                (27)                     3.045e+02                (40)                     none                     
26                       1.525e+02                (31)                     1.373e+02                3.447e+02                1.485e+00                (76)                     5.878e+02                (13)                     none                     
27                       3.319e+02                (50)                     9.308e+01                3.320e+02                2.041e+00                (56)                     4.058e+02                (30)                     none                     
28                       1.412e+02                (29)                     1.427e+02                3.289e+02                1.419e+00                (79)                     5.853e+02                (14)                     none                     
29                       2.386e+02                (38)                     1.098e+02                3.179e+02                1.852e+00                (65)                     4.372e+02                (26)                     none                     
30                       1.554e+02                (32)                     1.360e+02                3.156e+02                1.468e+00                (77)                     5.424e+02                (16)                     none                     
31                       5.329e+02                (71)                     7.346e+01                3.014e+02                2.669e+00                (29)                     2.870e+02                (41)                     none                     
32                       6.508e+01                (14)                     2.102e+02                2.972e+02                9.724e-01                (91)                     7.709e+02                (10)                     none                     
33                       4.159e+02                (57)                     8.315e+01                2.951e+02                2.381e+00                (42)                     3.143e+02                (38)                     none                     
34                       9.249e+02                (96)                     5.576e+01                2.728e+02                3.383e+00                (12)                     2.017e+02                (58)                     none                     
35                       2.351e+02                (37)                     1.106e+02                2.649e+02                1.739e+00                (68)                     3.787e+02                (31)                     none                     
36                       3.475e+02                (51)                     9.097e+01                2.585e+02                2.105e+00                (53)                     3.072e+02                (39)                     none                     
37                       1.050e+03                (103)                    5.233e+01                2.558e+02                3.490e+00                (9)                      1.823e+02                (67)                     none                     
38                       3.121e+02                (47)                     9.599e+01                2.540e+02                1.965e+00                (58)                     3.244e+02                (37)                     none                     
39                       7.877e+02                (88)                     6.042e+01                2.535e+02                3.110e+00                (22)                     2.057e+02                (57)                     none                     
40                       1.113e+03                (107)                    5.083e+01                2.435e+02                3.640e+00                (4)                      1.702e+02                (72)                     none                     
41                       1.057e+03                (104)                    5.216e+01                2.262e+02                3.660e+00                (3)                      1.616e+02                (75)                     none                     
42                       4.363e+01                (8)                      2.567e+02                2.247e+02                8.377e-01                (100)                    6.900e+02                (11)                     none                     
43                       1.040e+03                (102)                    5.258e+01                2.245e+02                3.460e+00                (10)                     1.627e+02                (73)                     none                     
44                       3.719e+02                (53)                     8.793e+01                2.224e+02                2.157e+00                (51)                     2.573e+02                (51)                     none                     
45                       3.008e+02                (45)                     9.777e+01                2.214e+02                1.955e+00                (61)                     2.831e+02                (44)                     none                     
46                       9.802e+02                (100)                    5.416e+01                2.174e+02                3.540e+00                (8)                      1.586e+02                (80)                     none                     
47                       2.734e+02                (41)                     1.026e+02                2.100e+02                1.869e+00                (64)                     2.805e+02                (45)                     none                     
48                       7.318e+02                (85)                     6.268e+01                2.016e+02                2.975e+00                (24)                     1.733e+02                (70)                     none                     
49                       8.505e+02                (93)                     5.815e+01                2.001e+02                3.258e+00                (17)                     1.607e+02                (76)                     none                     
50                       4.531e+02                (59)                     7.967e+01                1.991e+02                2.606e+00                (34)                     1.917e+02                (61)                     none                     
51                       5.939e+02                (76)                     6.958e+01                1.979e+02                2.289e+00                (47)                     2.756e+02                (46)                     none                     
52                       5.979e+02                (77)                     6.935e+01                1.975e+02                2.549e+00                (38)                     1.981e+02                (59)                     none                     
53                       6.271e+02                (80)                     6.772e+01                1.965e+02                2.711e+00                (28)                     1.842e+02                (65)                     none                     
54                       3.339e+00                (0)                      9.280e+02                1.939e+02                3.644e-01                (108)                    1.522e+03                (1)                      none                     
55                       5.649e+02                (72)                     7.135e+01                1.903e+02                2.616e+00                (33)                     1.829e+02                (66)                     none                     
56                       1.190e+02                (27)                     1.554e+02                1.850e+02                1.296e+00                (82)                     3.652e+02                (33)                     none                     
57                       5.209e+02                (69)                     7.430e+01                1.845e+02                2.580e+00                (36)                     1.822e+02                (68)                     none                     
58                       1.773e+02                (34)                     1.274e+02                1.745e+02                1.537e+00                (75)                     2.868e+02                (42)                     none                     
59                       8.020e+02                (89)                     5.988e+01                1.729e+02                3.162e+00                (18)                     1.413e+02                (84)                     none                     
60                       1.379e+02                (28)                     1.444e+02                1.680e+02                1.718e+00                (70)                     2.501e+02                (52)                     none                     
61                       7.630e+01                (17)                     1.941e+02                1.651e+02                1.035e+00                (90)                     4.067e+02                (29)                     none                     
62                       5.279e+02                (70)                     7.381e+01                1.643e+02                2.591e+00                (35)                     1.623e+02                (74)                     none                     
63                       9.016e+02                (95)                     5.648e+01                1.627e+02                3.347e+00                (13)                     1.256e+02                (92)                     none                     
64                       6.029e+02                (78)                     6.906e+01                1.616e+02                2.628e+00                (31)                     1.587e+02                (79)                     none                     
65                       8.239e+02                (91)                     5.908e+01                1.608e+02                3.132e+00                (21)                     1.318e+02                (88)                     none                     
66                       7.775e+01                (18)                     1.923e+02                1.597e+02                9.704e-01                (92)                     4.205e+02                (28)                     none                     
67                       3.055e+02                (46)                     9.702e+01                1.524e+02                1.964e+00                (60)                     1.961e+02                (60)                     none                     
68                       5.800e+02                (74)                     7.041e+01                1.516e+02                2.651e+00                (30)                     1.454e+02                (82)                     none                     
69                       3.381e+01                (7)                      2.916e+02                1.497e+02                7.580e-01                (101)                    5.142e+02                (20)                     none                     
70                       9.080e+01                (21)                     1.780e+02                1.483e+02                1.143e+00                (87)                     3.303e+02                (36)                     none                     
71                       1.433e+02                (30)                     1.416e+02                1.420e+02                1.365e+00                (80)                     2.664e+02                (49)                     none                     
72                       1.098e+03                (106)                    5.118e+01                1.399e+02                3.580e+00                (6)                      1.021e+02                (107)                    none                     
73                       3.742e+02                (54)                     8.766e+01                1.398e+02                2.096e+00                (54)                     1.719e+02                (71)                     none                     
74                       8.102e+02                (90)                     5.957e+01                1.352e+02                3.154e+00                (19)                     1.125e+02                (102)                    none                     
75                       8.847e+02                (94)                     5.701e+01                1.339e+02                3.294e+00                (15)                     1.062e+02                (105)                    none                     
76                       7.698e+02                (87)                     6.112e+01                1.324e+02                2.966e+00                (25)                     1.210e+02                (95)                     none                     
77                       1.974e+02                (35)                     1.207e+02                1.316e+02                1.591e+00                (74)                     2.083e+02                (56)                     none                     
78                       5.031e+02                (67)                     7.560e+01                1.311e+02                2.477e+00                (40)                     1.374e+02                (86)                     none                     
79                       9.726e+02                (99)                     5.437e+01                1.279e+02                3.406e+00                (11)                     1.008e+02                (108)                    none                     
80                       5.698e+02                (73)                     7.104e+01                1.269e+02                2.621e+00                (32)                     1.249e+02                (93)                     none                     
81                       1.154e+02                (26)                     1.579e+02                1.237e+02                1.222e+00                (84)                     2.708e+02                (48)                     none                     
82                       4.741e+02                (62)                     7.788e+01                1.191e+02                2.363e+00                (43)                     1.273e+02                (91)                     none                     
83                       4.401e+02                (58)                     8.083e+01                1.112e+02                2.293e+00                (46)                     1.231e+02                (94)                     none                     
84                       2.117e+01                (4)                      3.686e+02                1.101e+02                6.390e-01                (104)                    4.595e+02                (22)                     none                     
85                       5.101e+02                (68)                     7.508e+01                1.069e+02                2.499e+00                (39)                     1.121e+02                (103)                    none                     
86                       4.577e+02                (60)                     7.926e+01                1.049e+02                2.285e+00                (48)                     1.162e+02                (97)                     none                     
87                       2.415e+02                (39)                     1.091e+02                1.042e+02                1.690e+00                (71)                     1.596e+02                (78)                     none                     
88                       1.112e+02                (24)                     1.608e+02                1.017e+02                1.179e+00                (86)                     2.211e+02                (55)                     none                     
89                       2.629e+02                (40)                     1.046e+02                1.016e+02                1.603e+00                (73)                     1.886e+02                (62)                     none                     
90                       4.940e+02                (66)                     7.629e+01                1.009e+02                2.349e+00                (44)                     1.146e+02                (98)                     none                     
91                       2.813e+02                (42)                     1.011e+02                8.977e+01                1.642e+00                (72)                     1.403e+02                (85)                     none                     
92                       3.232e+02                (48)                     9.433e+01                8.791e+01                1.965e+00                (59)                     1.129e+02                (101)                    none                     
93                       2.902e+02                (44)                     9.954e+01                8.122e+01                1.885e+00                (62)                     1.141e+02                (99)                     none                     
94                       8.824e+01                (20)                     1.805e+02                7.947e+01                1.074e+00                (88)                     1.877e+02                (63)                     none                     
95                       5.006e+01                (10)                     2.397e+02                7.750e+01                8.815e-01                (96)                     2.311e+02                (53)                     none                     
96                       6.837e+02                (83)                     6.485e+01                7.560e+01                2.316e+00                (45)                     1.568e+02                (81)                     none                     
97                       1.696e+02                (33)                     1.302e+02                6.821e+01                1.463e+00                (78)                     1.207e+02                (96)                     none                     
98                       6.648e+01                (15)                     2.080e+02                6.749e+01                9.656e-01                (93)                     1.868e+02                (64)                     none                     
99                       4.804e+02                (63)                     7.737e+01                6.361e+01                1.817e+00                (66)                     1.772e+02                (69)                     none                     
100                      2.751e+01                (6)                      3.233e+02                6.026e+01                7.051e-01                (102)                    2.299e+02                (54)                     none                     
101                      5.863e+01                (13)                     2.215e+02                5.649e+01                9.230e-01                (95)                     1.604e+02                (77)                     none                     
102                      5.734e+01                (12)                     2.239e+02                4.544e+01                9.239e-01                (94)                     1.306e+02                (89)                     none                     
103                      5.924e+02                (75)                     6.967e+01                4.471e+01                1.884e+00                (63)                     1.444e+02                (83)                     none                     
104                      7.860e+01                (19)                     1.913e+02                3.566e+01                8.605e-01                (98)                     1.332e+02                (87)                     none                     
105                      5.155e+01                (11)                     2.362e+02                3.420e+01                8.805e-01                (97)                     1.065e+02                (104)                    none                     
106                      1.440e+01                (3)                      4.469e+02                1.941e+01                5.614e-01                (105)                    1.033e+02                (106)                    none                     
107                      4.980e+00                (1)                      7.599e+02                1.774e+01                4.147e-01                (107)                    1.296e+02                (90)                     none                     
108                      6.827e+02                (82)                     6.490e+01                1.290e+00                1.725e+00                (69)                     1.139e+02                (100)                    none                     
