66-Dy-162_n-tot   PEAKS: ================================================================================================================================================================
Rank by Integral         Energy (eV)              Rank by Energy           TOF (us)                 Integral                 Peak Width               Rank by Peak Width       Peak Height              Rank by Peak Height      Relevant Isotope         
0                        7.365e+02                (23)                     6.249e+01                4.857e+03                5.541e+00                (2)                      2.505e+03                (5)                      none                     
1                        1.045e+01                (1)                      5.246e+02                4.629e+03                5.432e-01                (45)                     2.341e+04                (0)                      none                     
2                        2.047e+01                (2)                      3.748e+02                4.571e+03                7.067e-01                (44)                     1.751e+04                (1)                      none                     
3                        7.036e+02                (21)                     6.393e+01                3.657e+03                4.550e+00                (12)                     2.219e+03                (8)                      none                     
4                        3.412e+02                (13)                     9.180e+01                3.511e+03                2.752e+00                (27)                     3.413e+03                (3)                      none                     
5                        8.561e+01                (5)                      1.833e+02                3.366e+03                1.284e+00                (40)                     6.878e+03                (2)                      none                     
6                        6.795e+02                (20)                     6.505e+01                3.220e+03                4.205e+00                (18)                     2.090e+03                (9)                      none                     
7                        3.793e+02                (14)                     8.707e+01                2.467e+03                2.651e+00                (29)                     2.428e+03                (6)                      none                     
8                        1.862e+03                (41)                     3.930e+01                2.061e+03                6.810e+00                (0)                      8.154e+02                (17)                     none                     
9                        1.086e+03                (28)                     5.146e+01                1.953e+03                4.550e+00                (13)                     1.117e+03                (12)                     none                     
10                       1.557e+02                (8)                      1.359e+02                1.814e+03                1.561e+00                (38)                     2.952e+03                (4)                      none                     
11                       3.988e+02                (16)                     8.491e+01                1.747e+03                2.519e+00                (31)                     1.770e+03                (10)                     none                     
12                       1.938e+03                (44)                     3.852e+01                1.065e+03                5.610e+00                (1)                      4.833e+02                (20)                     none                     
13                       4.301e+02                (17)                     8.177e+01                9.221e+02                2.457e+00                (32)                     9.448e+02                (13)                     none                     
14                       5.222e+02                (18)                     7.421e+01                8.847e+02                2.673e+00                (28)                     8.254e+02                (15)                     none                     
15                       1.592e+03                (36)                     4.250e+01                8.051e+02                4.640e+00                (10)                     4.312e+02                (24)                     none                     
16                       1.313e+03                (30)                     4.680e+01                7.378e+02                4.220e+00                (17)                     4.386e+02                (23)                     none                     
17                       1.364e+02                (7)                      1.452e+02                6.606e+02                1.358e+00                (39)                     1.208e+03                (11)                     none                     
18                       1.648e+03                (37)                     4.177e+01                6.506e+02                4.650e+00                (9)                      3.482e+02                (27)                     none                     
19                       8.686e+02                (26)                     5.754e+01                6.353e+02                3.351e+00                (23)                     4.739e+02                (21)                     none                     
20                       1.710e+03                (38)                     4.100e+01                6.238e+02                4.660e+00                (7)                      3.289e+02                (29)                     none                     
21                       1.783e+02                (9)                      1.270e+02                5.934e+02                1.579e+00                (37)                     9.421e+02                (14)                     none                     
22                       7.296e+02                (22)                     6.278e+01                5.505e+02                3.049e+00                (26)                     4.452e+02                (22)                     none                     
23                       2.022e+02                (10)                     1.193e+02                5.414e+02                1.637e+00                (36)                     8.214e+02                (16)                     none                     
24                       3.943e+02                (15)                     8.540e+01                5.400e+02                2.245e+00                (33)                     5.913e+02                (19)                     none                     
25                       1.721e+03                (39)                     4.088e+01                5.313e+02                4.600e+00                (11)                     2.875e+02                (30)                     none                     
26                       1.900e+03                (43)                     3.891e+01                5.263e+02                5.000e+00                (4)                      2.685e+02                (32)                     none                     
27                       1.134e+03                (29)                     5.036e+01                5.165e+02                3.720e+00                (21)                     3.437e+02                (28)                     none                     
28                       1.495e+03                (34)                     4.385e+01                4.747e+02                4.290e+00                (15)                     2.747e+02                (31)                     none                     
29                       8.453e+02                (25)                     5.833e+01                4.676e+02                3.244e+00                (24)                     3.601e+02                (26)                     none                     
30                       1.994e+03                (46)                     3.797e+01                4.531e+02                5.040e+00                (3)                      2.297e+02                (36)                     none                     
31                       1.944e+03                (45)                     3.846e+01                4.488e+02                4.920e+00                (5)                      2.459e+02                (34)                     none                     
32                       1.437e+03                (33)                     4.473e+01                4.456e+02                4.240e+00                (16)                     2.629e+02                (33)                     none                     
33                       1.401e+03                (31)                     4.530e+01                3.483e+02                4.100e+00                (19)                     2.107e+02                (38)                     none                     
34                       9.894e+02                (27)                     5.391e+01                3.243e+02                3.448e+00                (22)                     2.350e+02                (35)                     none                     
35                       1.875e+03                (42)                     3.916e+01                3.154e+02                4.710e+00                (6)                      1.792e+02                (42)                     none                     
36                       1.542e+03                (35)                     4.319e+01                3.063e+02                4.290e+00                (14)                     1.795e+02                (41)                     none                     
37                       7.314e+01                (4)                      1.983e+02                3.008e+02                1.038e+00                (42)                     7.322e+02                (18)                     none                     
38                       1.830e+03                (40)                     3.964e+01                2.978e+02                4.650e+00                (8)                      1.577e+02                (44)                     none                     
39                       1.880e+00                (0)                      1.237e+03                2.840e+02                3.721e-01                (46)                     2.278e+03                (7)                      none                     
40                       1.412e+03                (32)                     4.513e+01                2.789e+02                3.970e+00                (20)                     1.745e+02                (43)                     none                     
41                       5.774e+02                (19)                     7.057e+01                2.281e+02                2.627e+00                (30)                     2.149e+02                (37)                     none                     
42                       3.207e+02                (12)                     9.469e+01                1.475e+02                1.975e+00                (34)                     1.831e+02                (40)                     none                     
43                       8.172e+02                (24)                     5.932e+01                1.450e+02                3.073e+00                (25)                     1.243e+02                (46)                     none                     
44                       2.463e+02                (11)                     1.080e+02                1.284e+02                1.757e+00                (35)                     1.840e+02                (39)                     none                     
45                       3.490e+01                (3)                      2.870e+02                1.098e+02                7.714e-01                (43)                     3.766e+02                (25)                     none                     
46                       1.156e+02                (6)                      1.577e+02                6.138e+01                1.241e+00                (41)                     1.290e+02                (45)                     none                     
