66-Dy-164_n-tot   PEAKS: ================================================================================================================================================================
Rank by Integral         Energy (eV)              Rank by Energy           TOF (us)                 Integral                 Peak Width               Rank by Peak Width       Peak Height              Rank by Peak Height      Relevant Isotope         
0                        7.110e+01                (1)                      2.011e+02                1.545e+04                1.980e+00                (47)                     2.289e+04                (1)                      none                     
1                        5.440e+00                (0)                      7.271e+02                1.047e+04                6.070e-01                (51)                     5.121e+04                (0)                      none                     
2                        8.661e+02                (13)                     5.762e+01                7.611e+03                8.849e+00                (7)                      2.575e+03                (4)                      none                     
3                        2.694e+02                (5)                      1.033e+02                6.523e+03                3.078e+00                (43)                     5.953e+03                (2)                      none                     
4                        6.328e+02                (9)                      6.741e+01                6.472e+03                5.976e+00                (24)                     3.163e+03                (3)                      none                     
5                        7.665e+02                (12)                     6.125e+01                3.317e+03                4.630e+00                (34)                     1.972e+03                (5)                      none                     
6                        1.432e+03                (19)                     4.482e+01                3.006e+03                6.950e+00                (15)                     1.213e+03                (10)                     none                     
7                        2.797e+03                (35)                     3.207e+01                2.696e+03                1.113e+01                (2)                      6.959e+02                (13)                     none                     
8                        7.165e+02                (11)                     6.335e+01                2.535e+03                3.988e+00                (38)                     1.704e+03                (6)                      none                     
9                        3.799e+03                (43)                     2.751e+01                2.158e+03                1.222e+01                (0)                      5.013e+02                (21)                     none                     
10                       1.261e+03                (17)                     4.775e+01                2.068e+03                5.320e+00                (29)                     1.046e+03                (11)                     none                     
11                       6.860e+02                (10)                     6.475e+01                2.066e+03                3.586e+00                (40)                     1.507e+03                (7)                      none                     
12                       3.555e+03                (41)                     2.844e+01                1.934e+03                1.076e+01                (4)                      5.002e+02                (22)                     none                     
13                       4.115e+03                (47)                     2.643e+01                1.874e+03                1.171e+01                (1)                      4.459e+02                (24)                     none                     
14                       5.298e+02                (8)                      7.367e+01                1.722e+03                2.958e+00                (44)                     1.492e+03                (8)                      none                     
15                       1.936e+03                (24)                     3.854e+01                1.480e+03                6.150e+00                (23)                     6.325e+02                (15)                     none                     
16                       4.453e+03                (50)                     2.541e+01                1.437e+03                1.093e+01                (3)                      3.612e+02                (27)                     none                     
17                       2.241e+03                (27)                     3.582e+01                1.334e+03                6.590e+00                (17)                     5.320e+02                (18)                     none                     
18                       1.567e+03                (21)                     4.283e+01                1.297e+03                5.160e+00                (30)                     6.485e+02                (14)                     none                     
19                       4.128e+02                (7)                      8.347e+01                1.240e+03                2.435e+00                (45)                     1.279e+03                (9)                      none                     
20                       2.886e+03                (37)                     3.157e+01                1.190e+03                7.430e+00                (11)                     4.226e+02                (26)                     none                     
21                       2.276e+03                (28)                     3.555e+01                1.136e+03                6.160e+00                (22)                     4.722e+02                (23)                     none                     
22                       4.013e+03                (44)                     2.677e+01                1.091e+03                9.000e+00                (6)                      3.207e+02                (30)                     none                     
23                       4.082e+03                (45)                     2.654e+01                1.077e+03                9.090e+00                (5)                      3.113e+02                (32)                     none                     
24                       2.342e+03                (29)                     3.504e+01                1.066e+03                6.270e+00                (21)                     4.372e+02                (25)                     none                     
25                       2.848e+03                (36)                     3.178e+01                9.279e+02                6.810e+00                (16)                     3.505e+02                (28)                     none                     
26                       2.674e+03                (34)                     3.280e+01                8.827e+02                6.450e+00                (18)                     3.481e+02                (29)                     none                     
27                       1.111e+03                (16)                     5.088e+01                7.996e+02                3.790e+00                (39)                     5.190e+02                (19)                     none                     
28                       3.244e+03                (38)                     2.977e+01                7.642e+02                7.130e+00                (13)                     2.755e+02                (35)                     none                     
29                       9.521e+02                (14)                     5.496e+01                7.146e+02                3.543e+00                (41)                     5.044e+02                (20)                     none                     
30                       4.239e+03                (48)                     2.605e+01                6.832e+02                8.210e+00                (8)                      2.164e+02                (39)                     none                     
31                       2.364e+03                (30)                     3.488e+01                6.135e+02                5.560e+00                (26)                     2.760e+02                (34)                     none                     
32                       2.493e+03                (31)                     3.397e+01                5.772e+02                5.660e+00                (25)                     2.517e+02                (36)                     none                     
33                       2.233e+02                (4)                      1.135e+02                5.751e+02                1.720e+00                (48)                     8.266e+02                (12)                     none                     
34                       1.526e+03                (20)                     4.341e+01                5.066e+02                4.270e+00                (36)                     2.894e+02                (33)                     none                     
35                       3.666e+03                (42)                     2.801e+01                4.845e+02                6.990e+00                (14)                     1.746e+02                (41)                     none                     
36                       2.003e+03                (25)                     3.789e+01                4.729e+02                4.940e+00                (32)                     2.358e+02                (37)                     none                     
37                       4.274e+03                (49)                     2.594e+01                4.393e+02                7.690e+00                (10)                     1.491e+02                (43)                     none                     
38                       1.835e+03                (23)                     3.958e+01                4.261e+02                4.770e+00                (33)                     2.213e+02                (38)                     none                     
39                       2.080e+02                (3)                      1.176e+02                4.062e+02                1.636e+00                (49)                     6.115e+02                (16)                     none                     
40                       4.786e+03                (51)                     2.451e+01                3.594e+02                7.820e+00                (9)                      1.176e+02                (48)                     none                     
41                       1.360e+03                (18)                     4.598e+01                3.456e+02                4.040e+00                (37)                     2.108e+02                (40)                     none                     
42                       4.096e+03                (46)                     2.650e+01                3.450e+02                7.190e+00                (12)                     1.200e+02                (47)                     none                     
43                       2.527e+03                (32)                     3.373e+01                3.134e+02                5.440e+00                (28)                     1.429e+02                (44)                     none                     
44                       2.082e+03                (26)                     3.717e+01                3.119e+02                4.970e+00                (31)                     1.558e+02                (42)                     none                     
45                       3.327e+03                (39)                     2.940e+01                2.842e+02                6.340e+00                (19)                     1.126e+02                (49)                     none                     
46                       1.172e+02                (2)                      1.566e+02                2.771e+02                1.288e+00                (50)                     5.432e+02                (17)                     none                     
47                       3.570e+02                (6)                      8.975e+01                2.648e+02                2.078e+00                (46)                     3.125e+02                (31)                     none                     
48                       3.364e+03                (40)                     2.924e+01                2.495e+02                6.290e+00                (20)                     1.001e+02                (51)                     none                     
49                       2.576e+03                (33)                     3.341e+01                2.405e+02                5.440e+00                (27)                     1.101e+02                (50)                     none                     
50                       1.725e+03                (22)                     4.083e+01                2.278e+02                4.380e+00                (35)                     1.282e+02                (46)                     none                     
51                       1.005e+03                (15)                     5.349e+01                1.831e+02                3.280e+00                (42)                     1.391e+02                (45)                     none                     
