66-Dy-156_n-g   PEAKS: ================================================================================================================================================================
Rank by Integral         Energy (eV)              Rank by Energy           TOF (us)                 Integral                 Peak Width               Rank by Peak Width       Peak Height              Rank by Peak Height      Relevant Isotope         
0                        6.860e+01                (16)                     1.995e+02                1.576e+03                1.071e+00                (1)                      3.759e+03                (3)                      none                     
1                        1.960e+01                (6)                      3.732e+02                1.321e+03                6.073e-01                (12)                     5.657e+03                (0)                      none                     
2                        1.520e+01                (3)                      4.238e+02                9.031e+02                5.469e-01                (13)                     4.319e+03                (2)                      none                     
3                        2.930e+01                (10)                     3.053e+02                8.821e+02                7.026e-01                (7)                      3.211e+03                (4)                      none                     
4                        5.200e+01                (15)                     2.291e+02                8.681e+02                8.875e-01                (2)                      2.454e+03                (7)                      none                     
5                        4.690e+01                (14)                     2.413e+02                8.579e+02                8.524e-01                (3)                      2.538e+03                (5)                      none                     
6                        3.600e+01                (11)                     2.754e+02                7.514e+02                7.637e-01                (4)                      2.502e+03                (6)                      none                     
7                        3.210e+00                (1)                      9.222e+02                6.975e+02                3.487e-01                (17)                     5.648e+03                (1)                      none                     
8                        9.088e+01                (18)                     1.733e+02                6.882e+02                6.953e-01                (8)                      2.049e+03                (9)                      none                     
9                        8.550e+01                (17)                     1.787e+02                5.156e+02                1.092e+00                (0)                      1.170e+03                (11)                     none                     
10                       2.450e+01                (7)                      3.338e+02                3.124e+02                6.498e-01                (9)                      1.238e+03                (10)                     none                     
11                       2.150e+00                (0)                      1.127e+03                2.571e+02                3.252e-01                (18)                     2.307e+03                (8)                      none                     
12                       9.190e+00                (2)                      5.450e+02                1.982e+02                4.591e-01                (15)                     1.156e+03                (12)                     none                     
13                       2.740e+01                (8)                      3.157e+02                4.589e+01                6.444e-01                (10)                     1.904e+02                (15)                     none                     
14                       1.740e+01                (4)                      3.961e+02                4.306e+01                4.847e-01                (14)                     2.826e+02                (13)                     none                     
15                       2.810e+01                (9)                      3.117e+02                4.284e+01                6.189e-01                (11)                     1.911e+02                (14)                     none                     
16                       3.780e+01                (12)                     2.687e+02                3.407e+01                7.376e-01                (6)                      1.235e+02                (16)                     none                     
17                       3.860e+01                (13)                     2.659e+02                3.365e+01                7.472e-01                (5)                      1.180e+02                (17)                     none                     
18                       1.768e+01                (5)                      3.929e+02                2.410e+00                3.688e-01                (16)                     1.081e+02                (18)                     none                     
