67-Ho-165_n-tot   PEAKS: ================================================================================================================================================================
Rank by Integral         Energy (eV)              Rank by Energy           TOF (us)                 Integral                 Peak Width               Rank by Peak Width       Peak Height              Rank by Peak Height      Relevant Isotope         
0                        5.155e+01                (8)                      2.362e+02                1.542e+03                9.573e-01                (106)                    4.204e+03                (2)                      none                     
1                        9.363e+01                (15)                     1.752e+02                1.468e+03                1.219e+00                (99)                     3.091e+03                (3)                      none                     
2                        1.269e+01                (2)                      4.760e+02                1.399e+03                5.188e-01                (115)                    7.185e+03                (0)                      none                     
3                        1.200e+02                (19)                     1.548e+02                9.930e+02                1.269e+00                (96)                     2.049e+03                (6)                      none                     
4                        3.395e+02                (50)                     9.204e+01                9.849e+02                2.243e+00                (51)                     1.109e+03                (15)                     none                     
5                        2.546e+02                (36)                     1.063e+02                8.820e+02                1.968e+00                (66)                     1.142e+03                (13)                     none                     
6                        3.914e+00                (0)                      8.572e+02                8.720e+02                3.703e-01                (117)                    6.654e+03                (1)                      none                     
7                        4.780e+01                (7)                      2.453e+02                8.410e+02                8.820e-01                (108)                    2.449e+03                (5)                      none                     
8                        2.051e+02                (30)                     1.184e+02                8.063e+02                1.667e+00                (83)                     1.209e+03                (11)                     none                     
9                        4.053e+02                (59)                     8.424e+01                7.984e+02                2.498e+00                (43)                     8.192e+02                (20)                     none                     
10                       3.967e+01                (6)                      2.692e+02                7.804e+02                7.953e-01                (111)                    2.513e+03                (4)                      none                     
11                       4.305e+02                (63)                     8.173e+01                7.774e+02                2.792e+00                (23)                     7.318e+02                (24)                     none                     
12                       2.022e+02                (29)                     1.192e+02                7.553e+02                1.671e+00                (82)                     1.134e+03                (14)                     none                     
13                       2.302e+02                (33)                     1.118e+02                7.275e+02                1.818e+00                (72)                     1.012e+03                (17)                     none                     
14                       3.519e+02                (53)                     9.039e+01                6.533e+02                1.985e+00                (64)                     8.338e+02                (19)                     none                     
15                       3.000e+02                (44)                     9.790e+01                6.472e+02                2.011e+00                (62)                     8.075e+02                (22)                     none                     
16                       8.580e+01                (14)                     1.831e+02                6.378e+02                1.098e+00                (103)                    1.466e+03                (7)                      none                     
17                       1.269e+02                (21)                     1.505e+02                6.196e+02                1.341e+00                (94)                     1.172e+03                (12)                     none                     
18                       6.442e+02                (86)                     6.681e+01                6.186e+02                2.733e+00                (27)                     5.945e+02                (26)                     none                     
19                       5.903e+02                (83)                     6.979e+01                5.571e+02                2.568e+00                (39)                     5.654e+02                (30)                     none                     
20                       7.193e+01                (11)                     1.999e+02                5.510e+02                9.916e-01                (104)                    1.393e+03                (9)                      none                     
21                       6.515e+01                (10)                     2.101e+02                5.503e+02                9.479e-01                (107)                    1.454e+03                (8)                      none                     
22                       1.249e+02                (20)                     1.517e+02                5.404e+02                1.256e+00                (97)                     1.066e+03                (16)                     none                     
23                       5.111e+02                (70)                     7.501e+01                5.373e+02                2.757e+00                (25)                     4.966e+02                (31)                     none                     
24                       1.206e+03                (116)                    4.883e+01                5.135e+02                3.850e+00                (2)                      3.802e+02                (39)                     none                     
25                       1.512e+02                (23)                     1.379e+02                4.838e+02                1.402e+00                (93)                     8.603e+02                (18)                     none                     
26                       3.846e+02                (57)                     8.647e+01                4.806e+02                2.057e+00                (57)                     5.898e+02                (28)                     none                     
27                       1.072e+03                (107)                    5.179e+01                4.789e+02                3.880e+00                (1)                      3.153e+02                (49)                     none                     
28                       2.148e+02                (31)                     1.157e+02                4.709e+02                1.677e+00                (81)                     7.028e+02                (25)                     none                     
29                       4.509e+02                (67)                     7.986e+01                3.864e+02                2.427e+00                (47)                     4.032e+02                (36)                     none                     
30                       3.748e+02                (56)                     8.759e+01                3.767e+02                2.205e+00                (54)                     4.292e+02                (35)                     none                     
31                       5.846e+02                (82)                     7.013e+01                3.756e+02                2.747e+00                (26)                     3.428e+02                (46)                     none                     
32                       3.418e+02                (51)                     9.172e+01                3.727e+02                1.974e+00                (65)                     4.847e+02                (32)                     none                     
33                       1.020e+02                (16)                     1.679e+02                3.719e+02                1.137e+00                (102)                    8.110e+02                (21)                     none                     
34                       5.151e+02                (71)                     7.472e+01                3.711e+02                2.532e+00                (42)                     3.751e+02                (40)                     none                     
35                       3.533e+01                (5)                      2.853e+02                3.616e+02                7.240e-01                (112)                    1.268e+03                (10)                     none                     
36                       1.810e+02                (26)                     1.260e+02                3.602e+02                1.581e+00                (85)                     5.744e+02                (29)                     none                     
37                       3.239e+02                (47)                     9.422e+01                3.477e+02                1.961e+00                (67)                     4.348e+02                (34)                     none                     
38                       8.380e+01                (12)                     1.852e+02                3.058e+02                9.825e-01                (105)                    7.705e+02                (23)                     none                     
39                       7.230e+02                (91)                     6.307e+01                3.000e+02                3.014e+00                (17)                     2.532e+02                (57)                     none                     
40                       1.162e+03                (113)                    4.975e+01                2.979e+02                3.720e+00                (6)                      2.026e+02                (66)                     none                     
41                       8.682e+02                (98)                     5.755e+01                2.972e+02                3.266e+00                (11)                     2.307e+02                (61)                     none                     
42                       1.168e+03                (114)                    4.962e+01                2.935e+02                3.810e+00                (4)                      1.994e+02                (67)                     none                     
43                       7.101e+02                (90)                     6.364e+01                2.912e+02                2.599e+00                (36)                     3.308e+02                (48)                     none                     
44                       5.285e+02                (73)                     7.376e+01                2.858e+02                2.707e+00                (28)                     2.720e+02                (54)                     none                     
45                       1.285e+02                (22)                     1.496e+02                2.855e+02                1.240e+00                (98)                     5.928e+02                (27)                     none                     
46                       4.951e+02                (69)                     7.621e+01                2.737e+02                2.460e+00                (46)                     2.782e+02                (53)                     none                     
47                       6.799e+02                (88)                     6.503e+01                2.665e+02                2.704e+00                (30)                     2.507e+02                (58)                     none                     
48                       1.218e+03                (117)                    4.859e+01                2.575e+02                3.830e+00                (3)                      1.767e+02                (80)                     none                     
49                       9.792e+02                (103)                    5.419e+01                2.571e+02                3.468e+00                (10)                     1.890e+02                (75)                     none                     
50                       2.396e+02                (35)                     1.095e+02                2.531e+02                1.690e+00                (80)                     3.710e+02                (41)                     none                     
51                       2.206e+02                (32)                     1.142e+02                2.525e+02                1.654e+00                (84)                     3.827e+02                (38)                     none                     
52                       2.611e+02                (37)                     1.049e+02                2.502e+02                1.759e+00                (78)                     3.560e+02                (44)                     none                     
53                       7.766e+02                (93)                     6.085e+01                2.469e+02                2.768e+00                (24)                     2.293e+02                (62)                     none                     
54                       3.502e+02                (52)                     9.062e+01                2.453e+02                1.813e+00                (75)                     3.694e+02                (42)                     none                     
55                       1.698e+02                (25)                     1.301e+02                2.324e+02                1.440e+00                (90)                     4.008e+02                (37)                     none                     
56                       7.942e+02                (96)                     6.017e+01                2.313e+02                2.971e+00                (18)                     1.955e+02                (70)                     none                     
57                       5.551e+02                (77)                     7.197e+01                2.305e+02                2.617e+00                (34)                     2.242e+02                (63)                     none                     
58                       4.165e+02                (61)                     8.309e+01                2.274e+02                2.017e+00                (61)                     3.034e+02                (51)                     none                     
59                       1.180e+02                (18)                     1.561e+02                2.272e+02                1.189e+00                (100)                    4.781e+02                (33)                     none                     
60                       5.701e+02                (80)                     7.103e+01                2.079e+02                2.675e+00                (31)                     1.989e+02                (68)                     none                     
61                       1.044e+03                (105)                    5.248e+01                2.052e+02                3.500e+00                (8)                      1.492e+02                (85)                     none                     
62                       9.367e+02                (101)                    5.541e+01                2.020e+02                4.418e+00                (0)                      1.358e+02                (93)                     none                     
63                       3.864e+02                (58)                     8.627e+01                1.969e+02                1.882e+00                (69)                     2.981e+02                (52)                     none                     
64                       1.644e+02                (24)                     1.323e+02                1.948e+02                1.338e+00                (95)                     3.606e+02                (43)                     none                     
65                       5.218e+02                (72)                     7.424e+01                1.848e+02                2.559e+00                (41)                     1.867e+02                (78)                     none                     
66                       1.889e+02                (27)                     1.234e+02                1.841e+02                1.455e+00                (89)                     3.147e+02                (50)                     none                     
67                       4.364e+02                (64)                     8.117e+01                1.815e+02                2.025e+00                (60)                     2.330e+02                (60)                     none                     
68                       5.344e+02                (74)                     7.335e+01                1.795e+02                2.492e+00                (44)                     1.832e+02                (79)                     none                     
69                       1.066e+03                (106)                    5.194e+01                1.780e+02                3.510e+00                (7)                      1.277e+02                (99)                     none                     
70                       8.934e+02                (99)                     5.673e+01                1.739e+02                3.059e+00                (16)                     1.463e+02                (86)                     none                     
71                       2.741e+02                (38)                     1.024e+02                1.635e+02                1.714e+00                (79)                     2.403e+02                (59)                     none                     
72                       1.126e+03                (112)                    5.054e+01                1.629e+02                3.070e+00                (14)                     1.904e+02                (73)                     none                     
73                       2.914e+02                (42)                     9.934e+01                1.629e+02                2.478e+00                (45)                     1.877e+02                (76)                     none                     
74                       3.666e+02                (55)                     8.856e+01                1.581e+02                2.073e+00                (55)                     1.927e+02                (72)                     none                     
75                       1.064e+02                (17)                     1.644e+02                1.548e+02                1.147e+00                (101)                    3.383e+02                (47)                     none                     
76                       2.811e+02                (40)                     1.011e+02                1.537e+02                1.816e+00                (73)                     2.118e+02                (65)                     none                     
77                       4.431e+02                (66)                     8.056e+01                1.536e+02                2.351e+00                (48)                     1.721e+02                (81)                     none                     
78                       1.089e+03                (108)                    5.139e+01                1.456e+02                3.470e+00                (9)                      1.082e+02                (110)                    none                     
79                       5.635e+02                (79)                     7.144e+01                1.421e+02                2.656e+00                (32)                     1.402e+02                (89)                     none                     
80                       1.029e+03                (104)                    5.286e+01                1.418e+02                3.260e+00                (12)                     1.097e+02                (108)                    none                     
81                       9.007e+02                (100)                    5.650e+01                1.406e+02                3.214e+00                (13)                     1.148e+02                (105)                    none                     
82                       5.591e+02                (78)                     7.172e+01                1.370e+02                2.592e+00                (37)                     1.388e+02                (91)                     none                     
83                       9.606e+02                (102)                    5.471e+01                1.355e+02                3.784e+00                (5)                      1.030e+02                (113)                    none                     
84                       7.857e+02                (95)                     6.050e+01                1.313e+02                2.951e+00                (19)                     1.159e+02                (104)                    none                     
85                       7.372e+02                (92)                     6.245e+01                1.308e+02                2.857e+00                (21)                     1.257e+02                (100)                    none                     
86                       3.541e+02                (54)                     9.011e+01                1.301e+02                1.931e+00                (68)                     1.985e+02                (69)                     none                     
87                       7.795e+02                (94)                     6.074e+01                1.289e+02                2.803e+00                (22)                     1.242e+02                (101)                    none                     
88                       1.188e+03                (115)                    4.920e+01                1.274e+02                3.070e+00                (15)                     1.128e+02                (107)                    none                     
89                       4.226e+02                (62)                     8.249e+01                1.208e+02                2.233e+00                (52)                     1.388e+02                (90)                     none                     
90                       2.971e+02                (43)                     9.838e+01                1.165e+02                1.811e+00                (76)                     1.597e+02                (82)                     none                     
91                       5.410e+02                (76)                     7.290e+01                1.165e+02                2.306e+00                (50)                     1.379e+02                (92)                     none                     
92                       5.389e+02                (75)                     7.305e+01                1.113e+02                2.213e+00                (53)                     1.326e+02                (96)                     none                     
93                       4.383e+02                (65)                     8.100e+01                1.104e+02                2.072e+00                (56)                     1.583e+02                (83)                     none                     
94                       5.783e+02                (81)                     7.052e+01                1.008e+02                2.601e+00                (35)                     1.005e+02                (117)                    none                     
95                       7.973e+02                (97)                     6.005e+01                9.843e+01                2.566e+00                (40)                     1.082e+02                (109)                    none                     
96                       6.205e+02                (85)                     6.807e+01                9.828e+01                2.706e+00                (29)                     1.005e+02                (116)                    none                     
97                       2.772e+02                (39)                     1.019e+02                9.501e+01                1.807e+00                (77)                     1.351e+02                (94)                     none                     
98                       3.130e+02                (45)                     9.585e+01                9.498e+01                1.842e+00                (71)                     1.287e+02                (98)                     none                     
99                       1.927e+02                (28)                     1.221e+02                9.249e+01                1.523e+00                (88)                     1.534e+02                (84)                     none                     
100                      3.204e+02                (46)                     9.473e+01                9.050e+01                1.843e+00                (70)                     1.208e+02                (103)                    none                     
101                      4.877e+02                (68)                     7.679e+01                9.006e+01                2.322e+00                (49)                     1.012e+02                (115)                    none                     
102                      1.113e+03                (110)                    5.083e+01                8.603e+01                2.920e+00                (20)                     1.143e+02                (106)                    none                     
103                      5.442e+01                (9)                      2.299e+02                8.479e+01                8.714e-01                (109)                    2.620e+02                (55)                     none                     
104                      2.876e+02                (41)                     9.999e+01                7.423e+01                1.815e+00                (74)                     1.044e+02                (112)                    none                     
105                      1.825e+01                (3)                      3.970e+02                7.355e+01                5.570e-01                (114)                    3.489e+02                (45)                     none                     
106                      8.473e+01                (13)                     1.842e+02                7.313e+01                8.086e-01                (110)                    2.584e+02                (56)                     none                     
107                      1.111e+03                (109)                    5.088e+01                7.164e+01                2.650e+00                (33)                     1.048e+02                (111)                    none                     
108                      4.150e+02                (60)                     8.324e+01                6.700e+01                1.533e+00                (87)                     1.404e+02                (87)                     none                     
109                      1.124e+03                (111)                    5.058e+01                5.716e+01                2.580e+00                (38)                     1.240e+02                (102)                    none                     
110                      2.328e+02                (34)                     1.111e+02                5.546e+01                1.567e+00                (86)                     1.015e+02                (114)                    none                     
111                      5.922e+02                (84)                     6.968e+01                4.817e+01                2.039e+00                (58)                     1.404e+02                (88)                     none                     
112                      2.119e+01                (4)                      3.684e+02                4.648e+01                5.724e-01                (113)                    2.137e+02                (64)                     none                     
113                      3.317e+02                (48)                     9.311e+01                4.600e+01                1.415e+00                (92)                     1.936e+02                (71)                     none                     
114                      7.085e+02                (89)                     6.371e+01                4.401e+01                1.990e+00                (63)                     1.337e+02                (95)                     none                     
115                      3.325e+02                (49)                     9.299e+01                3.808e+01                1.430e+00                (91)                     1.869e+02                (77)                     none                     
116                      8.174e+00                (1)                      5.931e+02                3.005e+01                4.539e-01                (116)                    1.898e+02                (74)                     none                     
117                      6.460e+02                (87)                     6.672e+01                2.432e+01                2.037e+00                (59)                     1.324e+02                (97)                     none                     
