67-Ho-165_n-g   PEAKS: ================================================================================================================================================================
Rank by Integral         Energy (eV)              Rank by Energy           TOF (us)                 Integral                 Peak Width               Rank by Peak Width       Peak Height              Rank by Peak Height      Relevant Isotope         
0                        1.269e+01                (2)                      4.638e+02                1.250e+03                5.223e-01                (77)                     6.395e+03                (1)                      none                     
1                        5.155e+01                (8)                      2.301e+02                9.228e+02                9.499e-01                (68)                     2.521e+03                (2)                      none                     
2                        3.914e+00                (0)                      8.352e+02                8.471e+02                3.670e-01                (79)                     6.486e+03                (0)                      none                     
3                        9.363e+01                (15)                     1.708e+02                7.597e+02                1.221e+00                (59)                     1.596e+03                (5)                      none                     
4                        3.967e+01                (6)                      2.623e+02                6.555e+02                7.959e-01                (73)                     2.107e+03                (3)                      none                     
5                        4.780e+01                (7)                      2.390e+02                6.435e+02                8.820e-01                (69)                     1.873e+03                (4)                      none                     
6                        6.515e+01                (10)                     2.047e+02                4.444e+02                9.550e-01                (67)                     1.167e+03                (6)                      none                     
7                        1.200e+02                (19)                     1.508e+02                4.443e+02                1.216e+00                (60)                     9.821e+02                (10)                     none                     
8                        8.580e+01                (14)                     1.784e+02                4.392e+02                1.093e+00                (64)                     1.012e+03                (9)                      none                     
9                        7.193e+01                (11)                     1.948e+02                4.319e+02                9.916e-01                (65)                     1.087e+03                (8)                      none                     
10                       2.051e+02                (31)                     1.154e+02                3.977e+02                1.680e+00                (43)                     5.925e+02                (15)                     none                     
11                       1.269e+02                (22)                     1.467e+02                3.972e+02                1.340e+00                (56)                     7.496e+02                (11)                     none                     
12                       2.022e+02                (30)                     1.162e+02                3.689e+02                1.642e+00                (45)                     5.597e+02                (16)                     none                     
13                       1.249e+02                (21)                     1.478e+02                3.682e+02                1.259e+00                (57)                     7.240e+02                (12)                     none                     
14                       4.305e+02                (60)                     7.964e+01                3.377e+02                2.788e+00                (0)                      3.169e+02                (28)                     none                     
15                       3.533e+01                (5)                      2.780e+02                3.237e+02                7.258e-01                (74)                     1.132e+03                (7)                      none                     
16                       2.546e+02                (36)                     1.035e+02                3.116e+02                1.982e+00                (29)                     4.009e+02                (22)                     none                     
17                       3.395e+02                (47)                     8.968e+01                3.112e+02                2.211e+00                (21)                     3.571e+02                (26)                     none                     
18                       2.302e+02                (34)                     1.089e+02                3.110e+02                1.835e+00                (36)                     4.290e+02                (19)                     none                     
19                       3.000e+02                (43)                     9.539e+01                2.958e+02                2.006e+00                (26)                     3.670e+02                (25)                     none                     
20                       1.020e+02                (16)                     1.636e+02                2.935e+02                1.137e+00                (63)                     6.352e+02                (14)                     none                     
21                       1.512e+02                (24)                     1.344e+02                2.893e+02                1.396e+00                (54)                     5.127e+02                (17)                     none                     
22                       1.810e+02                (27)                     1.228e+02                2.819e+02                1.581e+00                (47)                     4.458e+02                (18)                     none                     
23                       3.519e+02                (50)                     8.808e+01                2.818e+02                1.941e+00                (33)                     3.696e+02                (24)                     none                     
24                       8.380e+01                (12)                     1.805e+02                2.538e+02                9.783e-01                (66)                     6.407e+02                (13)                     none                     
25                       2.148e+02                (32)                     1.127e+02                2.500e+02                1.670e+00                (44)                     3.704e+02                (23)                     none                     
26                       5.111e+02                (66)                     7.309e+01                2.311e+02                2.761e+00                (1)                      2.123e+02                (44)                     none                     
27                       4.509e+02                (64)                     7.781e+01                2.239e+02                2.427e+00                (18)                     2.285e+02                (41)                     none                     
28                       4.053e+02                (56)                     8.208e+01                2.192e+02                2.517e+00                (12)                     2.228e+02                (42)                     none                     
29                       3.846e+02                (54)                     8.425e+01                2.131e+02                2.006e+00                (27)                     2.702e+02                (33)                     none                     
30                       1.285e+02                (23)                     1.458e+02                2.071e+02                1.228e+00                (58)                     4.198e+02                (20)                     none                     
31                       5.285e+02                (69)                     7.187e+01                2.016e+02                2.731e+00                (3)                      1.872e+02                (48)                     none                     
32                       1.180e+02                (18)                     1.521e+02                1.934e+02                1.196e+00                (61)                     4.021e+02                (21)                     none                     
33                       2.206e+02                (33)                     1.112e+02                1.880e+02                1.632e+00                (46)                     2.813e+02                (32)                     none                     
34                       2.396e+02                (35)                     1.067e+02                1.867e+02                1.703e+00                (41)                     2.676e+02                (34)                     none                     
35                       1.698e+02                (26)                     1.268e+02                1.849e+02                1.441e+00                (52)                     3.143e+02                (29)                     none                     
36                       3.418e+02                (48)                     8.937e+01                1.848e+02                1.955e+00                (31)                     2.344e+02                (39)                     none                     
37                       3.748e+02                (53)                     8.535e+01                1.798e+02                2.191e+00                (22)                     2.026e+02                (46)                     none                     
38                       5.151e+02                (67)                     7.280e+01                1.726e+02                2.493e+00                (14)                     1.703e+02                (52)                     none                     
39                       2.611e+02                (37)                     1.023e+02                1.711e+02                1.760e+00                (40)                     2.371e+02                (38)                     none                     
40                       6.442e+02                (77)                     6.510e+01                1.647e+02                2.666e+00                (4)                      1.697e+02                (53)                     none                     
41                       1.644e+02                (25)                     1.289e+02                1.617e+02                1.349e+00                (55)                     2.955e+02                (31)                     none                     
42                       5.551e+02                (71)                     7.013e+01                1.595e+02                2.608e+00                (8)                      1.511e+02                (57)                     none                     
43                       5.903e+02                (76)                     6.801e+01                1.584e+02                2.481e+00                (15)                     1.690e+02                (54)                     none                     
44                       3.502e+02                (49)                     8.830e+01                1.571e+02                1.862e+00                (35)                     2.292e+02                (40)                     none                     
45                       3.239e+02                (44)                     9.181e+01                1.544e+02                1.984e+00                (28)                     1.905e+02                (47)                     none                     
46                       1.889e+02                (28)                     1.202e+02                1.474e+02                1.446e+00                (50)                     2.508e+02                (35)                     none                     
47                       5.846e+02                (75)                     6.834e+01                1.473e+02                2.760e+00                (2)                      1.326e+02                (64)                     none                     
48                       5.700e+02                (74)                     6.921e+01                1.430e+02                2.663e+00                (5)                      1.322e+02                (65)                     none                     
49                       1.064e+02                (17)                     1.602e+02                1.382e+02                1.139e+00                (62)                     2.969e+02                (30)                     none                     
50                       5.218e+02                (68)                     7.233e+01                1.378e+02                2.551e+00                (10)                     1.331e+02                (63)                     none                     
51                       2.914e+02                (41)                     9.679e+01                1.377e+02                2.524e+00                (11)                     1.478e+02                (58)                     none                     
52                       4.951e+02                (65)                     7.426e+01                1.345e+02                2.458e+00                (17)                     1.338e+02                (62)                     none                     
53                       3.864e+02                (55)                     8.406e+01                1.278e+02                1.896e+00                (34)                     1.814e+02                (51)                     none                     
54                       2.741e+02                (38)                     9.980e+01                1.267e+02                1.698e+00                (42)                     1.833e+02                (50)                     none                     
55                       4.431e+02                (63)                     7.849e+01                1.235e+02                2.359e+00                (19)                     1.295e+02                (67)                     none                     
56                       6.799e+02                (78)                     6.337e+01                1.192e+02                2.594e+00                (9)                      1.138e+02                (74)                     none                     
57                       5.344e+02                (70)                     7.148e+01                1.166e+02                2.495e+00                (13)                     1.140e+02                (72)                     none                     
58                       2.811e+02                (40)                     9.855e+01                1.157e+02                1.813e+00                (38)                     1.548e+02                (56)                     none                     
59                       4.165e+02                (58)                     8.096e+01                1.150e+02                1.946e+00                (32)                     1.588e+02                (55)                     none                     
60                       5.635e+02                (73)                     6.961e+01                1.132e+02                2.659e+00                (6)                      1.052e+02                (77)                     none                     
61                       3.666e+02                (52)                     8.629e+01                1.101e+02                2.072e+00                (23)                     1.291e+02                (68)                     none                     
62                       5.591e+02                (72)                     6.988e+01                1.068e+02                2.609e+00                (7)                      1.019e+02                (78)                     none                     
63                       4.364e+02                (61)                     7.909e+01                1.050e+02                2.059e+00                (25)                     1.287e+02                (69)                     none                     
64                       3.541e+02                (51)                     8.780e+01                1.042e+02                1.956e+00                (30)                     1.346e+02                (61)                     none                     
65                       7.101e+02                (79)                     6.201e+01                9.696e+01                2.469e+00                (16)                     1.220e+02                (70)                     none                     
66                       4.383e+02                (62)                     7.892e+01                9.240e+01                2.067e+00                (24)                     1.139e+02                (73)                     none                     
67                       4.226e+02                (59)                     8.037e+01                9.121e+01                2.233e+00                (20)                     1.000e+02                (79)                     none                     
68                       2.971e+02                (42)                     9.586e+01                8.667e+01                1.813e+00                (37)                     1.166e+02                (71)                     none                     
69                       2.772e+02                (39)                     9.925e+01                8.362e+01                1.808e+00                (39)                     1.130e+02                (75)                     none                     
70                       5.442e+01                (9)                      2.240e+02                8.261e+01                8.717e-01                (70)                     2.417e+02                (36)                     none                     
71                       1.927e+02                (29)                     1.190e+02                8.155e+01                1.524e+00                (49)                     1.313e+02                (66)                     none                     
72                       1.825e+01                (3)                      3.868e+02                7.273e+01                5.585e-01                (76)                     3.384e+02                (27)                     none                     
73                       8.473e+01                (13)                     1.795e+02                7.073e+01                8.289e-01                (72)                     2.384e+02                (37)                     none                     
74                       4.149e+02                (57)                     8.111e+01                5.562e+01                1.572e+00                (48)                     1.057e+02                (76)                     none                     
75                       2.119e+01                (4)                      3.589e+02                4.597e+01                5.677e-01                (75)                     2.063e+02                (45)                     none                     
76                       3.325e+02                (46)                     9.061e+01                3.413e+01                1.444e+00                (51)                     1.414e+02                (59)                     none                     
77                       3.317e+02                (45)                     9.073e+01                3.130e+01                1.422e+00                (53)                     1.401e+02                (60)                     none                     
78                       8.174e+00                (1)                      5.779e+02                3.000e+01                4.539e-01                (78)                     1.836e+02                (49)                     none                     
79                       1.207e+02                (20)                     1.504e+02                1.375e+01                8.450e-01                (71)                     2.127e+02                (43)                     none                     
