68-Er-162_n-g   PEAKS: ================================================================================================================================================================
Rank by Integral         Energy (eV)              Rank by Energy           TOF (us)                 Integral                 Peak Width               Rank by Peak Width       Peak Height              Rank by Peak Height      Relevant Isotope         
0                        5.140e+01                (7)                      2.305e+02                2.117e+03                9.814e-01                (8)                      5.647e+03                (0)                      none                     
1                        5.700e+01                (8)                      2.189e+02                1.391e+03                9.804e-01                (9)                      3.659e+03                (3)                      none                     
2                        2.030e+01                (3)                      3.667e+02                1.179e+03                6.428e-01                (13)                     4.857e+03                (1)                      none                     
3                        4.600e+01                (6)                      2.436e+02                1.160e+03                8.849e-01                (10)                     3.390e+03                (4)                      none                     
4                        1.585e+02                (13)                     1.312e+02                1.009e+03                1.572e+00                (3)                      1.630e+03                (5)                      none                     
5                        2.102e+02                (15)                     1.140e+02                8.859e+02                1.834e+00                (0)                      1.235e+03                (8)                      none                     
6                        1.460e+01                (2)                      4.324e+02                8.265e+02                5.703e-01                (14)                     3.883e+03                (2)                      none                     
7                        1.270e+02                (11)                     1.466e+02                6.075e+02                1.324e+00                (5)                      1.141e+03                (9)                      none                     
8                        1.878e+02                (14)                     1.206e+02                5.381e+02                1.588e+00                (2)                      8.394e+02                (11)                     none                     
9                        2.285e+02                (16)                     1.093e+02                5.355e+02                1.762e+00                (1)                      7.557e+02                (12)                     none                     
10                       3.480e+01                (4)                      2.801e+02                4.531e+02                7.625e-01                (12)                     1.526e+03                (6)                      none                     
11                       1.121e+02                (10)                     1.561e+02                3.475e+02                1.227e+00                (6)                      7.005e+02                (13)                     none                     
12                       1.426e+02                (12)                     1.384e+02                3.071e+02                1.369e+00                (4)                      5.537e+02                (14)                     none                     
13                       7.600e+00                (1)                      5.994e+02                2.518e+02                4.636e-01                (15)                     1.495e+03                (7)                      none                     
14                       5.480e+00                (0)                      7.058e+02                1.720e+02                4.323e-01                (16)                     1.122e+03                (10)                     none                     
15                       4.320e+01                (5)                      2.514e+02                1.648e+02                8.219e-01                (11)                     5.149e+02                (15)                     none                     
16                       6.780e+01                (9)                      2.007e+02                1.505e+02                9.817e-01                (7)                      3.838e+02                (16)                     none                     
