68-Er-168_n-tot   PEAKS: ================================================================================================================================================================
Rank by Integral         Energy (eV)              Rank by Energy           TOF (us)                 Integral                 Peak Width               Rank by Peak Width       Peak Height              Rank by Peak Height      Relevant Isotope         
0                        5.949e+02                (11)                     6.953e+01                3.604e+03                3.956e+00                (52)                     2.504e+03                (2)                      none                     
1                        8.490e+02                (16)                     5.820e+01                3.312e+03                4.873e+00                (41)                     1.876e+03                (5)                      none                     
2                        3.160e+02                (6)                      9.540e+01                3.144e+03                2.502e+00                (65)                     3.322e+03                (1)                      none                     
3                        7.379e+01                (1)                      1.974e+02                2.898e+03                1.085e+00                (72)                     6.848e+03                (0)                      none                     
4                        1.367e+03                (25)                     4.586e+01                2.193e+03                5.610e+00                (32)                     1.054e+03                (8)                      none                     
5                        3.011e+02                (5)                      9.772e+01                2.122e+03                2.196e+00                (68)                     2.479e+03                (3)                      none                     
6                        9.050e+02                (17)                     5.637e+01                1.777e+03                3.974e+00                (51)                     1.165e+03                (7)                      none                     
7                        2.830e+03                (50)                     3.188e+01                1.706e+03                8.350e+00                (4)                      5.556e+02                (15)                     none                     
8                        3.885e+02                (8)                      8.604e+01                1.600e+03                2.391e+00                (67)                     1.695e+03                (6)                      none                     
9                        1.184e+03                (22)                     4.929e+01                1.512e+03                4.500e+00                (45)                     8.752e+02                (11)                     none                     
10                       2.657e+03                (47)                     3.290e+01                1.396e+03                7.310e+00                (14)                     5.064e+02                (18)                     none                     
11                       1.502e+03                (27)                     4.375e+01                1.367e+03                4.970e+00                (40)                     7.070e+02                (12)                     none                     
12                       2.569e+03                (46)                     3.346e+01                1.228e+03                6.910e+00                (18)                     4.681e+02                (20)                     none                     
13                       3.852e+03                (64)                     2.732e+01                1.175e+03                8.710e+00                (3)                      3.587e+02                (30)                     none                     
14                       2.129e+03                (38)                     3.675e+01                1.142e+03                5.940e+00                (30)                     4.989e+02                (19)                     none                     
15                       1.847e+03                (35)                     3.946e+01                1.117e+03                5.450e+00                (34)                     5.304e+02                (16)                     none                     
16                       2.736e+03                (48)                     3.242e+01                1.068e+03                6.820e+00                (20)                     4.073e+02                (23)                     none                     
17                       2.402e+03                (43)                     3.460e+01                1.016e+03                6.170e+00                (28)                     4.223e+02                (21)                     none                     
18                       2.786e+03                (49)                     3.213e+01                1.012e+03                6.770e+00                (22)                     3.861e+02                (24)                     none                     
19                       4.986e+03                (74)                     2.402e+01                9.803e+02                9.940e+00                (0)                      2.647e+02                (39)                     none                     
20                       4.902e+03                (72)                     2.422e+01                9.630e+02                9.770e+00                (1)                      2.614e+02                (41)                     none                     
21                       3.520e+03                (59)                     2.858e+01                9.258e+02                7.780e+00                (5)                      3.110e+02                (35)                     none                     
22                       2.476e+03                (44)                     3.408e+01                9.211e+02                6.160e+00                (29)                     3.823e+02                (25)                     none                     
23                       1.171e+03                (21)                     4.955e+01                8.740e+02                3.820e+00                (54)                     5.567e+02                (14)                     none                     
24                       3.379e+03                (57)                     2.917e+01                8.711e+02                7.500e+00                (8)                      3.043e+02                (36)                     none                     
25                       4.937e+03                (73)                     2.414e+01                8.636e+02                9.400e+00                (2)                      2.424e+02                (44)                     none                     
26                       3.523e+02                (7)                      9.035e+01                8.383e+02                2.131e+00                (69)                     9.799e+02                (10)                     none                     
27                       1.025e+03                (18)                     5.296e+01                8.261e+02                3.520e+00                (58)                     5.728e+02                (13)                     none                     
28                       2.122e+03                (37)                     3.682e+01                7.261e+02                5.300e+00                (36)                     3.353e+02                (33)                     none                     
29                       3.541e+03                (60)                     2.850e+01                7.177e+02                7.240e+00                (15)                     2.572e+02                (42)                     none                     
30                       3.755e+03                (62)                     2.767e+01                7.104e+02                7.430e+00                (11)                     2.448e+02                (43)                     none                     
31                       3.842e+03                (63)                     2.736e+01                6.974e+02                7.450e+00                (9)                      2.314e+02                (47)                     none                     
32                       1.786e+03                (31)                     4.013e+01                6.937e+02                4.810e+00                (42)                     3.593e+02                (29)                     none                     
33                       2.890e+03                (51)                     3.154e+01                6.481e+02                6.280e+00                (27)                     2.642e+02                (40)                     none                     
34                       1.556e+03                (28)                     4.299e+01                6.438e+02                4.330e+00                (49)                     3.667e+02                (28)                     none                     
35                       3.982e+03                (66)                     2.687e+01                6.348e+02                7.700e+00                (6)                      2.153e+02                (51)                     none                     
36                       3.352e+03                (56)                     2.929e+01                6.247e+02                6.810e+00                (21)                     2.333e+02                (46)                     none                     
37                       3.416e+03                (58)                     2.902e+01                6.096e+02                6.830e+00                (19)                     2.286e+02                (48)                     none                     
38                       2.246e+03                (41)                     3.579e+01                5.991e+02                5.440e+00                (35)                     2.780e+02                (38)                     none                     
39                       1.057e+03                (19)                     5.216e+01                5.258e+02                3.540e+00                (57)                     3.670e+02                (27)                     none                     
40                       7.945e+02                (15)                     6.016e+01                5.187e+02                3.095e+00                (60)                     4.131e+02                (22)                     none                     
41                       2.514e+03                (45)                     3.382e+01                5.094e+02                5.610e+00                (33)                     2.280e+02                (49)                     none                     
42                       1.260e+03                (23)                     4.778e+01                4.869e+02                3.760e+00                (56)                     3.158e+02                (34)                     none                     
43                       3.215e+03                (53)                     2.991e+01                4.827e+02                6.480e+00                (24)                     1.899e+02                (52)                     none                     
44                       1.555e+01                (0)                      4.300e+02                4.387e+02                5.577e-01                (74)                     2.093e+03                (4)                      none                     
45                       3.341e+03                (55)                     2.934e+01                4.198e+02                6.420e+00                (25)                     1.609e+02                (60)                     none                     
46                       4.170e+03                (68)                     2.626e+01                4.145e+02                7.350e+00                (13)                     1.477e+02                (63)                     none                     
47                       7.473e+02                (13)                     6.203e+01                4.121e+02                2.971e+00                (61)                     3.423e+02                (32)                     none                     
48                       4.306e+03                (69)                     2.584e+01                4.058e+02                7.430e+00                (10)                     1.411e+02                (66)                     none                     
49                       8.175e+01                (2)                      1.876e+02                4.043e+02                1.035e+00                (73)                     9.807e+02                (9)                      none                     
50                       3.281e+03                (54)                     2.961e+01                4.017e+02                6.410e+00                (26)                     1.594e+02                (61)                     none                     
51                       4.349e+03                (70)                     2.571e+01                4.016e+02                7.390e+00                (12)                     1.407e+02                (67)                     none                     
52                       1.758e+03                (30)                     4.045e+01                3.994e+02                4.480e+00                (46)                     2.188e+02                (50)                     none                     
53                       2.270e+03                (42)                     3.560e+01                3.807e+02                5.140e+00                (38)                     1.861e+02                (53)                     none                     
54                       5.090e+02                (9)                      7.516e+01                3.770e+02                2.437e+00                (66)                     3.799e+02                (26)                     none                     
55                       2.198e+03                (40)                     3.617e+01                3.717e+02                5.170e+00                (37)                     1.832e+02                (54)                     none                     
56                       4.153e+03                (67)                     2.631e+01                3.702e+02                7.240e+00                (16)                     1.313e+02                (69)                     none                     
57                       2.175e+03                (39)                     3.636e+01                3.668e+02                5.090e+00                (39)                     1.816e+02                (55)                     none                     
58                       5.353e+02                (10)                     7.329e+01                3.650e+02                2.517e+00                (64)                     3.576e+02                (31)                     none                     
59                       2.436e+02                (4)                      1.087e+02                3.646e+02                1.730e+00                (70)                     5.207e+02                (17)                     none                     
60                       3.895e+03                (65)                     2.717e+01                3.584e+02                7.000e+00                (17)                     1.361e+02                (68)                     none                     
61                       4.653e+03                (71)                     2.486e+01                3.381e+02                7.520e+00                (7)                      1.159e+02                (71)                     none                     
62                       2.932e+03                (52)                     3.132e+01                3.246e+02                5.870e+00                (31)                     1.435e+02                (64)                     none                     
63                       1.810e+03                (32)                     3.986e+01                3.209e+02                4.530e+00                (44)                     1.765e+02                (58)                     none                     
64                       1.940e+03                (36)                     3.850e+01                3.093e+02                4.680e+00                (43)                     1.654e+02                (59)                     none                     
65                       1.641e+03                (29)                     4.187e+01                3.091e+02                4.250e+00                (50)                     1.806e+02                (57)                     none                     
66                       3.601e+03                (61)                     2.826e+01                2.664e+02                6.500e+00                (23)                     1.066e+02                (74)                     none                     
67                       1.137e+03                (20)                     5.029e+01                2.597e+02                3.510e+00                (59)                     1.807e+02                (56)                     none                     
68                       6.422e+02                (12)                     6.691e+01                2.520e+02                2.706e+00                (63)                     2.334e+02                (45)                     none                     
69                       1.469e+03                (26)                     4.425e+01                2.251e+02                3.940e+00                (53)                     1.414e+02                (65)                     none                     
70                       1.832e+03                (34)                     3.962e+01                2.069e+02                4.460e+00                (48)                     1.148e+02                (73)                     none                     
71                       1.832e+03                (33)                     3.962e+01                2.069e+02                4.460e+00                (47)                     1.148e+02                (72)                     none                     
72                       7.728e+02                (14)                     6.100e+01                1.862e+02                2.928e+00                (62)                     1.575e+02                (62)                     none                     
73                       1.340e+03                (24)                     4.633e+01                1.815e+02                3.790e+00                (55)                     1.177e+02                (70)                     none                     
74                       1.542e+02                (3)                      1.366e+02                1.615e+02                1.363e+00                (71)                     2.956e+02                (37)                     none                     
