68-Er-168_n-g   PEAKS: ================================================================================================================================================================
Rank by Integral         Energy (eV)              Rank by Energy           TOF (us)                 Integral                 Peak Width               Rank by Peak Width       Peak Height              Rank by Peak Height      Relevant Isotope         
0                        7.379e+01                (1)                      1.923e+02                1.565e+03                1.091e+00                (20)                     3.688e+03                (0)                      none                     
1                        3.160e+02                (6)                      9.295e+01                8.059e+02                2.516e+00                (12)                     8.486e+02                (3)                      none                     
2                        3.011e+02                (5)                      9.521e+01                6.887e+02                2.216e+00                (16)                     8.016e+02                (4)                      none                     
3                        3.885e+02                (8)                      8.383e+01                5.172e+02                2.370e+00                (15)                     5.488e+02                (5)                      none                     
4                        3.522e+02                (7)                      8.804e+01                4.318e+02                2.111e+00                (17)                     5.030e+02                (6)                      none                     
5                        1.555e+01                (0)                      4.190e+02                4.305e+02                5.631e-01                (22)                     2.034e+03                (1)                      none                     
6                        5.948e+02                (11)                     6.775e+01                3.943e+02                3.911e+00                (3)                      2.754e+02                (8)                      none                     
7                        8.174e+01                (2)                      1.828e+02                3.635e+02                1.046e+00                (21)                     8.674e+02                (2)                      none                     
8                        2.436e+02                (4)                      1.059e+02                2.913e+02                1.723e+00                (18)                     4.130e+02                (7)                      none                     
9                        8.490e+02                (16)                     5.671e+01                2.812e+02                4.879e+00                (0)                      1.592e+02                (15)                     none                     
10                       9.050e+02                (17)                     5.492e+01                2.670e+02                3.953e+00                (2)                      1.749e+02                (13)                     none                     
11                       5.090e+02                (9)                      7.323e+01                2.367e+02                2.444e+00                (14)                     2.352e+02                (10)                     none                     
12                       5.353e+02                (10)                     7.141e+01                2.327e+02                2.490e+00                (13)                     2.260e+02                (11)                     none                     
13                       7.945e+02                (15)                     5.862e+01                2.267e+02                3.103e+00                (8)                      1.787e+02                (12)                     none                     
14                       1.025e+03                (18)                     5.161e+01                2.198e+02                3.620e+00                (6)                      1.491e+02                (17)                     none                     
15                       7.473e+02                (13)                     6.044e+01                2.102e+02                2.944e+00                (9)                      1.728e+02                (14)                     none                     
16                       1.184e+03                (21)                     4.803e+01                2.064e+02                4.350e+00                (1)                      1.208e+02                (20)                     none                     
17                       1.171e+03                (20)                     4.829e+01                2.000e+02                3.910e+00                (4)                      1.260e+02                (19)                     none                     
18                       1.057e+03                (19)                     5.083e+01                1.890e+02                3.470e+00                (7)                      1.308e+02                (18)                     none                     
19                       6.422e+02                (12)                     6.520e+01                1.674e+02                2.667e+00                (11)                     1.504e+02                (16)                     none                     
20                       1.260e+03                (22)                     4.656e+01                1.674e+02                3.910e+00                (5)                      1.047e+02                (22)                     none                     
21                       1.542e+02                (3)                      1.331e+02                1.496e+02                1.362e+00                (19)                     2.677e+02                (9)                      none                     
22                       7.728e+02                (14)                     5.944e+01                1.298e+02                2.935e+00                (10)                     1.064e+02                (21)                     none                     
