68-Er-166_n-g   PEAKS: ================================================================================================================================================================
Rank by Integral         Energy (eV)              Rank by Energy           TOF (us)                 Integral                 Peak Width               Rank by Peak Width       Peak Height              Rank by Peak Height      Relevant Isotope         
0                        1.310e+02                (6)                      1.444e+02                1.241e+03                1.468e+00                (10)                     2.171e+03                (0)                      none                     
1                        1.086e+02                (5)                      1.586e+02                1.029e+03                1.276e+00                (12)                     2.041e+03                (1)                      none                     
2                        1.607e+02                (8)                      1.303e+02                7.825e+02                1.507e+00                (9)                      1.300e+03                (4)                      none                     
3                        1.946e+02                (9)                      1.184e+02                7.030e+02                1.631e+00                (8)                      1.071e+03                (5)                      none                     
4                        3.170e+02                (13)                     9.280e+01                6.953e+02                2.318e+00                (4)                      7.725e+02                (9)                      none                     
5                        2.254e+02                (11)                     1.100e+02                6.897e+02                1.778e+00                (6)                      9.700e+02                (7)                      none                     
6                        3.020e+02                (12)                     9.508e+01                6.724e+02                2.150e+00                (5)                      7.930e+02                (8)                      none                     
7                        4.199e+02                (14)                     8.063e+01                5.489e+02                2.658e+00                (3)                      5.327e+02                (13)                     none                     
8                        3.054e+01                (1)                      2.990e+02                4.175e+02                7.162e-01                (16)                     1.501e+03                (3)                      none                     
9                        2.150e+02                (10)                     1.127e+02                3.854e+02                1.654e+00                (7)                      5.734e+02                (11)                     none                     
10                       5.661e+01                (4)                      2.196e+02                3.674e+02                9.148e-01                (13)                     1.015e+03                (6)                      none                     
11                       6.116e+02                (15)                     6.681e+01                3.468e+02                2.872e+00                (1)                      3.000e+02                (15)                     none                     
12                       1.369e+02                (7)                      1.412e+02                2.931e+02                1.329e+00                (11)                     5.450e+02                (12)                     none                     
13                       7.920e+00                (0)                      5.871e+02                2.764e+02                4.580e-01                (17)                     1.649e+03                (2)                      none                     
14                       7.502e+02                (17)                     6.032e+01                2.678e+02                3.071e+00                (0)                      2.138e+02                (16)                     none                     
15                       4.970e+01                (2)                      2.344e+02                2.587e+02                8.614e-01                (15)                     7.594e+02                (10)                     none                     
16                       6.542e+02                (16)                     6.460e+01                2.389e+02                2.813e+00                (2)                      2.072e+02                (17)                     none                     
17                       5.380e+01                (3)                      2.253e+02                1.405e+02                8.829e-01                (14)                     4.013e+02                (14)                     none                     
