68-Er-170_n-g   PEAKS: ================================================================================================================================================================
Rank by Integral         Energy (eV)              Rank by Energy           TOF (us)                 Integral                 Peak Width               Rank by Peak Width       Peak Height              Rank by Peak Height      Relevant Isotope         
0                        5.994e+00                (0)                      6.749e+02                3.513e+03                4.934e-01                (79)                     2.038e+04                (0)                      none                     
1                        2.624e+01                (5)                      3.226e+02                2.279e+03                8.660e-01                (68)                     7.317e+03                (1)                      none                     
2                        9.390e+00                (2)                      5.392e+02                1.155e+03                4.809e-01                (80)                     6.541e+03                (2)                      none                     
3                        5.360e+01                (12)                     2.257e+02                1.078e+03                9.684e-01                (66)                     2.895e+03                (3)                      none                     
4                        1.316e+02                (22)                     1.440e+02                6.940e+02                1.469e+00                (51)                     1.215e+03                (7)                      none                     
5                        2.742e+01                (6)                      3.155e+02                6.065e+02                6.632e-01                (76)                     2.440e+03                (4)                      none                     
6                        1.076e+02                (21)                     1.593e+02                4.354e+02                1.238e+00                (60)                     8.857e+02                (10)                     none                     
7                        2.023e+01                (3)                      3.674e+02                3.869e+02                5.962e-01                (78)                     1.688e+03                (5)                      none                     
8                        3.289e+01                (7)                      2.881e+02                3.513e+02                7.278e-01                (75)                     1.242e+03                (6)                      none                     
9                        2.825e+02                (45)                     9.831e+01                3.490e+02                1.987e+00                (31)                     4.436e+02                (20)                     none                     
10                       1.960e+02                (34)                     1.180e+02                3.433e+02                1.680e+00                (42)                     5.163e+02                (15)                     none                     
11                       3.759e+01                (8)                      2.695e+02                3.276e+02                7.555e-01                (74)                     1.109e+03                (8)                      none                     
12                       1.578e+02                (24)                     1.315e+02                3.133e+02                1.440e+00                (55)                     5.417e+02                (14)                     none                     
13                       5.996e+01                (13)                     2.134e+02                3.132e+02                9.353e-01                (67)                     8.483e+02                (11)                     none                     
14                       2.582e+02                (41)                     1.028e+02                3.064e+02                1.836e+00                (38)                     4.139e+02                (22)                     none                     
15                       3.943e+01                (9)                      2.631e+02                2.967e+02                7.799e-01                (73)                     9.731e+02                (9)                      none                     
16                       1.685e+02                (29)                     1.273e+02                2.926e+02                1.459e+00                (53)                     4.999e+02                (17)                     none                     
17                       9.480e+01                (20)                     1.697e+02                2.908e+02                1.113e+00                (61)                     6.487e+02                (13)                     none                     
18                       1.668e+02                (28)                     1.279e+02                2.892e+02                1.450e+00                (54)                     5.011e+02                (16)                     none                     
19                       3.637e+02                (54)                     8.664e+01                2.547e+02                2.177e+00                (23)                     2.904e+02                (35)                     none                     
20                       3.433e+02                (51)                     8.918e+01                2.443e+02                2.093e+00                (25)                     2.892e+02                (36)                     none                     
21                       2.799e+02                (44)                     9.876e+01                2.440e+02                1.914e+00                (35)                     3.201e+02                (30)                     none                     
22                       1.785e+02                (31)                     1.237e+02                2.433e+02                1.492e+00                (49)                     4.034e+02                (24)                     none                     
23                       5.019e+01                (11)                     2.332e+02                2.430e+02                8.406e-01                (69)                     7.292e+02                (12)                     none                     
24                       2.099e+02                (35)                     1.140e+02                2.376e+02                1.660e+00                (45)                     3.559e+02                (27)                     none                     
25                       3.316e+02                (49)                     9.074e+01                2.358e+02                1.965e+00                (32)                     2.963e+02                (34)                     none                     
26                       4.854e+02                (66)                     7.500e+01                2.312e+02                2.547e+00                (11)                     2.271e+02                (41)                     none                     
27                       1.622e+02                (26)                     1.297e+02                2.297e+02                1.418e+00                (56)                     3.993e+02                (25)                     none                     
28                       3.351e+02                (50)                     9.026e+01                2.295e+02                2.041e+00                (29)                     2.773e+02                (37)                     none                     
29                       2.287e+02                (37)                     1.093e+02                2.153e+02                1.638e+00                (46)                     3.236e+02                (29)                     none                     
30                       4.736e+02                (64)                     7.593e+01                2.064e+02                2.561e+00                (9)                      2.023e+02                (45)                     none                     
31                       3.497e+02                (53)                     8.836e+01                2.011e+02                2.076e+00                (27)                     2.389e+02                (40)                     none                     
32                       1.913e+02                (33)                     1.195e+02                1.996e+02                1.548e+00                (48)                     3.180e+02                (32)                     none                     
33                       1.423e+02                (23)                     1.385e+02                1.916e+02                1.663e+00                (44)                     3.184e+02                (31)                     none                     
34                       7.929e+01                (18)                     1.856e+02                1.915e+02                1.028e+00                (63)                     4.634e+02                (18)                     none                     
35                       4.804e+02                (65)                     7.538e+01                1.841e+02                2.561e+00                (8)                      1.809e+02                (49)                     none                     
36                       5.901e+02                (76)                     6.802e+01                1.798e+02                2.740e+00                (5)                      1.622e+02                (53)                     none                     
37                       5.283e+02                (71)                     7.189e+01                1.787e+02                2.809e+00                (3)                      1.618e+02                (54)                     none                     
38                       3.876e+02                (57)                     8.393e+01                1.771e+02                2.217e+00                (20)                     1.972e+02                (47)                     none                     
39                       1.651e+02                (27)                     1.286e+02                1.740e+02                1.391e+00                (58)                     3.116e+02                (33)                     none                     
40                       5.715e+02                (74)                     6.912e+01                1.711e+02                2.684e+00                (7)                      1.579e+02                (57)                     none                     
41                       4.466e+02                (62)                     7.819e+01                1.648e+02                2.394e+00                (13)                     1.706e+02                (51)                     none                     
42                       3.194e+02                (47)                     9.245e+01                1.584e+02                1.956e+00                (33)                     1.981e+02                (46)                     none                     
43                       4.372e+02                (61)                     7.902e+01                1.527e+02                2.321e+00                (15)                     1.617e+02                (55)                     none                     
44                       3.996e+02                (58)                     8.266e+01                1.471e+02                2.207e+00                (21)                     1.636e+02                (52)                     none                     
45                       8.962e+02                (81)                     5.519e+01                1.429e+02                3.539e+00                (0)                      1.014e+02                (81)                     none                     
46                       2.355e+02                (38)                     1.077e+02                1.427e+02                1.691e+00                (41)                     2.082e+02                (44)                     none                     
47                       3.465e+02                (52)                     8.876e+01                1.399e+02                2.016e+00                (30)                     1.710e+02                (50)                     none                     
48                       7.437e+01                (17)                     1.916e+02                1.397e+02                1.002e+00                (64)                     3.490e+02                (28)                     none                     
49                       4.973e+02                (67)                     7.409e+01                1.382e+02                2.083e+00                (26)                     2.118e+02                (43)                     none                     
50                       2.633e+02                (42)                     1.018e+02                1.375e+02                1.776e+00                (40)                     1.897e+02                (48)                     none                     
51                       7.728e+02                (80)                     5.944e+01                1.364e+02                3.015e+00                (1)                      1.125e+02                (72)                     none                     
52                       6.207e+01                (14)                     2.097e+02                1.358e+02                8.026e-01                (72)                     4.563e+02                (19)                     none                     
53                       4.666e+02                (63)                     7.649e+01                1.342e+02                2.355e+00                (14)                     1.397e+02                (65)                     none                     
54                       1.847e+02                (32)                     1.216e+02                1.329e+02                1.482e+00                (50)                     2.186e+02                (42)                     none                     
55                       5.059e+02                (69)                     7.346e+01                1.301e+02                2.281e+00                (17)                     1.398e+02                (64)                     none                     
56                       4.223e+01                (10)                     2.543e+02                1.276e+02                8.115e-01                (70)                     4.037e+02                (23)                     none                     
57                       5.423e+02                (72)                     7.095e+01                1.267e+02                2.502e+00                (12)                     1.229e+02                (69)                     none                     
58                       6.278e+01                (15)                     2.085e+02                1.264e+02                8.054e-01                (71)                     4.273e+02                (21)                     none                     
59                       3.683e+02                (55)                     8.610e+01                1.251e+02                2.044e+00                (28)                     1.485e+02                (61)                     none                     
60                       5.568e+02                (73)                     7.002e+01                1.250e+02                2.285e+00                (16)                     1.390e+02                (66)                     none                     
61                       6.369e+02                (78)                     6.547e+01                1.228e+02                2.777e+00                (4)                      1.079e+02                (77)                     none                     
62                       6.525e+02                (79)                     6.468e+01                1.216e+02                2.836e+00                (2)                      1.053e+02                (78)                     none                     
63                       5.755e+02                (75)                     6.888e+01                1.210e+02                2.560e+00                (10)                     1.149e+02                (71)                     none                     
64                       6.127e+02                (77)                     6.675e+01                1.204e+02                2.727e+00                (6)                      1.081e+02                (76)                     none                     
65                       3.095e+02                (46)                     9.392e+01                1.148e+02                1.906e+00                (37)                     1.467e+02                (62)                     none                     
66                       2.745e+02                (43)                     9.973e+01                1.124e+02                1.814e+00                (39)                     1.523e+02                (58)                     none                     
67                       2.379e+02                (39)                     1.071e+02                1.090e+02                1.459e+00                (52)                     2.420e+02                (39)                     none                     
68                       3.272e+02                (48)                     9.134e+01                1.068e+02                1.929e+00                (34)                     1.345e+02                (67)                     none                     
69                       2.492e+02                (40)                     1.047e+02                1.027e+02                1.676e+00                (43)                     1.487e+02                (60)                     none                     
70                       4.227e+02                (59)                     8.037e+01                9.927e+01                2.192e+00                (22)                     1.098e+02                (75)                     none                     
71                       3.818e+02                (56)                     8.456e+01                9.471e+01                2.106e+00                (24)                     1.101e+02                (74)                     none                     
72                       5.081e+02                (70)                     7.330e+01                9.348e+01                2.245e+00                (18)                     1.037e+02                (79)                     none                     
73                       4.290e+02                (60)                     7.977e+01                9.288e+01                2.219e+00                (19)                     1.027e+02                (80)                     none                     
74                       2.202e+01                (4)                      3.521e+02                8.203e+01                6.110e-01                (77)                     3.571e+02                (26)                     none                     
75                       1.768e+02                (30)                     1.243e+02                7.402e+01                1.414e+00                (57)                     1.312e+02                (68)                     none                     
76                       4.988e+02                (68)                     7.398e+01                7.371e+01                1.909e+00                (36)                     1.504e+02                (59)                     none                     
77                       2.172e+02                (36)                     1.121e+02                7.303e+01                1.574e+00                (47)                     1.122e+02                (73)                     none                     
78                       9.120e+01                (19)                     1.730e+02                6.307e+01                1.085e+00                (62)                     1.446e+02                (63)                     none                     
79                       6.943e+01                (16)                     1.983e+02                6.211e+01                9.847e-01                (65)                     1.587e+02                (56)                     none                     
80                       1.594e+02                (25)                     1.309e+02                6.103e+01                1.314e+00                (59)                     1.199e+02                (70)                     none                     
81                       7.930e+00                (1)                      5.868e+02                3.410e+01                4.527e-01                (81)                     2.460e+02                (38)                     none                     
