69-Tm-169_n-g   PEAKS: ================================================================================================================================================================
Rank by Integral         Energy (eV)              Rank by Energy           TOF (us)                 Integral                 Peak Width               Rank by Peak Width       Peak Height              Rank by Peak Height      Relevant Isotope         
0                        3.906e+00                (0)                      8.360e+02                3.691e+03                4.236e-01                (52)                     2.524e+04                (0)                      none                     
1                        9.410e+01                (11)                     1.703e+02                6.315e+02                1.133e+00                (41)                     1.395e+03                (2)                      none                     
2                        6.575e+01                (9)                      2.038e+02                5.657e+02                1.144e+00                (40)                     1.314e+03                (4)                      none                     
3                        4.075e+02                (34)                     8.185e+01                4.845e+02                2.504e+00                (14)                     4.950e+02                (14)                     none                     
4                        1.432e+01                (1)                      4.366e+02                4.432e+02                5.671e-01                (50)                     2.112e+03                (1)                      none                     
5                        3.185e+02                (29)                     9.258e+01                4.385e+02                2.740e+00                (7)                      3.796e+02                (18)                     none                     
6                        3.479e+01                (3)                      2.801e+02                3.901e+02                7.242e-01                (49)                     1.369e+03                (3)                      none                     
7                        5.907e+01                (7)                      2.150e+02                3.849e+02                8.955e-01                (45)                     1.074e+03                (6)                      none                     
8                        1.356e+02                (15)                     1.419e+02                3.403e+02                1.301e+00                (37)                     6.431e+02                (11)                     none                     
9                        1.151e+02                (13)                     1.540e+02                3.226e+02                1.196e+00                (39)                     6.698e+02                (10)                     none                     
10                       1.530e+02                (16)                     1.336e+02                3.025e+02                1.678e+00                (28)                     4.737e+02                (15)                     none                     
11                       2.827e+02                (26)                     9.827e+01                2.890e+02                1.852e+00                (25)                     3.831e+02                (17)                     none                     
12                       2.133e+02                (19)                     1.131e+02                2.599e+02                1.604e+00                (31)                     3.971e+02                (16)                     none                     
13                       5.058e+01                (6)                      2.323e+02                2.562e+02                8.327e-01                (46)                     7.717e+02                (9)                      none                     
14                       6.762e+02                (47)                     6.354e+01                2.509e+02                3.087e+00                (3)                      2.057e+02                (25)                     none                     
15                       3.323e+02                (30)                     9.064e+01                2.476e+02                2.000e+00                (23)                     3.024e+02                (20)                     none                     
16                       1.742e+01                (2)                      3.959e+02                2.437e+02                5.568e-01                (51)                     1.143e+03                (5)                      none                     
17                       6.719e+02                (46)                     6.374e+01                2.432e+02                2.910e+00                (5)                      2.077e+02                (24)                     none                     
18                       5.641e+02                (42)                     6.957e+01                2.361e+02                2.615e+00                (12)                     2.212e+02                (22)                     none                     
19                       8.318e+01                (10)                     1.812e+02                2.167e+02                1.037e+00                (42)                     5.183e+02                (13)                     none                     
20                       5.721e+02                (43)                     6.908e+01                2.017e+02                2.632e+00                (11)                     1.883e+02                (28)                     none                     
21                       4.479e+01                (5)                      2.469e+02                1.870e+02                8.158e-01                (47)                     5.831e+02                (12)                     none                     
22                       7.143e+02                (48)                     6.182e+01                1.859e+02                2.735e+00                (8)                      1.757e+02                (32)                     none                     
23                       5.979e+02                (44)                     6.757e+01                1.812e+02                2.632e+00                (10)                     1.676e+02                (33)                     none                     
24                       8.400e+02                (49)                     5.701e+01                1.781e+02                3.205e+00                (1)                      1.363e+02                (43)                     none                     
25                       1.248e+02                (14)                     1.479e+02                1.766e+02                1.332e+00                (36)                     3.346e+02                (19)                     none                     
26                       5.555e+02                (41)                     7.010e+01                1.704e+02                2.563e+00                (13)                     1.625e+02                (34)                     none                     
27                       2.879e+02                (27)                     9.738e+01                1.686e+02                2.051e+00                (22)                     2.087e+02                (23)                     none                     
28                       4.398e+02                (37)                     7.879e+01                1.629e+02                2.239e+00                (18)                     1.766e+02                (31)                     none                     
29                       2.070e+02                (18)                     1.148e+02                1.566e+02                1.558e+00                (33)                     2.454e+02                (21)                     none                     
30                       6.237e+02                (45)                     6.616e+01                1.565e+02                2.691e+00                (9)                      1.418e+02                (40)                     none                     
31                       5.112e+02                (39)                     7.308e+01                1.541e+02                2.455e+00                (16)                     1.534e+02                (38)                     none                     
32                       1.012e+03                (52)                     5.194e+01                1.536e+02                3.460e+00                (0)                      1.082e+02                (50)                     none                     
33                       4.136e+02                (35)                     8.125e+01                1.476e+02                2.457e+00                (15)                     1.829e+02                (29)                     none                     
34                       2.730e+02                (25)                     1.000e+02                1.445e+02                1.778e+00                (26)                     1.977e+02                (27)                     none                     
35                       1.003e+03                (50)                     5.217e+01                1.403e+02                3.150e+00                (2)                      1.102e+02                (48)                     none                     
36                       5.181e+02                (40)                     7.259e+01                1.391e+02                2.849e+00                (6)                      1.254e+02                (45)                     none                     
37                       2.380e+02                (21)                     1.071e+02                1.370e+02                1.660e+00                (29)                     2.013e+02                (26)                     none                     
38                       3.897e+02                (33)                     8.370e+01                1.307e+02                2.324e+00                (17)                     1.415e+02                (41)                     none                     
39                       3.457e+02                (31)                     8.887e+01                1.260e+02                2.055e+00                (21)                     1.508e+02                (39)                     none                     
40                       1.006e+03                (51)                     5.209e+01                1.243e+02                3.080e+00                (4)                      1.007e+02                (52)                     none                     
41                       4.154e+02                (36)                     8.107e+01                1.209e+02                1.905e+00                (24)                     1.798e+02                (30)                     none                     
42                       3.568e+02                (32)                     8.747e+01                1.152e+02                2.151e+00                (20)                     1.330e+02                (44)                     none                     
43                       2.595e+02                (24)                     1.026e+02                1.137e+02                1.712e+00                (27)                     1.621e+02                (35)                     none                     
44                       4.668e+02                (38)                     7.648e+01                1.008e+02                2.230e+00                (19)                     1.083e+02                (49)                     none                     
45                       1.638e+02                (17)                     1.291e+02                9.095e+01                1.387e+00                (35)                     1.599e+02                (36)                     none                     
46                       2.230e+02                (20)                     1.106e+02                7.543e+01                1.639e+00                (30)                     1.131e+02                (47)                     none                     
47                       2.964e+02                (28)                     9.597e+01                6.826e+01                1.551e+00                (34)                     1.364e+02                (42)                     none                     
48                       1.140e+02                (12)                     1.548e+02                5.759e+01                1.025e+00                (43)                     1.563e+02                (37)                     none                     
49                       2.507e+02                (23)                     1.044e+02                4.569e+01                1.561e+00                (32)                     7.978e+02                (7)                      none                     
50                       6.297e+01                (8)                      2.082e+02                4.070e+01                8.972e-01                (44)                     1.163e+02                (46)                     none                     
51                       3.751e+01                (4)                      2.698e+02                3.054e+01                7.382e-01                (48)                     1.059e+02                (51)                     none                     
52                       2.503e+02                (22)                     1.044e+02                5.581e+00                1.210e+00                (38)                     7.838e+02                (8)                      none                     
