70-Yb-174_n-g   PEAKS: ================================================================================================================================================================
Rank by Integral         Energy (eV)              Rank by Energy           TOF (us)                 Integral                 Peak Width               Rank by Peak Width       Peak Height              Rank by Peak Height      Relevant Isotope         
0                        1.763e+01                (1)                      3.935e+02                1.818e+03                6.177e-01                (42)                     7.912e+03                (0)                      none                     
1                        3.139e+01                (2)                      2.949e+02                1.560e+03                8.243e-01                (40)                     5.087e+03                (1)                      none                     
2                        3.572e+01                (3)                      2.765e+02                1.368e+03                7.780e-01                (41)                     4.572e+03                (2)                      none                     
3                        4.516e+01                (4)                      2.459e+02                7.288e+02                8.291e-01                (39)                     2.248e+03                (3)                      none                     
4                        1.288e+02                (15)                     1.456e+02                5.160e+02                1.315e+00                (26)                     9.839e+02                (5)                      none                     
5                        7.614e+01                (10)                     1.894e+02                4.888e+02                1.025e+00                (33)                     1.203e+03                (4)                      none                     
6                        1.058e+02                (12)                     1.606e+02                4.634e+02                1.216e+00                (29)                     9.605e+02                (6)                      none                     
7                        3.071e+02                (27)                     9.429e+01                3.836e+02                2.128e+00                (12)                     4.587e+02                (13)                     none                     
8                        1.688e+02                (18)                     1.272e+02                3.475e+02                1.434e+00                (25)                     5.963e+02                (9)                      none                     
9                        2.506e+02                (22)                     1.044e+02                2.836e+02                1.767e+00                (18)                     3.984e+02                (17)                     none                     
10                       5.347e+01                (5)                      2.260e+02                2.410e+02                8.488e-01                (38)                     7.142e+02                (7)                      none                     
11                       4.882e+02                (36)                     7.478e+01                2.361e+02                2.555e+00                (3)                      2.319e+02                (22)                     none                     
12                       5.888e+01                (6)                      2.153e+02                2.149e+02                8.712e-01                (37)                     6.148e+02                (8)                      none                     
13                       6.618e+01                (7)                      2.031e+02                2.080e+02                9.188e-01                (36)                     5.645e+02                (10)                     none                     
14                       1.243e+02                (14)                     1.482e+02                2.065e+02                1.204e+00                (30)                     4.197e+02                (16)                     none                     
15                       4.201e+02                (33)                     8.061e+01                2.054e+02                2.248e+00                (10)                     2.247e+02                (23)                     none                     
16                       1.973e+02                (19)                     1.176e+02                1.990e+02                1.519e+00                (24)                     3.208e+02                (20)                     none                     
17                       9.640e+01                (11)                     1.683e+02                1.943e+02                1.084e+00                (32)                     4.422e+02                (14)                     none                     
18                       2.835e+02                (25)                     9.813e+01                1.940e+02                1.872e+00                (17)                     2.563e+02                (21)                     none                     
19                       5.476e+02                (39)                     7.061e+01                1.851e+02                2.501e+00                (4)                      1.834e+02                (31)                     none                     
20                       3.615e+02                (31)                     8.690e+01                1.842e+02                2.154e+00                (11)                     2.129e+02                (27)                     none                     
21                       6.891e+01                (8)                      1.990e+02                1.820e+02                9.290e-01                (35)                     4.866e+02                (12)                     none                     
22                       5.144e+02                (37)                     7.285e+01                1.738e+02                2.472e+00                (6)                      1.726e+02                (32)                     none                     
23                       1.453e+02                (17)                     1.371e+02                1.724e+02                1.294e+00                (27)                     3.248e+02                (19)                     none                     
24                       3.183e+02                (28)                     9.261e+01                1.681e+02                1.899e+00                (16)                     2.152e+02                (26)                     none                     
25                       6.055e+02                (41)                     6.715e+01                1.665e+02                2.739e+00                (1)                      1.506e+02                (36)                     none                     
26                       6.188e+02                (42)                     6.642e+01                1.624e+02                2.680e+00                (2)                      1.485e+02                (37)                     none                     
27                       7.449e+01                (9)                      1.914e+02                1.623e+02                9.482e-01                (34)                     4.263e+02                (15)                     none                     
28                       4.389e+02                (34)                     7.887e+01                1.616e+02                2.500e+00                (5)                      1.640e+02                (33)                     none                     
29                       1.111e+02                (13)                     1.568e+02                1.600e+02                1.143e+00                (31)                     3.425e+02                (18)                     none                     
30                       2.566e+02                (23)                     1.031e+02                1.574e+02                1.723e+00                (21)                     2.234e+02                (24)                     none                     
31                       3.402e+02                (29)                     8.958e+01                1.521e+02                1.959e+00                (15)                     1.889e+02                (29)                     none                     
32                       7.289e+02                (43)                     6.120e+01                1.519e+02                3.067e+00                (0)                      1.233e+02                (41)                     none                     
33                       5.501e+02                (40)                     7.045e+01                1.448e+02                2.375e+00                (8)                      1.507e+02                (35)                     none                     
34                       2.296e+02                (21)                     1.090e+02                1.424e+02                1.588e+00                (22)                     2.165e+02                (25)                     none                     
35                       4.476e+02                (35)                     7.810e+01                1.305e+02                2.335e+00                (9)                      1.379e+02                (38)                     none                     
36                       2.102e+02                (20)                     1.140e+02                1.178e+02                1.520e+00                (23)                     1.871e+02                (30)                     none                     
37                       2.774e+02                (24)                     9.921e+01                1.151e+02                1.759e+00                (20)                     1.588e+02                (34)                     none                     
38                       3.712e+02                (32)                     8.576e+01                1.079e+02                2.022e+00                (13)                     1.290e+02                (39)                     none                     
39                       5.284e+02                (38)                     7.188e+01                1.043e+02                2.384e+00                (7)                      1.053e+02                (42)                     none                     
40                       1.348e+02                (16)                     1.423e+02                1.019e+02                1.249e+00                (28)                     1.999e+02                (28)                     none                     
41                       2.864e+02                (26)                     9.763e+01                9.175e+01                1.764e+00                (19)                     1.266e+02                (40)                     none                     
42                       3.511e+02                (30)                     8.818e+01                8.248e+01                1.975e+00                (14)                     1.014e+02                (43)                     none                     
43                       4.510e+00                (0)                      7.780e+02                6.733e+01                3.599e-01                (43)                     5.213e+02                (11)                     none                     
