70-Yb-173_n-g   PEAKS: ================================================================================================================================================================
Rank by Integral         Energy (eV)              Rank by Energy           TOF (us)                 Integral                 Peak Width               Rank by Peak Width       Peak Height              Rank by Peak Height      Relevant Isotope         
0                        1.398e+02                (0)                      1.397e+02                1.130e+03                1.500e+00                (11)                     1.943e+03                (0)                      none                     
1                        1.803e+02                (1)                      1.231e+02                1.018e+03                1.813e+00                (9)                      1.471e+03                (1)                      none                     
2                        5.087e+02                (4)                      7.326e+01                3.758e+02                2.702e+00                (4)                      3.522e+02                (2)                      none                     
3                        7.538e+02                (8)                      6.018e+01                2.699e+02                4.302e+00                (0)                      1.711e+02                (7)                      none                     
4                        6.196e+02                (6)                      6.638e+01                2.410e+02                2.665e+00                (6)                      2.201e+02                (5)                      none                     
5                        8.154e+02                (9)                      5.786e+01                2.361e+02                3.213e+00                (2)                      1.820e+02                (6)                      none                     
6                        4.593e+02                (3)                      7.710e+01                2.103e+02                2.232e+00                (8)                      2.265e+02                (4)                      none                     
7                        2.015e+02                (2)                      1.164e+02                2.016e+02                1.507e+00                (10)                     3.246e+02                (3)                      none                     
8                        1.067e+03                (11)                     5.059e+01                1.903e+02                3.640e+00                (1)                      1.279e+02                (10)                     none                     
9                        6.620e+02                (7)                      6.422e+01                1.757e+02                2.676e+00                (5)                      1.579e+02                (8)                      none                     
10                       8.756e+02                (10)                     5.584e+01                1.511e+02                3.087e+00                (3)                      1.180e+02                (11)                     none                     
11                       5.444e+02                (5)                      7.082e+01                1.350e+02                2.411e+00                (7)                      1.344e+02                (9)                      none                     
