70-Yb-176_n-tot   PEAKS: ================================================================================================================================================================
Rank by Integral         Energy (eV)              Rank by Energy           TOF (us)                 Integral                 Peak Width               Rank by Peak Width       Peak Height              Rank by Peak Height      Relevant Isotope         
0                        1.669e+03                (5)                      4.151e+01                1.154e+04                2.374e+01                (0)                      1.511e+03                (1)                      none                     
1                        3.427e+02                (0)                      9.160e+01                4.253e+03                2.857e+00                (9)                      4.056e+03                (0)                      none                     
2                        2.621e+03                (10)                     3.313e+01                3.499e+03                1.236e+01                (1)                      8.291e+02                (5)                      none                     
3                        1.960e+03                (7)                      3.831e+01                3.395e+03                9.390e+00                (2)                      1.042e+03                (4)                      none                     
4                        1.301e+03                (4)                      4.701e+01                2.187e+03                5.300e+00                (6)                      1.112e+03                (3)                      none                     
5                        8.802e+02                (2)                      5.716e+01                1.944e+03                3.873e+00                (7)                      1.308e+03                (2)                      none                     
6                        2.260e+03                (8)                      3.567e+01                1.508e+03                6.600e+00                (3)                      6.058e+02                (9)                      none                     
7                        1.739e+03                (6)                      4.067e+01                1.484e+03                5.350e+00                (5)                      7.196e+02                (6)                      none                     
8                        2.477e+03                (9)                      3.407e+01                1.010e+03                6.120e+00                (4)                      4.241e+02                (10)                     none                     
9                        1.003e+03                (3)                      5.355e+01                8.557e+02                3.440e+00                (8)                      6.110e+02                (8)                      none                     
10                       5.854e+02                (1)                      7.009e+01                7.330e+02                2.647e+00                (10)                     6.866e+02                (7)                      none                     
