70-Yb-171_n-g   PEAKS: ================================================================================================================================================================
Rank by Integral         Energy (eV)              Rank by Energy           TOF (us)                 Integral                 Peak Width               Rank by Peak Width       Peak Height              Rank by Peak Height      Relevant Isotope         
0                        3.993e+01                (1)                      2.615e+02                3.551e+03                1.121e+00                (15)                     8.878e+03                (0)                      none                     
1                        7.291e+01                (3)                      1.935e+02                1.375e+03                1.023e+00                (17)                     3.389e+03                (2)                      none                     
2                        6.657e+01                (2)                      2.025e+02                1.267e+03                9.682e-01                (18)                     3.297e+03                (3)                      none                     
3                        2.128e+02                (6)                      1.133e+02                7.634e+02                1.900e+00                (12)                     1.045e+03                (5)                      none                     
4                        8.130e+00                (0)                      5.795e+02                6.112e+02                3.974e-01                (19)                     4.067e+03                (1)                      none                     
5                        9.531e+01                (4)                      1.692e+02                5.885e+02                1.088e+00                (16)                     1.333e+03                (4)                      none                     
6                        2.864e+02                (8)                      9.763e+01                5.367e+02                1.979e+00                (11)                     6.794e+02                (6)                      none                     
7                        2.700e+02                (7)                      1.006e+02                4.622e+02                1.815e+00                (13)                     6.251e+02                (7)                      none                     
8                        4.479e+02                (12)                     7.807e+01                3.675e+02                2.468e+00                (6)                      3.749e+02                (10)                     none                     
9                        3.580e+02                (9)                      8.733e+01                3.497e+02                2.035e+00                (10)                     4.170e+02                (9)                      none                     
10                       1.677e+02                (5)                      1.276e+02                3.424e+02                1.394e+00                (14)                     5.978e+02                (8)                      none                     
11                       3.940e+02                (11)                     8.324e+01                3.111e+02                2.139e+00                (8)                      3.539e+02                (12)                     none                     
12                       3.840e+02                (10)                     8.432e+01                3.072e+02                2.090e+00                (9)                      3.558e+02                (11)                     none                     
13                       6.121e+02                (14)                     6.679e+01                2.831e+02                2.841e+00                (5)                      2.480e+02                (14)                     none                     
14                       4.518e+02                (13)                     7.774e+01                2.684e+02                2.270e+00                (7)                      2.885e+02                (13)                     none                     
15                       7.618e+02                (15)                     5.986e+01                2.283e+02                3.099e+00                (4)                      1.819e+02                (15)                     none                     
16                       8.088e+02                (16)                     5.810e+01                2.154e+02                3.170e+00                (2)                      1.673e+02                (16)                     none                     
17                       9.784e+02                (18)                     5.282e+01                1.933e+02                4.276e+00                (0)                      1.190e+02                (18)                     none                     
18                       1.037e+03                (19)                     5.131e+01                1.687e+02                3.380e+00                (1)                      1.190e+02                (19)                     none                     
19                       8.689e+02                (17)                     5.605e+01                1.607e+02                3.118e+00                (3)                      1.247e+02                (17)                     none                     
