70-Yb-174_n-tot   PEAKS: ================================================================================================================================================================
Rank by Integral         Energy (eV)              Rank by Energy           TOF (us)                 Integral                 Peak Width               Rank by Peak Width       Peak Height              Rank by Peak Height      Relevant Isotope         
0                        3.139e+01                (2)                      3.027e+02                3.531e+03                8.340e-01                (99)                     1.146e+04                (1)                      none                     
1                        1.763e+01                (1)                      4.039e+02                2.663e+03                6.177e-01                (102)                    1.160e+04                (0)                      none                     
2                        3.572e+01                (3)                      2.837e+02                2.052e+03                7.785e-01                (101)                    6.874e+03                (2)                      none                     
3                        4.516e+01                (4)                      2.523e+02                1.089e+03                8.292e-01                (100)                    3.373e+03                (3)                      none                     
4                        3.071e+02                (30)                     9.677e+01                1.079e+03                2.141e+00                (68)                     1.294e+03                (7)                      none                     
5                        1.288e+02                (15)                     1.494e+02                9.376e+02                1.305e+00                (86)                     1.804e+03                (6)                      none                     
6                        1.058e+02                (12)                     1.649e+02                9.365e+02                1.230e+00                (89)                     1.941e+03                (5)                      none                     
7                        9.259e+02                (61)                     5.573e+01                8.521e+02                3.739e+00                (24)                     5.860e+02                (17)                     none                     
8                        7.614e+01                (10)                     1.943e+02                8.009e+02                1.029e+00                (93)                     1.981e+03                (4)                      none                     
9                        9.981e+02                (67)                     5.368e+01                7.374e+02                3.769e+00                (23)                     5.002e+02                (24)                     none                     
10                       1.618e+03                (98)                     4.216e+01                7.079e+02                5.530e+00                (0)                      3.454e+02                (38)                     none                     
11                       4.389e+02                (39)                     8.094e+01                6.903e+02                2.496e+00                (60)                     7.068e+02                (11)                     none                     
12                       4.882e+02                (41)                     7.675e+01                6.675e+02                2.546e+00                (58)                     6.636e+02                (14)                     none                     
13                       1.185e+03                (78)                     4.926e+01                6.013e+02                4.340e+00                (8)                      3.616e+02                (34)                     none                     
14                       7.289e+02                (53)                     6.281e+01                5.926e+02                3.067e+00                (46)                     4.878e+02                (25)                     none                     
15                       1.688e+02                (18)                     1.305e+02                5.797e+02                1.434e+00                (85)                     1.004e+03                (8)                      none                     
16                       5.476e+02                (44)                     7.247e+01                5.795e+02                2.537e+00                (59)                     5.622e+02                (20)                     none                     
17                       2.506e+02                (25)                     1.071e+02                5.556e+02                1.745e+00                (77)                     7.909e+02                (10)                     none                     
18                       6.188e+02                (47)                     6.817e+01                5.182e+02                2.746e+00                (54)                     4.728e+02                (27)                     none                     
19                       1.518e+03                (95)                     4.352e+01                5.029e+02                4.900e+00                (1)                      2.750e+02                (48)                     none                     
20                       2.835e+02                (28)                     1.007e+02                4.984e+02                1.870e+00                (74)                     6.647e+02                (13)                     none                     
21                       6.055e+02                (46)                     6.891e+01                4.949e+02                2.737e+00                (55)                     4.533e+02                (28)                     none                     
22                       3.615e+02                (35)                     8.919e+01                4.907e+02                2.177e+00                (66)                     5.728e+02                (18)                     none                     
23                       8.650e+02                (59)                     5.766e+01                4.894e+02                3.447e+00                (32)                     3.647e+02                (33)                     none                     
24                       1.498e+03                (94)                     4.381e+01                4.869e+02                4.490e+00                (5)                      2.801e+02                (46)                     none                     
25                       4.201e+02                (37)                     8.273e+01                4.722e+02                2.248e+00                (65)                     5.226e+02                (22)                     none                     
26                       1.009e+03                (68)                     5.339e+01                4.672e+02                3.710e+00                (25)                     3.264e+02                (39)                     none                     
27                       8.510e+02                (58)                     5.813e+01                4.521e+02                3.215e+00                (42)                     3.544e+02                (36)                     none                     
28                       1.196e+03                (79)                     4.904e+01                4.226e+02                3.810e+00                (20)                     2.780e+02                (47)                     none                     
29                       1.731e+03                (100)                    4.076e+01                4.205e+02                4.670e+00                (3)                      2.310e+02                (56)                     none                     
30                       4.476e+02                (40)                     8.015e+01                4.193e+02                2.347e+00                (64)                     4.507e+02                (30)                     none                     
31                       1.264e+03                (85)                     4.771e+01                4.180e+02                3.940e+00                (14)                     2.717e+02                (49)                     none                     
32                       1.069e+03                (71)                     5.186e+01                4.119e+02                3.710e+00                (26)                     2.820e+02                (44)                     none                     
33                       1.170e+03                (77)                     4.958e+01                3.575e+02                3.600e+00                (30)                     2.453e+02                (52)                     none                     
34                       1.199e+03                (80)                     4.896e+01                3.505e+02                3.640e+00                (29)                     2.529e+02                (51)                     none                     
35                       1.368e+03                (87)                     4.584e+01                3.421e+02                4.230e+00                (11)                     2.079e+02                (62)                     none                     
36                       1.235e+03                (83)                     4.825e+01                3.325e+02                3.840e+00                (17)                     2.207e+02                (57)                     none                     
37                       5.501e+02                (45)                     7.230e+01                3.237e+02                2.400e+00                (63)                     3.495e+02                (37)                     none                     
38                       1.783e+03                (103)                    4.016e+01                3.227e+02                4.830e+00                (2)                      1.768e+02                (71)                     none                     
39                       7.664e+02                (54)                     6.125e+01                3.216e+02                3.061e+00                (47)                     2.653e+02                (50)                     none                     
40                       1.205e+03                (81)                     4.885e+01                3.120e+02                3.810e+00                (19)                     2.117e+02                (61)                     none                     
41                       6.485e+02                (48)                     6.659e+01                3.112e+02                2.794e+00                (52)                     2.815e+02                (45)                     none                     
42                       5.144e+02                (42)                     7.477e+01                3.057e+02                2.484e+00                (61)                     3.103e+02                (41)                     none                     
43                       1.454e+03                (91)                     4.447e+01                2.997e+02                4.270e+00                (10)                     1.817e+02                (70)                     none                     
44                       1.241e+03                (84)                     4.813e+01                2.915e+02                3.790e+00                (22)                     2.000e+02                (64)                     none                     
45                       1.570e+03                (97)                     4.280e+01                2.885e+02                4.010e+00                (13)                     1.960e+02                (66)                     none                     
46                       1.243e+02                (14)                     1.521e+02                2.871e+02                1.221e+00                (90)                     5.868e+02                (16)                     none                     
47                       1.472e+03                (92)                     4.420e+01                2.779e+02                4.340e+00                (9)                      1.668e+02                (77)                     none                     
48                       9.585e+02                (64)                     5.477e+01                2.773e+02                3.391e+00                (34)                     2.076e+02                (63)                     none                     
49                       1.480e+03                (93)                     4.407e+01                2.760e+02                4.060e+00                (12)                     1.741e+02                (73)                     none                     
50                       8.466e+02                (57)                     5.828e+01                2.724e+02                3.172e+00                (44)                     2.142e+02                (60)                     none                     
51                       1.973e+02                (19)                     1.207e+02                2.636e+02                1.521e+00                (83)                     4.333e+02                (31)                     none                     
52                       5.347e+01                (5)                      2.319e+02                2.627e+02                8.475e-01                (98)                     7.927e+02                (9)                      none                     
53                       9.686e+02                (65)                     5.449e+01                2.623e+02                3.312e+00                (38)                     1.996e+02                (65)                     none                     
54                       1.141e+03                (75)                     5.020e+01                2.584e+02                3.570e+00                (31)                     1.827e+02                (69)                     none                     
55                       1.566e+03                (96)                     4.285e+01                2.515e+02                3.680e+00                (28)                     1.729e+02                (74)                     none                     
56                       7.017e+02                (51)                     6.402e+01                2.455e+02                2.858e+00                (50)                     2.164e+02                (59)                     none                     
57                       1.162e+03                (76)                     4.974e+01                2.446e+02                3.700e+00                (27)                     1.663e+02                (78)                     none                     
58                       3.183e+02                (31)                     9.505e+01                2.441e+02                1.914e+00                (72)                     3.215e+02                (40)                     none                     
59                       1.776e+03                (102)                    4.024e+01                2.431e+02                4.630e+00                (4)                      1.361e+02                (86)                     none                     
60                       1.018e+03                (69)                     5.316e+01                2.378e+02                3.280e+00                (40)                     1.840e+02                (68)                     none                     
61                       5.888e+01                (6)                      2.210e+02                2.345e+02                8.665e-01                (97)                     6.850e+02                (12)                     none                     
62                       1.453e+02                (17)                     1.407e+02                2.337e+02                1.292e+00                (87)                     4.515e+02                (29)                     none                     
63                       1.381e+03                (89)                     4.563e+01                2.328e+02                3.810e+00                (21)                     1.573e+02                (80)                     none                     
64                       6.619e+01                (7)                      2.084e+02                2.295e+02                9.166e-01                (96)                     6.346e+02                (15)                     none                     
65                       2.296e+02                (24)                     1.119e+02                2.293e+02                1.616e+00                (79)                     3.549e+02                (35)                     none                     
66                       3.402e+02                (33)                     9.194e+01                2.249e+02                1.967e+00                (70)                     2.872e+02                (43)                     none                     
67                       1.354e+03                (86)                     4.608e+01                2.215e+02                3.900e+00                (16)                     1.442e+02                (85)                     none                     
68                       9.641e+01                (11)                     1.727e+02                2.213e+02                1.084e+00                (92)                     5.134e+02                (23)                     none                     
69                       9.413e+02                (63)                     5.527e+01                2.156e+02                3.265e+00                (41)                     1.719e+02                (75)                     none                     
70                       7.823e+02                (56)                     6.063e+01                2.143e+02                2.931e+00                (49)                     1.854e+02                (67)                     none                     
71                       6.891e+01                (8)                      2.043e+02                2.073e+02                9.219e-01                (95)                     5.683e+02                (19)                     none                     
72                       2.566e+02                (26)                     1.059e+02                2.028e+02                1.703e+00                (78)                     2.989e+02                (42)                     none                     
73                       9.933e+02                (66)                     5.381e+01                2.019e+02                3.301e+00                (39)                     1.504e+02                (82)                     none                     
74                       1.705e+03                (99)                     4.107e+01                1.974e+02                4.360e+00                (7)                      1.185e+02                (95)                     none                     
75                       1.740e+03                (101)                    4.065e+01                1.947e+02                4.480e+00                (6)                      1.194e+02                (93)                     none                     
76                       6.901e+02                (50)                     6.455e+01                1.939e+02                2.780e+00                (53)                     1.760e+02                (72)                     none                     
77                       1.111e+02                (13)                     1.609e+02                1.918e+02                1.141e+00                (91)                     4.232e+02                (32)                     none                     
78                       8.958e+02                (60)                     5.666e+01                1.805e+02                3.128e+00                (45)                     1.470e+02                (83)                     none                     
79                       7.450e+01                (9)                      1.965e+02                1.774e+02                9.592e-01                (94)                     4.728e+02                (26)                     none                     
80                       3.712e+02                (36)                     8.801e+01                1.759e+02                2.040e+00                (69)                     2.190e+02                (58)                     none                     
81                       1.437e+03                (90)                     4.473e+01                1.741e+02                3.820e+00                (18)                     1.157e+02                (99)                     none                     
82                       1.079e+03                (72)                     5.162e+01                1.741e+02                3.400e+00                (33)                     1.317e+02                (87)                     none                     
83                       1.375e+03                (88)                     4.573e+01                1.730e+02                3.910e+00                (15)                     1.165e+02                (98)                     none                     
84                       7.740e+02                (55)                     6.095e+01                1.686e+02                2.841e+00                (51)                     1.528e+02                (81)                     none                     
85                       2.774e+02                (27)                     1.018e+02                1.631e+02                1.760e+00                (75)                     2.312e+02                (55)                     none                     
86                       5.284e+02                (43)                     7.377e+01                1.608e+02                2.415e+00                (62)                     1.690e+02                (76)                     none                     
87                       1.118e+03                (74)                     5.071e+01                1.601e+02                3.390e+00                (35)                     1.201e+02                (92)                     none                     
88                       1.022e+03                (70)                     5.303e+01                1.597e+02                3.350e+00                (37)                     1.292e+02                (89)                     none                     
89                       1.107e+03                (73)                     5.096e+01                1.553e+02                3.370e+00                (36)                     1.168e+02                (97)                     none                     
90                       9.372e+02                (62)                     5.539e+01                1.509e+02                3.193e+00                (43)                     1.235e+02                (91)                     none                     
91                       2.102e+02                (21)                     1.170e+02                1.407e+02                1.533e+00                (82)                     2.317e+02                (54)                     none                     
92                       7.053e+02                (52)                     6.385e+01                1.287e+02                2.693e+00                (56)                     1.250e+02                (90)                     none                     
93                       1.210e+03                (82)                     4.875e+01                1.264e+02                2.950e+00                (48)                     1.312e+02                (88)                     none                     
94                       1.348e+02                (16)                     1.461e+02                1.123e+02                1.259e+00                (88)                     2.331e+02                (53)                     none                     
95                       3.511e+02                (34)                     9.050e+01                1.105e+02                1.964e+00                (71)                     1.446e+02                (84)                     none                     
96                       2.864e+02                (29)                     1.002e+02                1.091e+02                1.754e+00                (76)                     1.644e+02                (79)                     none                     
97                       6.595e+02                (49)                     6.604e+01                1.072e+02                2.640e+00                (57)                     1.065e+02                (101)                    none                     
98                       4.297e+02                (38)                     8.180e+01                9.920e+01                2.151e+00                (67)                     1.186e+02                (94)                     none                     
99                       3.240e+02                (32)                     9.421e+01                6.969e+01                1.878e+00                (73)                     1.010e+02                (102)                    none                     
100                      2.217e+02                (22)                     1.139e+02                6.790e+01                1.548e+00                (81)                     1.138e+02                (100)                    none                     
101                      4.510e+00                (0)                      7.985e+02                6.747e+01                3.599e-01                (103)                    5.358e+02                (21)                     none                     
102                      2.050e+02                (20)                     1.184e+02                6.731e+01                1.503e+00                (84)                     1.175e+02                (96)                     none                     
103                      2.264e+02                (23)                     1.127e+02                6.082e+01                1.588e+00                (80)                     1.009e+02                (103)                    none                     
