70-Yb-171_n-tot   PEAKS: ================================================================================================================================================================
Rank by Integral         Energy (eV)              Rank by Energy           TOF (us)                 Integral                 Peak Width               Rank by Peak Width       Peak Height              Rank by Peak Height      Relevant Isotope         
0                        3.993e+01                (1)                      2.684e+02                1.363e+04                1.110e+00                (18)                     3.424e+04                (0)                      none                     
1                        2.128e+02                (6)                      1.162e+02                3.119e+03                1.867e+00                (15)                     4.304e+03                (3)                      none                     
2                        7.291e+01                (3)                      1.986e+02                2.528e+03                1.037e+00                (20)                     6.210e+03                (1)                      none                     
3                        6.657e+01                (2)                      2.078e+02                2.032e+03                9.709e-01                (21)                     5.288e+03                (2)                      none                     
4                        9.785e+02                (19)                     5.421e+01                2.028e+03                4.264e+00                (0)                      1.253e+03                (9)                      none                     
5                        2.864e+02                (8)                      1.002e+02                1.693e+03                2.000e+00                (14)                     2.139e+03                (5)                      none                     
6                        4.479e+02                (12)                     8.012e+01                1.292e+03                2.436e+00                (9)                      1.323e+03                (8)                      none                     
7                        6.121e+02                (14)                     6.854e+01                1.181e+03                2.853e+00                (8)                      1.038e+03                (10)                     none                     
8                        2.700e+02                (7)                      1.032e+02                9.895e+02                1.808e+00                (16)                     1.345e+03                (7)                      none                     
9                        1.296e+03                (21)                     4.710e+01                9.491e+02                4.170e+00                (1)                      5.723e+02                (18)                     none                     
10                       7.618e+02                (15)                     6.144e+01                9.164e+02                3.100e+00                (7)                      7.351e+02                (14)                     none                     
11                       8.088e+02                (16)                     5.963e+01                8.671e+02                3.189e+00                (4)                      6.775e+02                (16)                     none                     
12                       9.532e+01                (4)                      1.737e+02                7.740e+02                1.085e+00                (19)                     1.768e+03                (6)                      none                     
13                       3.580e+02                (9)                      8.962e+01                7.503e+02                2.072e+00                (13)                     8.946e+02                (11)                     none                     
14                       1.037e+03                (20)                     5.266e+01                7.397e+02                3.470e+00                (3)                      5.221e+02                (19)                     none                     
15                       3.940e+02                (11)                     8.543e+01                6.402e+02                2.144e+00                (11)                     7.362e+02                (13)                     none                     
16                       8.130e+00                (0)                      5.947e+02                6.262e+02                3.974e-01                (22)                     4.172e+03                (4)                      none                     
17                       3.840e+02                (10)                     8.654e+01                6.099e+02                2.106e+00                (12)                     7.102e+02                (15)                     none                     
18                       4.518e+02                (13)                     7.978e+01                5.462e+02                2.271e+00                (10)                     6.042e+02                (17)                     none                     
19                       1.328e+03                (22)                     4.653e+01                5.170e+02                3.970e+00                (2)                      3.269e+02                (20)                     none                     
20                       1.677e+02                (5)                      1.309e+02                4.501e+02                1.388e+00                (17)                     7.942e+02                (12)                     none                     
21                       8.689e+02                (17)                     5.753e+01                3.765e+02                3.120e+00                (6)                      2.991e+02                (21)                     none                     
22                       9.526e+02                (18)                     5.494e+01                1.688e+02                3.166e+00                (5)                      1.319e+02                (22)                     none                     
