72-Hf-178_n-g   PEAKS: ================================================================================================================================================================
Rank by Integral         Energy (eV)              Rank by Energy           TOF (us)                 Integral                 Peak Width               Rank by Peak Width       Peak Height              Rank by Peak Height      Relevant Isotope         
0                        2.388e+00                (1)                      1.069e+03                4.703e+03                2.844e-01                (105)                    4.678e+04                (0)                      none                     
1                        1.098e+00                (0)                      1.577e+03                2.267e+03                2.492e-01                (106)                    2.690e+04                (1)                      none                     
2                        6.600e+00                (3)                      6.432e+02                1.848e+03                3.796e-01                (101)                    1.321e+04                (2)                      none                     
3                        5.890e+00                (2)                      6.808e+02                1.366e+03                3.420e-01                (104)                    1.075e+04                (3)                      none                     
4                        8.880e+00                (4)                      5.545e+02                1.087e+03                4.122e-01                (100)                    7.018e+03                (4)                      none                     
5                        6.342e+01                (26)                     2.075e+02                8.710e+02                9.545e-01                (74)                     2.322e+03                (5)                      none                     
6                        4.876e+01                (19)                     2.366e+02                6.763e+02                8.377e-01                (80)                     2.071e+03                (6)                      none                     
7                        6.669e+01                (27)                     2.023e+02                6.136e+02                9.707e-01                (72)                     1.608e+03                (8)                      none                     
8                        5.471e+01                (21)                     2.234e+02                4.354e+02                8.400e-01                (79)                     1.299e+03                (10)                     none                     
9                        3.695e+01                (15)                     2.718e+02                4.310e+02                6.827e-01                (90)                     1.576e+03                (9)                      none                     
10                       1.031e+02                (37)                     1.628e+02                4.283e+02                1.161e+00                (63)                     9.243e+02                (12)                     none                     
11                       8.456e+01                (32)                     1.797e+02                3.811e+02                9.539e-01                (75)                     1.014e+03                (11)                     none                     
12                       1.316e+02                (42)                     1.440e+02                3.621e+02                1.305e+00                (56)                     6.951e+02                (19)                     none                     
13                       7.129e+01                (28)                     1.957e+02                3.194e+02                9.125e-01                (76)                     8.643e+02                (15)                     none                     
14                       7.599e+01                (31)                     1.895e+02                3.053e+02                8.891e-01                (77)                     8.797e+02                (14)                     none                     
15                       9.701e+01                (36)                     1.678e+02                2.990e+02                1.066e+00                (68)                     6.900e+02                (20)                     none                     
16                       5.629e+01                (22)                     2.202e+02                2.890e+02                7.916e-01                (83)                     9.230e+02                (13)                     none                     
17                       2.847e+02                (71)                     9.793e+01                2.807e+02                2.047e+00                (15)                     3.513e+02                (35)                     none                     
18                       2.247e+02                (61)                     1.102e+02                2.723e+02                1.669e+00                (35)                     4.114e+02                (32)                     none                     
19                       4.622e+01                (18)                     2.430e+02                2.618e+02                7.788e-01                (84)                     8.471e+02                (16)                     none                     
20                       3.304e+02                (78)                     9.090e+01                2.564e+02                2.048e+00                (14)                     3.142e+02                (37)                     none                     
21                       3.756e+02                (85)                     8.526e+01                2.539e+02                2.400e+00                (2)                      2.721e+02                (49)                     none                     
22                       1.630e+02                (49)                     1.294e+02                2.422e+02                1.375e+00                (50)                     4.318e+02                (31)                     none                     
23                       1.396e+01                (7)                      4.422e+02                2.403e+02                4.308e-01                (99)                     1.629e+03                (7)                      none                     
24                       3.275e+02                (77)                     9.130e+01                2.372e+02                1.968e+00                (22)                     2.985e+02                (40)                     none                     
25                       1.411e+02                (45)                     1.391e+02                2.348e+02                1.254e+00                (59)                     4.573e+02                (29)                     none                     
26                       2.086e+02                (59)                     1.144e+02                2.320e+02                1.493e+00                (45)                     3.765e+02                (34)                     none                     
27                       3.070e+02                (73)                     9.430e+01                2.227e+02                1.994e+00                (21)                     2.794e+02                (46)                     none                     
28                       4.305e+01                (16)                     2.518e+02                2.157e+02                7.387e-01                (86)                     7.294e+02                (18)                     none                     
29                       2.645e+02                (67)                     1.016e+02                2.120e+02                1.788e+00                (31)                     2.938e+02                (43)                     none                     
30                       3.487e+02                (81)                     8.848e+01                2.084e+02                2.016e+00                (17)                     2.540e+02                (52)                     none                     
31                       2.386e+02                (64)                     1.070e+02                1.985e+02                1.655e+00                (37)                     2.948e+02                (41)                     none                     
32                       4.886e+02                (104)                    7.475e+01                1.964e+02                2.532e+00                (0)                      1.948e+02                (58)                     none                     
33                       2.985e+02                (72)                     9.564e+01                1.877e+02                1.667e+00                (36)                     2.892e+02                (45)                     none                     
34                       1.437e+02                (46)                     1.378e+02                1.830e+02                1.726e+00                (33)                     2.576e+02                (51)                     none                     
35                       2.676e+02                (68)                     1.010e+02                1.821e+02                1.715e+00                (34)                     2.589e+02                (50)                     none                     
36                       4.149e+02                (89)                     8.112e+01                1.802e+02                2.111e+00                (11)                     2.102e+02                (55)                     none                     
37                       3.675e+02                (83)                     8.619e+01                1.732e+02                2.038e+00                (16)                     2.085e+02                (56)                     none                     
38                       1.485e+02                (48)                     1.356e+02                1.689e+02                1.296e+00                (57)                     3.186e+02                (36)                     none                     
39                       4.956e+01                (20)                     2.347e+02                1.663e+02                7.123e-01                (88)                     6.331e+02                (22)                     none                     
40                       1.991e+02                (57)                     1.171e+02                1.660e+02                1.488e+00                (47)                     2.722e+02                (48)                     none                     
41                       2.701e+01                (12)                     3.179e+02                1.610e+02                6.121e-01                (93)                     6.680e+02                (21)                     none                     
42                       4.750e+02                (102)                    7.581e+01                1.581e+02                2.305e+00                (5)                      1.685e+02                (67)                     none                     
43                       3.236e+02                (76)                     9.185e+01                1.516e+02                1.863e+00                (28)                     1.977e+02                (57)                     none                     
44                       1.374e+02                (44)                     1.410e+02                1.487e+02                1.230e+00                (60)                     2.947e+02                (42)                     none                     
45                       4.574e+02                (99)                     7.726e+01                1.460e+02                2.470e+00                (1)                      1.491e+02                (77)                     none                     
46                       3.334e+02                (79)                     9.049e+01                1.451e+02                1.889e+00                (26)                     1.878e+02                (61)                     none                     
47                       4.261e+02                (91)                     8.005e+01                1.444e+02                2.213e+00                (7)                      1.603e+02                (71)                     none                     
48                       4.466e+02                (98)                     7.819e+01                1.424e+02                2.196e+00                (8)                      1.578e+02                (73)                     none                     
49                       4.062e+02                (87)                     8.198e+01                1.404e+02                2.148e+00                (10)                     1.600e+02                (72)                     none                     
50                       2.722e+02                (69)                     1.001e+02                1.382e+02                1.475e+00                (49)                     2.768e+02                (47)                     none                     
51                       4.511e+01                (17)                     2.460e+02                1.373e+02                7.450e-01                (85)                     4.654e+02                (28)                     none                     
52                       3.608e+01                (14)                     2.751e+02                1.346e+02                6.635e-01                (91)                     5.163e+02                (25)                     none                     
53                       4.787e+02                (103)                    7.552e+01                1.313e+02                2.265e+00                (6)                      1.410e+02                (82)                     none                     
54                       5.072e+02                (106)                    7.337e+01                1.299e+02                2.338e+00                (3)                      1.345e+02                (86)                     none                     
55                       3.571e+02                (82)                     8.744e+01                1.275e+02                1.999e+00                (19)                     1.564e+02                (74)                     none                     
56                       3.199e+02                (75)                     9.238e+01                1.268e+02                1.874e+00                (27)                     1.651e+02                (69)                     none                     
57                       2.407e+02                (65)                     1.065e+02                1.241e+02                1.584e+00                (40)                     1.905e+02                (60)                     none                     
58                       4.434e+02                (97)                     7.847e+01                1.234e+02                2.162e+00                (9)                      1.381e+02                (84)                     none                     
59                       2.487e+02                (66)                     1.048e+02                1.232e+02                1.646e+00                (38)                     1.816e+02                (63)                     none                     
60                       1.742e+02                (52)                     1.252e+02                1.208e+02                1.373e+00                (51)                     2.185e+02                (54)                     none                     
61                       4.985e+02                (105)                    7.400e+01                1.188e+02                2.312e+00                (4)                      1.245e+02                (93)                     none                     
62                       2.018e+02                (58)                     1.163e+02                1.164e+02                1.482e+00                (48)                     1.911e+02                (59)                     none                     
63                       3.707e+02                (84)                     8.582e+01                1.149e+02                1.996e+00                (20)                     1.411e+02                (81)                     none                     
64                       2.344e+01                (10)                     3.413e+02                1.148e+02                5.768e-01                (96)                     5.095e+02                (26)                     none                     
65                       3.418e+02                (80)                     8.937e+01                1.141e+02                1.924e+00                (23)                     1.441e+02                (80)                     none                     
66                       4.292e+02                (92)                     7.976e+01                1.109e+02                2.106e+00                (12)                     1.285e+02                (89)                     none                     
67                       2.197e+01                (8)                      3.525e+02                1.105e+02                4.721e-01                (97)                     7.304e+02                (17)                     none                     
68                       5.700e+01                (23)                     2.189e+02                1.082e+02                7.249e-01                (87)                     4.095e+02                (33)                     none                     
69                       1.119e+02                (38)                     1.562e+02                1.054e+02                1.560e+00                (43)                     1.558e+02                (76)                     none                     
70                       1.237e+02                (41)                     1.486e+02                1.036e+02                1.083e+00                (66)                     2.350e+02                (53)                     none                     
71                       5.921e+01                (24)                     2.147e+02                1.024e+02                8.410e-01                (78)                     3.033e+02                (39)                     none                     
72                       1.710e+02                (51)                     1.264e+02                9.991e+01                1.366e+00                (52)                     1.782e+02                (65)                     none                     
73                       3.898e+02                (86)                     8.369e+01                9.570e+01                2.015e+00                (18)                     1.143e+02                (95)                     none                     
74                       4.188e+02                (90)                     8.074e+01                8.896e+01                2.073e+00                (13)                     1.035e+02                (104)                    none                     
75                       4.722e+02                (101)                    7.604e+01                8.893e+01                1.837e+00                (29)                     1.442e+02                (79)                     none                     
76                       4.317e+02                (93)                     7.952e+01                8.748e+01                1.924e+00                (24)                     1.136e+02                (96)                     none                     
77                       1.767e+02                (54)                     1.243e+02                8.526e+01                1.071e+00                (67)                     5.528e+02                (24)                     none                     
78                       4.129e+02                (88)                     8.131e+01                8.492e+01                1.916e+00                (25)                     1.106e+02                (99)                     none                     
79                       2.266e+02                (62)                     1.098e+02                8.222e+01                1.489e+00                (46)                     1.378e+02                (85)                     none                     
80                       3.282e+01                (13)                     2.884e+02                8.038e+01                6.533e-01                (92)                     3.090e+02                (38)                     none                     
81                       3.136e+02                (74)                     9.330e+01                7.730e+01                1.814e+00                (30)                     1.033e+02                (105)                    none                     
82                       4.336e+02                (94)                     7.935e+01                7.562e+01                1.573e+00                (41)                     1.561e+02                (75)                     none                     
83                       8.851e+01                (34)                     1.756e+02                7.526e+01                1.005e+00                (71)                     1.841e+02                (62)                     none                     
84                       9.313e+01                (35)                     1.712e+02                7.494e+01                1.028e+00                (70)                     1.789e+02                (64)                     none                     
85                       1.455e+02                (47)                     1.370e+02                7.162e+01                1.254e+00                (58)                     1.401e+02                (83)                     none                     
86                       1.095e+01                (5)                      4.993e+02                7.090e+01                4.334e-01                (98)                     4.361e+02                (30)                     none                     
87                       2.195e+02                (60)                     1.115e+02                7.067e+01                1.522e+00                (44)                     1.127e+02                (98)                     none                     
88                       1.673e+02                (50)                     1.277e+02                6.996e+01                1.349e+00                (53)                     1.264e+02                (90)                     none                     
89                       2.362e+02                (63)                     1.075e+02                6.911e+01                1.562e+00                (42)                     1.076e+02                (102)                    none                     
90                       1.927e+02                (55)                     1.190e+02                6.208e+01                1.336e+00                (54)                     1.135e+02                (97)                     none                     
91                       1.212e+02                (39)                     1.501e+02                5.905e+01                1.148e+00                (64)                     1.259e+02                (91)                     none                     
92                       1.227e+02                (40)                     1.492e+02                5.905e+01                1.035e+00                (69)                     1.468e+02                (78)                     none                     
93                       1.940e+02                (56)                     1.186e+02                5.736e+01                1.328e+00                (55)                     1.055e+02                (103)                    none                     
94                       4.708e+02                (100)                    7.615e+01                5.485e+01                1.762e+00                (32)                     1.088e+02                (101)                    none                     
95                       1.340e+02                (43)                     1.427e+02                5.328e+01                1.199e+00                (62)                     1.097e+02                (100)                    none                     
96                       4.359e+02                (96)                     7.914e+01                4.465e+01                1.591e+00                (39)                     1.665e+02                (68)                     none                     
97                       6.215e+01                (25)                     2.096e+02                3.211e+01                7.994e-01                (82)                     1.201e+02                (94)                     none                     
98                       2.732e+02                (70)                     9.997e+01                2.969e+01                1.221e+00                (61)                     1.298e+02                (88)                     none                     
99                       7.222e+01                (29)                     1.944e+02                2.933e+01                8.220e-01                (81)                     1.002e+02                (106)                    none                     
100                      4.349e+02                (95)                     7.923e+01                2.876e+01                1.122e+00                (65)                     1.632e+02                (70)                     none                     
101                      2.564e+01                (11)                     3.263e+02                2.854e+01                5.866e-01                (95)                     1.247e+02                (92)                     none                     
102                      1.368e+01                (6)                      4.468e+02                2.852e+01                3.477e-01                (103)                    5.978e+02                (23)                     none                     
103                      1.762e+02                (53)                     1.245e+02                2.727e+01                9.640e-01                (73)                     4.954e+02                (27)                     none                     
104                      8.523e+01                (33)                     1.790e+02                1.892e+01                7.119e-01                (89)                     1.694e+02                (66)                     none                     
105                      2.224e+01                (9)                      3.503e+02                7.093e+00                3.718e-01                (102)                    2.909e+02                (44)                     none                     
106                      7.545e+01                (30)                     1.902e+02                1.190e+00                5.999e-01                (94)                     1.317e+02                (87)                     none                     
