72-Hf-177_n-g   PEAKS: ================================================================================================================================================================
Rank by Integral         Energy (eV)              Rank by Energy           TOF (us)                 Integral                 Peak Width               Rank by Peak Width       Peak Height              Rank by Peak Height      Relevant Isotope         
0                        7.889e+00                (0)                      5.883e+02                3.391e+03                3.988e-01                (16)                     2.273e+04                (0)                      none                     
1                        4.825e+01                (1)                      2.379e+02                2.182e+03                9.425e-01                (13)                     6.115e+03                (1)                      none                     
2                        6.722e+01                (3)                      2.015e+02                9.126e+02                9.137e-01                (14)                     2.478e+03                (2)                      none                     
3                        1.772e+02                (5)                      1.241e+02                6.521e+02                1.493e+00                (11)                     1.085e+03                (4)                      none                     
4                        1.241e+02                (4)                      1.483e+02                5.782e+02                1.196e+00                (12)                     1.181e+03                (3)                      none                     
5                        2.860e+02                (9)                      9.770e+01                4.805e+02                2.187e+00                (5)                      5.711e+02                (7)                      none                     
6                        2.550e+02                (8)                      1.035e+02                4.546e+02                1.749e+00                (8)                      6.399e+02                (6)                      none                     
7                        2.016e+02                (6)                      1.164e+02                3.962e+02                1.500e+00                (10)                     6.429e+02                (5)                      none                     
8                        3.472e+02                (11)                     8.867e+01                3.839e+02                2.122e+00                (6)                      4.510e+02                (8)                      none                     
9                        4.356e+02                (12)                     7.917e+01                3.096e+02                2.341e+00                (4)                      3.287e+02                (11)                     none                     
10                       4.448e+02                (13)                     7.834e+01                3.044e+02                2.360e+00                (3)                      3.200e+02                (12)                     none                     
11                       5.571e+02                (14)                     7.000e+01                2.607e+02                2.926e+00                (2)                      2.293e+02                (14)                     none                     
12                       2.432e+02                (7)                      1.060e+02                2.324e+02                1.595e+00                (9)                      3.499e+02                (9)                      none                     
13                       6.275e+02                (15)                     6.596e+01                2.278e+02                3.641e+00                (0)                      1.680e+02                (16)                     none                     
14                       6.575e+02                (16)                     6.444e+01                2.209e+02                2.979e+00                (1)                      1.867e+02                (15)                     none                     
15                       3.045e+02                (10)                     9.469e+01                1.813e+02                1.780e+00                (7)                      2.447e+02                (13)                     none                     
16                       5.328e+01                (2)                      2.264e+02                1.092e+02                7.843e-01                (15)                     3.434e+02                (10)                     none                     
