72-Hf-179_n-g   PEAKS: ================================================================================================================================================================
Rank by Integral         Energy (eV)              Rank by Energy           TOF (us)                 Integral                 Peak Width               Rank by Peak Width       Peak Height              Rank by Peak Height      Relevant Isotope         
0                        7.787e+00                (0)                      5.921e+02                9.916e+03                4.752e-01                (12)                     5.833e+04                (0)                      none                     
1                        2.748e+02                (4)                      9.967e+01                5.019e+02                2.054e+00                (7)                      6.289e+02                (1)                      none                     
2                        2.552e+02                (3)                      1.034e+02                4.780e+02                1.971e+00                (8)                      6.240e+02                (2)                      none                     
3                        3.821e+02                (6)                      8.453e+01                4.176e+02                2.728e+00                (3)                      4.078e+02                (5)                      none                     
4                        4.465e+02                (7)                      7.820e+01                3.000e+02                2.340e+00                (5)                      3.177e+02                (6)                      none                     
5                        5.775e+02                (10)                     6.876e+01                2.636e+02                2.980e+00                (2)                      2.276e+02                (8)                      none                     
6                        1.647e+02                (2)                      1.287e+02                2.393e+02                1.326e+00                (10)                     4.367e+02                (4)                      none                     
7                        5.023e+02                (8)                      7.372e+01                2.298e+02                2.338e+00                (6)                      2.383e+02                (7)                      none                     
8                        5.273e+02                (9)                      7.196e+01                2.217e+02                2.449e+00                (4)                      2.213e+02                (9)                      none                     
9                        1.049e+02                (1)                      1.613e+02                2.173e+02                1.055e+00                (11)                     4.961e+02                (3)                      none                     
10                       7.193e+02                (11)                     6.161e+01                1.933e+02                4.725e+00                (0)                      1.150e+02                (12)                     none                     
11                       8.660e+02                (12)                     5.615e+01                1.513e+02                3.162e+00                (1)                      1.173e+02                (11)                     none                     
12                       3.515e+02                (5)                      8.813e+01                1.295e+02                1.888e+00                (9)                      1.643e+02                (10)                     none                     
