73-Ta_n-g   PEAKS: ================================================================================================================================================================
Rank by Integral         Energy (eV)              Rank by Energy           TOF (us)                 Integral                 Peak Width               Rank by Peak Width       Peak Height              Rank by Peak Height      Relevant Isotope         
0                        4.280e+00                (0)                      7.987e+02                1.306e+03                2.069e-01                (49)                     2.209e+04                (0)                      []                       
1                        3.913e+01                (9)                      2.641e+02                8.162e+02                3.746e-01                (9)                      7.315e+03                (2)                      []                       
2                        9.932e+01                (21)                     1.658e+02                5.215e+02                5.485e-01                (2)                      3.290e+03                (6)                      []                       
3                        3.590e+01                (8)                      2.758e+02                5.185e+02                2.813e-01                (20)                     6.299e+03                (3)                      []                       
4                        1.034e+01                (1)                      5.138e+02                4.662e+02                1.926e-01                (64)                     8.023e+03                (1)                      []                       
5                        3.516e+01                (7)                      2.787e+02                3.360e+02                2.594e-01                (24)                     4.358e+03                (5)                      []                       
6                        2.390e+01                (5)                      3.380e+02                3.274e+02                2.205e-01                (39)                     5.197e+03                (4)                      []                       
7                        1.750e+02                (33)                     1.249e+02                2.974e+02                5.060e-01                (3)                      2.014e+03                (14)                     []                       
8                        1.055e+02                (23)                     1.608e+02                2.583e+02                2.900e-01                (17)                     3.184e+03                (7)                      []                       
9                        1.151e+02                (24)                     1.540e+02                2.548e+02                3.510e-01                (10)                     2.479e+03                (10)                     []                       
10                       1.265e+02                (26)                     1.469e+02                2.456e+02                3.780e-01                (8)                      2.275e+03                (11)                     []                       
11                       1.760e+02                (34)                     1.245e+02                2.431e+02                3.950e-01                (6)                      2.113e+03                (13)                     []                       
12                       1.948e+02                (37)                     1.184e+02                2.419e+02                6.730e-01                (0)                      1.252e+03                (22)                     []                       
13                       2.633e+02                (53)                     1.018e+02                1.941e+02                4.940e-01                (4)                      1.349e+03                (20)                     []                       
14                       2.323e+02                (47)                     1.084e+02                1.822e+02                3.890e-01                (7)                      1.594e+03                (18)                     []                       
15                       8.294e+01                (16)                     1.814e+02                1.802e+02                2.220e-01                (38)                     2.783e+03                (8)                      []                       
16                       2.000e+02                (38)                     1.168e+02                1.673e+02                3.240e-01                (12)                     1.716e+03                (16)                     []                       
17                       2.739e+02                (56)                     9.984e+01                1.639e+02                6.170e-01                (1)                      9.288e+02                (37)                     []                       
18                       2.150e+02                (41)                     1.127e+02                1.629e+02                4.130e-01                (5)                      1.331e+03                (21)                     []                       
19                       7.685e+01                (13)                     1.885e+02                1.619e+02                2.103e-01                (46)                     2.593e+03                (9)                      []                       
20                       1.365e+02                (27)                     1.414e+02                1.581e+02                2.470e-01                (28)                     2.252e+03                (12)                     []                       
21                       6.312e+01                (12)                     2.080e+02                1.151e+02                2.432e-01                (29)                     1.619e+03                (17)                     []                       
22                       1.395e+01                (2)                      4.424e+02                1.105e+02                1.930e-01                (63)                     1.991e+03                (15)                     []                       
23                       3.294e+02                (67)                     9.104e+01                1.060e+02                3.270e-01                (11)                     1.093e+03                (29)                     []                       
24                       3.133e+02                (65)                     9.335e+01                1.058e+02                3.200e-01                (14)                     1.124e+03                (26)                     []                       
25                       1.383e+02                (28)                     1.405e+02                1.028e+02                2.820e-01                (19)                     1.250e+03                (23)                     []                       
26                       2.253e+02                (45)                     1.101e+02                9.430e+01                2.960e-01                (16)                     1.103e+03                (28)                     []                       
27                       3.062e+02                (63)                     9.443e+01                9.117e+01                3.020e-01                (15)                     1.069e+03                (32)                     []                       
28                       2.803e+02                (58)                     9.869e+01                9.064e+01                3.220e-01                (13)                     9.684e+02                (34)                     []                       
29                       7.764e+01                (14)                     1.875e+02                8.778e+01                2.089e-01                (48)                     1.479e+03                (19)                     []                       
30                       2.877e+02                (59)                     9.741e+01                8.733e+01                2.760e-01                (21)                     1.081e+03                (31)                     []                       
31                       2.772e+02                (57)                     9.924e+01                8.695e+01                2.710e-01                (22)                     1.088e+03                (30)                     []                       
32                       2.166e+02                (42)                     1.123e+02                8.396e+01                2.370e-01                (32)                     1.184e+03                (25)                     []                       
33                       2.305e+02                (46)                     1.088e+02                8.175e+01                2.520e-01                (26)                     1.112e+03                (27)                     []                       
34                       2.030e+01                (3)                      3.667e+02                7.573e+01                2.184e-01                (42)                     1.202e+03                (24)                     []                       
35                       2.197e+02                (43)                     1.115e+02                7.436e+01                2.490e-01                (27)                     9.946e+02                (33)                     []                       
36                       3.117e+02                (64)                     9.359e+01                7.029e+01                2.850e-01                (18)                     8.278e+02                (39)                     []                       
37                       2.904e+02                (60)                     9.696e+01                6.364e+01                2.600e-01                (23)                     8.181e+02                (40)                     []                       
38                       2.084e+02                (40)                     1.145e+02                6.019e+01                2.270e-01                (34)                     8.997e+02                (38)                     []                       
39                       8.510e+01                (17)                     1.791e+02                6.015e+01                2.183e-01                (43)                     9.372e+02                (35)                     []                       
40                       1.664e+02                (32)                     1.281e+02                5.844e+01                2.060e-01                (51)                     9.326e+02                (36)                     []                       
41                       2.647e+02                (54)                     1.016e+02                5.589e+01                2.560e-01                (25)                     7.557e+02                (43)                     []                       
42                       2.718e+02                (55)                     1.002e+02                5.440e+01                2.260e-01                (36)                     8.124e+02                (41)                     []                       
43                       8.960e+01                (18)                     1.746e+02                4.720e+01                2.017e-01                (57)                     7.951e+02                (42)                     []                       
44                       2.427e+02                (49)                     1.061e+02                4.497e+01                2.410e-01                (30)                     6.549e+02                (47)                     []                       
45                       2.591e+02                (52)                     1.026e+02                4.470e+01                2.270e-01                (35)                     6.661e+02                (46)                     []                       
46                       1.497e+02                (31)                     1.350e+02                4.377e+01                2.020e-01                (56)                     7.310e+02                (44)                     []                       
47                       9.700e+01                (20)                     1.678e+02                4.142e+01                2.040e-01                (52)                     6.871e+02                (45)                     []                       
48                       2.911e+02                (61)                     9.684e+01                4.055e+01                2.380e-01                (31)                     6.043e+02                (49)                     []                       
49                       1.483e+02                (30)                     1.357e+02                3.692e+01                2.020e-01                (55)                     6.099e+02                (48)                     []                       
50                       9.144e+01                (19)                     1.728e+02                3.286e+01                2.060e-01                (50)                     5.511e+02                (50)                     []                       
51                       2.472e+02                (50)                     1.051e+02                3.146e+01                2.190e-01                (41)                     4.954e+02                (52)                     []                       
52                       7.895e+01                (15)                     1.860e+02                2.751e+01                1.976e-01                (61)                     4.745e+02                (53)                     []                       
53                       4.915e+01                (10)                     2.357e+02                2.742e+01                1.830e-01                (66)                     5.128e+02                (51)                     []                       
54                       1.183e+02                (25)                     1.519e+02                2.676e+01                2.200e-01                (40)                     4.433e+02                (54)                     []                       
55                       3.228e+02                (66)                     9.197e+01                2.287e+01                2.310e-01                (33)                     3.469e+02                (55)                     []                       
56                       1.442e+02                (29)                     1.376e+02                1.652e+01                2.110e-01                (45)                     2.776e+02                (56)                     []                       
57                       2.047e+02                (39)                     1.155e+02                1.544e+01                1.880e-01                (65)                     2.697e+02                (57)                     []                       
58                       1.035e+02                (22)                     1.624e+02                1.394e+01                2.000e-01                (59)                     2.413e+02                (59)                     []                       
59                       2.223e+02                (44)                     1.108e+02                1.334e+01                2.020e-01                (54)                     2.334e+02                (60)                     []                       
60                       2.270e+01                (4)                      3.468e+02                1.278e+01                1.790e-01                (67)                     2.469e+02                (58)                     []                       
61                       3.040e+02                (62)                     9.477e+01                1.186e+01                2.250e-01                (37)                     1.925e+02                (61)                     []                       
62                       3.000e+01                (6)                      3.017e+02                1.003e+01                2.093e-01                (47)                     1.754e+02                (62)                     []                       
63                       2.373e+02                (48)                     1.073e+02                7.732e+00                1.960e-01                (62)                     1.331e+02                (63)                     []                       
64                       2.484e+02                (51)                     1.048e+02                7.627e+00                2.180e-01                (44)                     1.257e+02                (65)                     []                       
65                       1.786e+02                (35)                     1.236e+02                7.405e+00                2.000e-01                (58)                     1.283e+02                (64)                     []                       
66                       1.828e+02                (36)                     1.222e+02                6.861e+00                2.000e-01                (60)                     1.190e+02                (66)                     []                       
67                       5.754e+01                (11)                     2.178e+02                6.176e+00                2.033e-01                (53)                     1.056e+02                (67)                     []                       
