74-W-186_n-tot   PEAKS: ================================================================================================================================================================
Rank by Integral         Energy (eV)              Rank by Energy           TOF (us)                 Integral                 Peak Width               Rank by Peak Width       Peak Height              Rank by Peak Height      Relevant Isotope         
0                        1.842e+02                (1)                      1.249e+02                1.663e+04                4.102e+00                (65)                     1.220e+04                (0)                      none                     
1                        1.086e+03                (8)                      5.146e+01                8.307e+03                1.138e+01                (21)                     2.205e+03                (3)                      none                     
2                        1.401e+03                (11)                     4.530e+01                6.584e+03                1.177e+01                (16)                     1.677e+03                (5)                      none                     
3                        2.093e+03                (19)                     3.706e+01                6.208e+03                1.641e+01                (10)                     1.148e+03                (9)                      none                     
4                        8.000e+02                (5)                      5.996e+01                5.953e+03                6.552e+00                (53)                     2.665e+03                (1)                      none                     
5                        6.124e+03                (48)                     2.167e+01                5.057e+03                3.736e+01                (0)                      4.092e+02                (23)                     none                     
6                        9.578e+02                (6)                      5.479e+01                4.230e+03                6.041e+00                (56)                     2.008e+03                (4)                      none                     
7                        6.817e+02                (4)                      6.495e+01                3.270e+03                4.001e+00                (66)                     2.242e+03                (2)                      none                     
8                        1.261e+03                (10)                     4.775e+01                3.188e+03                6.140e+00                (54)                     1.445e+03                (6)                      none                     
9                        3.810e+03                (35)                     2.747e+01                3.060e+03                1.540e+01                (11)                     5.836e+02                (17)                     none                     
10                       1.515e+03                (13)                     4.357e+01                2.958e+03                6.790e+00                (50)                     1.218e+03                (8)                      none                     
11                       5.887e+03                (47)                     2.210e+01                2.716e+03                2.074e+01                (8)                      3.877e+02                (24)                     none                     
12                       7.475e+03                (58)                     1.961e+01                2.555e+03                2.443e+01                (2)                      3.094e+02                (34)                     none                     
13                       9.051e+03                (69)                     1.782e+01                2.463e+03                2.730e+01                (1)                      2.643e+02                (40)                     none                     
14                       3.739e+03                (34)                     2.773e+01                2.430e+03                1.281e+01                (14)                     5.481e+02                (18)                     none                     
15                       1.793e+03                (16)                     4.005e+01                2.346e+03                6.820e+00                (49)                     9.493e+02                (11)                     none                     
16                       7.051e+03                (54)                     2.019e+01                2.308e+03                2.130e+01                (5)                      3.182e+02                (33)                     none                     
17                       2.925e+03                (26)                     3.136e+01                2.196e+03                9.690e+00                (31)                     6.388e+02                (14)                     none                     
18                       7.554e+03                (59)                     1.951e+01                2.164e+03                2.126e+01                (6)                      2.947e+02                (36)                     none                     
19                       3.205e+03                (30)                     2.995e+01                2.143e+03                1.024e+01                (28)                     5.884e+02                (16)                     none                     
20                       2.046e+03                (18)                     3.749e+01                1.976e+03                6.880e+00                (48)                     7.820e+02                (13)                     none                     
21                       8.461e+03                (63)                     1.844e+01                1.872e+03                2.117e+01                (7)                      2.570e+02                (42)                     none                     
22                       9.377e+03                (71)                     1.751e+01                1.868e+03                2.297e+01                (3)                      2.355e+02                (48)                     none                     
23                       8.554e+03                (64)                     1.834e+01                1.862e+03                2.142e+01                (4)                      2.530e+02                (44)                     none                     
24                       1.424e+03                (12)                     4.493e+01                1.833e+03                5.120e+00                (61)                     9.541e+02                (10)                     none                     
25                       3.459e+03                (32)                     2.883e+01                1.791e+03                9.780e+00                (30)                     5.105e+02                (21)                     none                     
26                       4.188e+03                (37)                     2.620e+01                1.685e+03                1.099e+01                (22)                     4.286e+02                (22)                     none                     
27                       2.413e+03                (22)                     3.452e+01                1.678e+03                7.160e+00                (45)                     6.331e+02                (15)                     none                     
28                       5.092e+03                (44)                     2.376e+01                1.593e+03                1.234e+01                (15)                     3.612e+02                (27)                     none                     
29                       8.173e+03                (61)                     1.876e+01                1.593e+03                1.875e+01                (9)                      2.475e+02                (46)                     none                     
30                       2.623e+03                (25)                     3.311e+01                1.423e+03                7.010e+00                (46)                     5.406e+02                (19)                     none                     
31                       1.133e+03                (9)                      5.038e+01                1.217e+03                3.830e+00                (68)                     8.027e+02                (12)                     none                     
32                       5.191e+03                (45)                     2.354e+01                1.114e+03                1.030e+01                (27)                     2.919e+02                (37)                     none                     
33                       3.541e+03                (33)                     2.850e+01                1.082e+03                7.690e+00                (42)                     3.684e+02                (26)                     none                     
34                       4.931e+03                (42)                     2.415e+01                1.003e+03                9.560e+00                (32)                     2.811e+02                (38)                     none                     
35                       3.108e+02                (2)                      9.619e+01                9.939e+02                1.863e+00                (71)                     1.315e+03                (7)                      none                     
36                       3.184e+03                (29)                     3.005e+01                9.642e+02                6.950e+00                (47)                     3.548e+02                (28)                     none                     
37                       2.984e+03                (27)                     3.104e+01                9.065e+02                6.670e+00                (51)                     3.545e+02                (29)                     none                     
38                       4.805e+03                (41)                     2.446e+01                8.864e+02                9.010e+00                (37)                     2.608e+02                (41)                     none                     
39                       2.541e+03                (24)                     3.364e+01                8.757e+02                5.860e+00                (58)                     3.814e+02                (25)                     none                     
40                       9.289e+03                (70)                     1.759e+01                8.666e+02                1.421e+01                (13)                     1.667e+02                (54)                     none                     
41                       9.849e+03                (72)                     1.709e+01                8.506e+02                1.478e+01                (12)                     1.584e+02                (56)                     none                     
42                       7.307e+03                (56)                     1.984e+01                8.340e+02                1.177e+01                (17)                     1.901e+02                (50)                     none                     
43                       4.252e+03                (38)                     2.601e+01                8.122e+02                8.050e+00                (40)                     2.654e+02                (39)                     none                     
44                       7.782e+03                (60)                     1.922e+01                7.197e+02                1.152e+01                (20)                     1.673e+02                (53)                     none                     
45                       7.126e+03                (55)                     2.009e+01                7.107e+02                1.094e+01                (23)                     1.742e+02                (52)                     none                     
46                       2.253e+03                (21)                     3.572e+01                6.754e+02                5.240e+00                (60)                     3.278e+02                (32)                     none                     
47                       2.460e+03                (23)                     3.419e+01                6.496e+02                5.320e+00                (59)                     3.056e+02                (35)                     none                     
48                       6.793e+03                (52)                     2.057e+01                6.207e+02                9.940e+00                (29)                     1.624e+02                (55)                     none                     
49                       8.895e+03                (67)                     1.798e+01                5.981e+02                1.171e+01                (18)                     1.345e+02                (61)                     none                     
50                       8.989e+03                (68)                     1.789e+01                5.742e+02                1.168e+01                (19)                     1.302e+02                (62)                     none                     
51                       1.655e+03                (15)                     4.168e+01                5.687e+02                4.200e+00                (64)                     3.335e+02                (30)                     none                     
52                       6.234e+03                (49)                     2.148e+01                5.110e+02                9.270e+00                (34)                     1.488e+02                (57)                     none                     
53                       3.135e+03                (28)                     3.029e+01                4.941e+02                5.890e+00                (57)                     2.068e+02                (49)                     none                     
54                       2.212e+03                (20)                     3.606e+01                4.867e+02                4.880e+00                (62)                     2.501e+02                (45)                     none                     
55                       8.317e+03                (62)                     1.859e+01                4.748e+02                1.055e+01                (25)                     1.183e+02                (66)                     none                     
56                       6.479e+03                (50)                     2.107e+01                4.619e+02                9.070e+00                (36)                     1.355e+02                (59)                     none                     
57                       8.606e+03                (65)                     1.828e+01                4.508e+02                1.093e+01                (24)                     1.139e+02                (68)                     none                     
58                       4.233e+02                (3)                      8.242e+01                4.424e+02                2.108e+00                (70)                     5.138e+02                (20)                     none                     
59                       1.921e+03                (17)                     3.869e+01                4.313e+02                4.540e+00                (63)                     2.358e+02                (47)                     none                     
60                       8.748e+03                (66)                     1.813e+01                4.250e+02                1.050e+01                (26)                     1.073e+02                (70)                     none                     
61                       3.234e+03                (31)                     2.982e+01                4.165e+02                6.110e+00                (55)                     1.808e+02                (51)                     none                     
62                       5.808e+03                (46)                     2.225e+01                4.047e+02                8.380e+00                (39)                     1.213e+02                (65)                     none                     
63                       7.338e+03                (57)                     1.980e+01                3.995e+02                9.540e+00                (33)                     1.093e+02                (69)                     none                     
64                       4.549e+03                (39)                     2.514e+01                3.850e+02                7.300e+00                (43)                     1.358e+02                (58)                     none                     
65                       5.057e+03                (43)                     2.385e+01                3.743e+02                7.730e+00                (41)                     1.224e+02                (64)                     none                     
66                       6.966e+03                (53)                     2.032e+01                3.688e+02                9.220e+00                (35)                     1.024e+02                (72)                     none                     
67                       6.552e+03                (51)                     2.095e+01                3.468e+02                8.720e+00                (38)                     1.039e+02                (71)                     none                     
68                       4.010e+03                (36)                     2.678e+01                3.460e+02                6.630e+00                (52)                     1.347e+02                (60)                     none                     
69                       4.618e+03                (40)                     2.495e+01                3.451e+02                7.260e+00                (44)                     1.229e+02                (63)                     none                     
70                       9.990e+02                (7)                      5.365e+01                3.237e+02                3.082e+00                (69)                     2.530e+02                (43)                     none                     
71                       1.554e+03                (14)                     4.302e+01                1.646e+02                3.970e+00                (67)                     1.165e+02                (67)                     none                     
72                       1.020e+02                (0)                      1.679e+02                1.377e+02                1.000e+00                (72)                     3.329e+02                (31)                     none                     
