74-W-184_n-g   PEAKS: ================================================================================================================================================================
Rank by Integral         Energy (eV)              Rank by Energy           TOF (us)                 Integral                 Peak Width               Rank by Peak Width       Peak Height              Rank by Peak Height      Relevant Isotope         
0                        4.626e+01                (3)                      2.429e+02                2.639e+03                1.095e+00                (37)                     6.691e+03                (1)                      none                     
1                        2.705e+01                (1)                      3.177e+02                2.207e+03                6.691e-01                (68)                     8.627e+03                (0)                      none                     
2                        1.011e+02                (6)                      1.643e+02                1.137e+03                1.275e+00                (32)                     2.321e+03                (3)                      none                     
3                        4.789e+01                (4)                      2.388e+02                7.250e+02                9.857e-01                (44)                     2.050e+03                (4)                      none                     
4                        1.570e+02                (11)                     1.319e+02                5.527e+02                1.381e+00                (30)                     1.000e+03                (5)                      none                     
5                        1.740e+02                (12)                     1.253e+02                5.098e+02                1.459e+00                (27)                     8.699e+02                (6)                      none                     
6                        7.640e+00                (0)                      5.978e+02                4.813e+02                3.995e-01                (147)                    3.249e+03                (2)                      none                     
7                        2.798e+02                (17)                     9.878e+01                4.622e+02                1.987e+00                (17)                     5.934e+02                (7)                      none                     
8                        3.477e+02                (20)                     8.861e+01                4.107e+02                2.196e+00                (9)                      4.770e+02                (11)                     none                     
9                        2.588e+02                (16)                     1.027e+02                3.912e+02                1.758e+00                (21)                     5.521e+02                (9)                      none                     
10                       3.220e+02                (19)                     9.208e+01                3.617e+02                1.971e+00                (18)                     4.559e+02                (14)                     none                     
11                       1.922e+02                (13)                     1.192e+02                3.407e+02                1.503e+00                (25)                     5.612e+02                (8)                      none                     
12                       3.778e+02                (22)                     8.501e+01                2.878e+02                2.059e+00                (13)                     3.418e+02                (24)                     none                     
13                       1.546e+02                (10)                     1.329e+02                2.576e+02                2.147e+00                (10)                     3.411e+02                (25)                     none                     
14                       1.443e+02                (9)                      1.375e+02                2.455e+02                1.427e+00                (28)                     4.396e+02                (17)                     none                     
15                       3.606e+02                (21)                     8.701e+01                2.228e+02                2.006e+00                (15)                     2.726e+02                (40)                     none                     
16                       6.471e+02                (30)                     6.495e+01                2.197e+02                2.777e+00                (2)                      1.962e+02                (81)                     none                     
17                       7.526e+02                (32)                     6.023e+01                2.185e+02                3.038e+00                (0)                      1.792e+02                (95)                     none                     
18                       6.032e+02                (29)                     6.727e+01                1.981e+02                2.575e+00                (5)                      1.879e+02                (83)                     none                     
19                       2.964e+02                (18)                     9.597e+01                1.961e+02                1.796e+00                (20)                     2.660e+02                (44)                     none                     
20                       4.296e+02                (25)                     7.972e+01                1.825e+02                2.115e+00                (12)                     2.085e+02                (71)                     none                     
21                       5.511e+02                (26)                     7.038e+01                1.822e+02                2.432e+00                (7)                      1.823e+02                (89)                     none                     
22                       3.910e+02                (23)                     8.356e+01                1.676e+02                2.041e+00                (14)                     1.995e+02                (77)                     none                     
23                       4.180e+02                (24)                     8.082e+01                1.603e+02                2.123e+00                (11)                     1.842e+02                (88)                     none                     
24                       5.881e+02                (28)                     6.813e+01                1.258e+02                2.491e+00                (6)                      1.227e+02                (151)                    none                     
25                       6.763e+02                (31)                     6.354e+01                1.240e+02                2.631e+00                (3)                      1.135e+02                (165)                    none                     
26                       4.071e+01                (2)                      2.590e+02                1.210e+02                7.029e-01                (65)                     4.333e+02                (18)                     none                     
27                       8.082e+02                (33)                     5.812e+01                1.195e+02                2.877e+00                (1)                      1.001e+02                (191)                    none                     
28                       1.142e+03                (47)                     4.890e+01                1.185e+02                1.990e+00                (16)                     1.843e+02                (87)                     none                     
29                       2.403e+02                (15)                     1.066e+02                1.133e+02                1.607e+00                (22)                     1.719e+02                (102)                    none                     
30                       5.681e+02                (27)                     6.932e+01                1.090e+02                2.416e+00                (8)                      1.095e+02                (172)                    none                     
31                       9.611e+02                (36)                     5.330e+01                1.083e+02                7.770e-01                (52)                     4.401e+02                (16)                     none                     
32                       8.700e+02                (34)                     5.602e+01                1.062e+02                2.612e+00                (4)                      1.100e+02                (170)                    none                     
33                       1.084e+03                (44)                     5.018e+01                1.049e+02                1.570e+00                (24)                     2.070e+02                (73)                     none                     
34                       1.241e+03                (52)                     4.690e+01                1.040e+02                1.420e+00                (29)                     2.181e+02                (64)                     none                     
35                       1.000e+03                (38)                     5.225e+01                9.309e+01                6.200e-01                (79)                     4.605e+02                (13)                     none                     
36                       1.011e+03                (40)                     5.197e+01                9.176e+01                8.000e-01                (48)                     3.402e+02                (26)                     none                     
37                       1.314e+03                (55)                     4.559e+01                7.253e+01                7.400e-01                (60)                     3.089e+02                (29)                     none                     
38                       6.538e+01                (5)                      2.043e+02                7.050e+01                8.844e-01                (46)                     1.981e+02                (78)                     none                     
39                       1.513e+03                (68)                     4.248e+01                7.038e+01                9.500e-01                (45)                     2.266e+02                (59)                     none                     
40                       1.380e+02                (8)                      1.406e+02                7.032e+01                1.235e+00                (33)                     1.398e+02                (129)                    none                     
41                       1.039e+02                (7)                      1.621e+02                6.899e+01                1.085e+00                (38)                     1.633e+02                (110)                    none                     
42                       1.370e+03                (59)                     4.463e+01                6.799e+01                7.100e-01                (64)                     2.900e+02                (32)                     none                     
43                       2.353e+02                (14)                     1.077e+02                6.713e+01                1.599e+00                (23)                     1.026e+02                (183)                    none                     
44                       1.007e+03                (39)                     5.206e+01                6.661e+01                4.400e-01                (124)                    4.738e+02                (12)                     none                     
45                       1.858e+03                (89)                     3.833e+01                6.605e+01                1.930e+00                (19)                     1.077e+02                (175)                    none                     
46                       9.511e+02                (35)                     5.358e+01                6.493e+01                4.090e-01                (140)                    4.959e+02                (10)                     none                     
47                       1.837e+03                (87)                     3.856e+01                6.157e+01                1.490e+00                (26)                     1.303e+02                (142)                    none                     
48                       1.664e+03                (76)                     4.050e+01                5.980e+01                1.070e+00                (39)                     1.700e+02                (103)                    none                     
49                       1.063e+03                (42)                     5.069e+01                5.856e+01                4.000e-01                (144)                    4.468e+02                (15)                     none                     
50                       1.867e+03                (90)                     3.824e+01                5.840e+01                1.010e+00                (41)                     1.797e+02                (93)                     none                     
51                       1.400e+03                (62)                     4.417e+01                5.730e+01                5.000e-01                (106)                    3.518e+02                (23)                     none                     
52                       1.115e+03                (45)                     4.949e+01                5.725e+01                4.300e-01                (131)                    4.200e+02                (19)                     none                     
53                       2.066e+03                (98)                     3.635e+01                5.680e+01                1.310e+00                (31)                     1.341e+02                (134)                    none                     
54                       1.712e+03                (79)                     3.994e+01                5.541e+01                7.900e-01                (49)                     2.155e+02                (68)                     none                     
55                       1.995e+03                (95)                     3.699e+01                5.450e+01                1.160e+00                (36)                     1.518e+02                (115)                    none                     
56                       1.955e+03                (94)                     3.737e+01                5.427e+01                7.400e-01                (59)                     2.257e+02                (60)                     none                     
57                       2.159e+03                (104)                    3.556e+01                5.399e+01                1.220e+00                (34)                     1.335e+02                (136)                    none                     
58                       1.151e+03                (48)                     4.870e+01                5.237e+01                4.000e-01                (143)                    4.160e+02                (20)                     none                     
59                       2.000e+03                (96)                     3.695e+01                5.221e+01                7.700e-01                (53)                     2.172e+02                (65)                     none                     
60                       1.908e+03                (91)                     3.783e+01                5.082e+01                6.200e-01                (78)                     2.485e+02                (53)                     none                     
61                       1.395e+03                (61)                     4.423e+01                5.011e+01                4.600e-01                (119)                    3.388e+02                (27)                     none                     
62                       1.711e+03                (78)                     3.995e+01                4.894e+01                6.000e-01                (84)                     2.577e+02                (47)                     none                     
63                       1.274e+03                (53)                     4.630e+01                4.859e+01                4.100e-01                (136)                    3.671e+02                (22)                     none                     
64                       2.168e+03                (105)                    3.548e+01                4.814e+01                1.180e+00                (35)                     1.259e+02                (148)                    none                     
65                       2.282e+03                (109)                    3.459e+01                4.687e+01                7.200e-01                (63)                     2.070e+02                (72)                     none                     
66                       1.738e+03                (80)                     3.963e+01                4.584e+01                5.100e-01                (103)                    2.780e+02                (36)                     none                     
67                       2.350e+03                (111)                    3.408e+01                4.572e+01                7.800e-01                (51)                     1.852e+02                (85)                     none                     
68                       1.755e+03                (81)                     3.945e+01                4.460e+01                4.900e-01                (108)                    2.798e+02                (35)                     none                     
69                       2.238e+03                (108)                    3.493e+01                4.362e+01                7.600e-01                (55)                     1.721e+02                (101)                    none                     
70                       1.924e+03                (92)                     3.767e+01                4.236e+01                5.500e-01                (92)                     2.393e+02                (55)                     none                     
71                       1.766e+03                (82)                     3.932e+01                4.179e+01                4.700e-01                (116)                    2.733e+02                (38)                     none                     
72                       2.590e+03                (122)                    3.247e+01                4.033e+01                7.600e-01                (56)                     1.637e+02                (108)                    none                     
73                       1.195e+03                (51)                     4.780e+01                4.030e+01                3.800e-01                (152)                    3.326e+02                (28)                     none                     
74                       2.773e+03                (127)                    3.138e+01                3.956e+01                1.060e+00                (40)                     1.124e+02                (167)                    none                     
75                       1.806e+03                (84)                     3.888e+01                3.891e+01                4.500e-01                (120)                    2.680e+02                (41)                     none                     
76                       3.006e+03                (138)                    3.014e+01                3.848e+01                4.300e-01                (132)                    2.729e+02                (39)                     none                     
77                       1.950e+03                (93)                     3.741e+01                3.777e+01                4.700e-01                (115)                    2.517e+02                (49)                     none                     
78                       2.098e+03                (100)                    3.607e+01                3.755e+01                5.300e-01                (98)                     2.210e+02                (62)                     none                     
79                       1.461e+03                (66)                     4.322e+01                3.730e+01                3.900e-01                (149)                    2.997e+02                (31)                     none                     
80                       2.574e+03                (121)                    3.257e+01                3.675e+01                6.300e-01                (75)                     1.747e+02                (97)                     none                     
81                       1.384e+03                (60)                     4.441e+01                3.608e+01                3.800e-01                (153)                    3.032e+02                (30)                     none                     
82                       2.740e+03                (126)                    3.157e+01                3.563e+01                7.400e-01                (58)                     1.454e+02                (125)                    none                     
83                       3.108e+03                (142)                    2.964e+01                3.546e+01                7.800e-01                (50)                     1.439e+02                (126)                    none                     
84                       1.568e+03                (71)                     4.173e+01                3.539e+01                4.000e-01                (145)                    2.820e+02                (33)                     none                     
85                       2.146e+03                (103)                    3.567e+01                3.515e+01                5.000e-01                (105)                    2.153e+02                (69)                     none                     
86                       1.785e+03                (83)                     3.911e+01                3.469e+01                4.200e-01                (135)                    2.622e+02                (45)                     none                     
87                       2.292e+03                (110)                    3.451e+01                3.447e+01                5.200e-01                (100)                    2.017e+02                (76)                     none                     
88                       2.968e+03                (136)                    3.033e+01                3.432e+01                9.900e-01                (43)                     1.038e+02                (180)                    none                     
89                       2.916e+03                (134)                    3.060e+01                3.402e+01                8.200e-01                (47)                     1.269e+02                (145)                    none                     
90                       2.548e+03                (120)                    3.273e+01                3.399e+01                5.600e-01                (89)                     1.885e+02                (82)                     none                     
91                       2.017e+03                (97)                     3.679e+01                3.335e+01                4.300e-01                (130)                    2.387e+02                (56)                     none                     
92                       2.852e+03                (131)                    3.094e+01                3.316e+01                6.100e-01                (83)                     1.639e+02                (107)                    none                     
93                       3.597e+03                (162)                    2.755e+01                3.260e+01                9.900e-01                (42)                     1.019e+02                (184)                    none                     
94                       3.318e+03                (149)                    2.868e+01                3.255e+01                7.600e-01                (54)                     1.320e+02                (137)                    none                     
95                       2.123e+03                (102)                    3.586e+01                3.245e+01                4.400e-01                (127)                    2.256e+02                (61)                     none                     
96                       2.084e+03                (99)                     3.619e+01                3.232e+01                4.300e-01                (129)                    2.349e+02                (58)                     none                     
97                       1.588e+03                (73)                     4.146e+01                3.224e+01                3.500e-01                (157)                    2.814e+02                (34)                     none                     
98                       1.129e+03                (46)                     4.918e+01                3.183e+01                2.500e-01                (189)                    4.123e+02                (21)                     none                     
99                       3.148e+03                (143)                    2.945e+01                3.153e+01                7.500e-01                (57)                     1.263e+02                (146)                    none                     
100                      2.661e+03                (124)                    3.203e+01                3.143e+01                5.500e-01                (91)                     1.805e+02                (91)                     none                     
101                      4.651e+03                (188)                    2.423e+01                3.092e+01                7.400e-01                (61)                     1.303e+02                (141)                    none                     
102                      2.441e+03                (116)                    3.345e+01                3.070e+01                5.100e-01                (104)                    1.848e+02                (86)                     none                     
103                      1.585e+03                (72)                     4.150e+01                2.981e+01                3.500e-01                (158)                    2.665e+02                (43)                     none                     
104                      3.781e+03                (166)                    2.687e+01                2.959e+01                4.400e-01                (128)                    2.163e+02                (66)                     none                     
105                      1.693e+03                (77)                     4.015e+01                2.874e+01                3.500e-01                (159)                    2.579e+02                (46)                     none                     
106                      2.489e+03                (117)                    3.312e+01                2.862e+01                4.500e-01                (121)                    1.981e+02                (79)                     none                     
107                      3.303e+03                (148)                    2.875e+01                2.830e+01                6.000e-01                (85)                     1.428e+02                (128)                    none                     
108                      3.513e+03                (158)                    2.788e+01                2.829e+01                7.200e-01                (62)                     1.154e+02                (159)                    none                     
109                      1.332e+03                (57)                     4.528e+01                2.798e+01                3.200e-01                (167)                    2.771e+02                (37)                     none                     
110                      3.215e+03                (145)                    2.914e+01                2.792e+01                6.600e-01                (69)                     1.284e+02                (143)                    none                     
111                      3.063e+03                (139)                    2.985e+01                2.739e+01                5.500e-01                (93)                     1.546e+02                (113)                    none                     
112                      3.399e+03                (152)                    2.834e+01                2.735e+01                6.200e-01                (80)                     1.359e+02                (132)                    none                     
113                      3.382e+03                (151)                    2.841e+01                2.705e+01                6.500e-01                (70)                     1.260e+02                (147)                    none                     
114                      2.512e+03                (119)                    3.297e+01                2.679e+01                4.200e-01                (134)                    1.964e+02                (80)                     none                     
115                      1.177e+03                (50)                     4.817e+01                2.650e+01                6.500e-01                (71)                     1.249e+02                (150)                    none                     
116                      1.446e+03                (64)                     4.345e+01                2.642e+01                3.300e-01                (164)                    2.506e+02                (50)                     none                     
117                      4.748e+03                (189)                    2.398e+01                2.640e+01                4.700e-01                (114)                    1.679e+02                (105)                    none                     
118                      3.684e+03                (164)                    2.722e+01                2.639e+01                7.000e-01                (66)                     1.153e+02                (161)                    none                     
119                      2.992e+03                (137)                    3.020e+01                2.625e+01                3.500e-01                (160)                    2.396e+02                (54)                     none                     
120                      3.269e+03                (147)                    2.890e+01                2.620e+01                5.400e-01                (94)                     1.504e+02                (117)                    none                     
121                      2.834e+03                (130)                    3.104e+01                2.612e+01                4.700e-01                (112)                    1.736e+02                (100)                    none                     
122                      3.527e+03                (159)                    2.782e+01                2.594e+01                6.200e-01                (81)                     1.317e+02                (138)                    none                     
123                      3.346e+03                (150)                    2.856e+01                2.591e+01                5.400e-01                (95)                     1.472e+02                (123)                    none                     
124                      2.196e+03                (106)                    3.526e+01                2.576e+01                3.700e-01                (154)                    2.163e+02                (67)                     none                     
125                      3.182e+03                (144)                    2.929e+01                2.575e+01                5.300e-01                (99)                     1.498e+02                (118)                    none                     
126                      2.722e+03                (125)                    3.167e+01                2.556e+01                4.400e-01                (126)                    1.796e+02                (94)                     none                     
127                      4.907e+03                (192)                    2.359e+01                2.526e+01                4.600e-01                (118)                    1.670e+02                (106)                    none                     
128                      1.166e+03                (49)                     4.838e+01                2.524e+01                3.000e-01                (173)                    2.673e+02                (42)                     none                     
129                      3.420e+03                (153)                    2.825e+01                2.421e+01                5.400e-01                (96)                     1.353e+02                (133)                    none                     
130                      2.882e+03                (133)                    3.078e+01                2.411e+01                3.000e-01                (174)                    2.492e+02                (52)                     none                     
131                      3.873e+03                (169)                    2.655e+01                2.394e+01                6.500e-01                (72)                     1.149e+02                (163)                    none                     
132                      1.059e+03                (41)                     5.076e+01                2.380e+01                4.800e-01                (110)                    1.528e+02                (114)                    none                     
133                      2.786e+03                (128)                    3.130e+01                2.360e+01                4.200e-01                (133)                    1.757e+02                (96)                     none                     
134                      2.811e+03                (129)                    3.116e+01                2.333e+01                4.100e-01                (138)                    1.742e+02                (98)                     none                     
135                      2.950e+03                (135)                    3.042e+01                2.307e+01                6.400e-01                (74)                     1.084e+02                (173)                    none                     
136                      1.072e+03                (43)                     5.047e+01                2.307e+01                2.800e-01                (185)                    2.566e+02                (48)                     none                     
137                      1.482e+03                (67)                     4.291e+01                2.292e+01                3.100e-01                (171)                    2.360e+02                (57)                     none                     
138                      3.757e+03                (165)                    2.696e+01                2.238e+01                5.600e-01                (88)                     1.253e+02                (149)                    none                     
139                      2.869e+03                (132)                    3.085e+01                2.202e+01                4.100e-01                (137)                    1.688e+02                (104)                    none                     
140                      1.533e+03                (69)                     4.220e+01                2.198e+01                6.800e-01                (67)                     1.014e+02                (187)                    none                     
141                      4.119e+03                (176)                    2.575e+01                2.196e+01                6.300e-01                (76)                     1.060e+02                (177)                    none                     
142                      2.225e+03                (107)                    3.503e+01                2.192e+01                3.900e-01                (148)                    1.800e+02                (92)                     none                     
143                      3.991e+03                (171)                    2.615e+01                2.191e+01                5.800e-01                (87)                     1.137e+02                (164)                    none                     
144                      3.446e+03                (154)                    2.815e+01                2.178e+01                4.900e-01                (109)                    1.428e+02                (127)                    none                     
145                      9.838e+02                (37)                     5.268e+01                2.177e+01                2.700e-01                (187)                    2.503e+02                (51)                     none                     
146                      4.250e+03                (180)                    2.535e+01                2.148e+01                6.400e-01                (73)                     1.036e+02                (182)                    none                     
147                      1.630e+03                (74)                     4.092e+01                2.144e+01                3.100e-01                (172)                    2.209e+02                (63)                     none                     
148                      4.092e+03                (175)                    2.583e+01                2.144e+01                6.200e-01                (77)                     1.018e+02                (185)                    none                     
149                      4.376e+03                (183)                    2.498e+01                2.069e+01                6.100e-01                (82)                     1.039e+02                (178)                    none                     
150                      1.636e+03                (75)                     4.085e+01                2.057e+01                3.200e-01                (166)                    2.059e+02                (74)                     none                     
151                      3.570e+03                (161)                    2.765e+01                2.057e+01                4.600e-01                (117)                    1.371e+02                (131)                    none                     
152                      3.848e+03                (168)                    2.664e+01                2.001e+01                4.900e-01                (107)                    1.280e+02                (144)                    none                     
153                      4.440e+03                (184)                    2.480e+01                1.968e+01                5.900e-01                (86)                     1.038e+02                (179)                    none                     
154                      4.213e+03                (179)                    2.546e+01                1.930e+01                5.400e-01                (97)                     1.127e+02                (166)                    none                     
155                      4.158e+03                (177)                    2.562e+01                1.927e+01                5.100e-01                (102)                    1.179e+02                (156)                    none                     
156                      1.289e+03                (54)                     4.602e+01                1.918e+01                2.900e-01                (179)                    2.088e+02                (70)                     none                     
157                      3.634e+03                (163)                    2.741e+01                1.909e+01                4.400e-01                (125)                    1.338e+02                (135)                    none                     
158                      3.247e+03                (146)                    2.900e+01                1.899e+01                4.000e-01                (142)                    1.490e+02                (119)                    none                     
159                      2.366e+03                (112)                    3.397e+01                1.883e+01                3.200e-01                (168)                    1.820e+02                (90)                     none                     
160                      2.402e+03                (113)                    3.372e+01                1.861e+01                3.400e-01                (161)                    1.738e+02                (99)                     none                     
161                      1.452e+03                (65)                     4.336e+01                1.860e+01                5.600e-01                (90)                     1.001e+02                (192)                    none                     
162                      1.827e+03                (86)                     3.866e+01                1.805e+01                3.000e-01                (177)                    1.878e+02                (84)                     none                     
163                      4.198e+03                (178)                    2.550e+01                1.792e+01                4.700e-01                (113)                    1.167e+02                (157)                    none                     
164                      4.827e+03                (191)                    2.378e+01                1.773e+01                3.500e-01                (156)                    1.572e+02                (112)                    none                     
165                      3.501e+03                (157)                    2.793e+01                1.765e+01                4.000e-01                (141)                    1.381e+02                (130)                    none                     
166                      4.035e+03                (173)                    2.601e+01                1.710e+01                4.400e-01                (123)                    1.217e+02                (153)                    none                     
167                      3.095e+03                (141)                    2.970e+01                1.694e+01                3.600e-01                (155)                    1.472e+02                (122)                    none                     
168                      4.557e+03                (187)                    2.448e+01                1.660e+01                5.100e-01                (101)                    1.002e+02                (189)                    none                     
169                      3.077e+03                (140)                    2.979e+01                1.612e+01                3.400e-01                (162)                    1.459e+02                (124)                    none                     
170                      4.767e+03                (190)                    2.393e+01                1.599e+01                4.800e-01                (111)                    1.012e+02                (188)                    none                     
171                      3.936e+03                (170)                    2.634e+01                1.571e+01                4.100e-01                (139)                    1.218e+02                (152)                    none                     
172                      4.076e+03                (174)                    2.588e+01                1.545e+01                3.800e-01                (151)                    1.206e+02                (155)                    none                     
173                      1.847e+03                (88)                     3.844e+01                1.543e+01                2.400e-01                (192)                    2.055e+02                (75)                     none                     
174                      4.274e+03                (181)                    2.528e+01                1.530e+01                4.000e-01                (146)                    1.150e+02                (162)                    none                     
175                      4.549e+03                (186)                    2.450e+01                1.487e+01                4.400e-01                (122)                    1.077e+02                (174)                    none                     
176                      1.811e+03                (85)                     3.883e+01                1.486e+01                2.900e-01                (182)                    1.612e+02                (111)                    none                     
177                      2.414e+03                (115)                    3.363e+01                1.447e+01                2.900e-01                (180)                    1.517e+02                (116)                    none                     
178                      1.327e+03                (56)                     4.536e+01                1.405e+01                2.800e-01                (183)                    1.633e+02                (109)                    none                     
179                      2.116e+03                (101)                    3.592e+01                1.403e+01                3.000e-01                (175)                    1.477e+02                (120)                    none                     
180                      2.404e+03                (114)                    3.370e+01                1.296e+01                2.800e-01                (184)                    1.473e+02                (121)                    none                     
181                      2.504e+03                (118)                    3.302e+01                1.238e+01                3.000e-01                (176)                    1.315e+02                (139)                    none                     
182                      4.350e+03                (182)                    2.505e+01                1.226e+01                3.800e-01                (150)                    1.037e+02                (181)                    none                     
183                      1.356e+03                (58)                     4.487e+01                1.160e+01                3.400e-01                (163)                    1.066e+02                (176)                    none                     
184                      3.477e+03                (156)                    2.802e+01                1.156e+01                3.000e-01                (178)                    1.164e+02                (158)                    none                     
185                      4.000e+03                (172)                    2.613e+01                1.156e+01                3.300e-01                (165)                    1.096e+02                (171)                    none                     
186                      3.538e+03                (160)                    2.778e+01                1.147e+01                3.200e-01                (169)                    1.118e+02                (169)                    none                     
187                      1.559e+03                (70)                     4.184e+01                1.113e+01                2.700e-01                (188)                    1.310e+02                (140)                    none                     
188                      3.459e+03                (155)                    2.810e+01                1.068e+01                2.900e-01                (181)                    1.154e+02                (160)                    none                     
189                      3.824e+03                (167)                    2.672e+01                9.921e+00                3.100e-01                (170)                    1.002e+02                (190)                    none                     
190                      1.444e+03                (63)                     4.349e+01                9.863e+00                2.500e-01                (190)                    1.217e+02                (154)                    none                     
191                      4.474e+03                (185)                    2.470e+01                8.817e+00                2.700e-01                (186)                    1.017e+02                (186)                    none                     
192                      2.646e+03                (123)                    3.212e+01                8.805e+00                2.400e-01                (191)                    1.122e+02                (168)                    none                     
