74-W-183_n-g   PEAKS: ================================================================================================================================================================
Rank by Integral         Energy (eV)              Rank by Energy           TOF (us)                 Integral                 Peak Width               Rank by Peak Width       Peak Height              Rank by Peak Height      Relevant Isotope         
0                        2.106e+01                (1)                      3.601e+02                3.551e+03                6.065e-01                (20)                     1.540e+04                (0)                      none                     
1                        4.150e+00                (0)                      8.111e+02                1.132e+03                2.730e-01                (41)                     1.094e+04                (1)                      none                     
2                        1.145e+02                (2)                      1.544e+02                1.092e+03                1.582e+00                (9)                      1.874e+03                (2)                      none                     
3                        2.487e+02                (3)                      1.048e+02                5.134e+02                3.645e+00                (0)                      4.148e+02                (5)                      none                     
4                        3.766e+02                (4)                      8.515e+01                3.224e+02                2.087e+00                (7)                      3.809e+02                (7)                      none                     
5                        4.847e+02                (6)                      7.505e+01                2.867e+02                2.898e+00                (2)                      2.603e+02                (12)                     none                     
6                        4.289e+02                (5)                      7.978e+01                2.824e+02                2.418e+00                (6)                      2.955e+02                (11)                     none                     
7                        5.786e+02                (7)                      6.869e+01                2.168e+02                2.814e+00                (3)                      1.956e+02                (16)                     none                     
8                        9.192e+02                (10)                     5.450e+01                1.958e+02                3.551e+00                (1)                      1.402e+02                (35)                     none                     
9                        6.556e+02                (8)                      6.453e+01                1.769e+02                2.677e+00                (5)                      1.610e+02                (25)                     none                     
10                       7.598e+02                (9)                      5.994e+01                1.298e+02                2.762e+00                (4)                      1.128e+02                (46)                     none                     
11                       1.008e+03                (11)                     5.203e+01                9.785e+01                1.250e+00                (12)                     2.339e+02                (13)                     none                     
12                       1.162e+03                (12)                     4.846e+01                9.030e+01                1.570e+00                (11)                     1.820e+02                (20)                     none                     
13                       1.503e+03                (17)                     4.262e+01                7.098e+01                1.580e+00                (10)                     1.437e+02                (33)                     none                     
14                       1.515e+03                (18)                     4.245e+01                6.279e+01                1.040e+00                (13)                     1.838e+02                (19)                     none                     
15                       1.409e+03                (16)                     4.402e+01                5.620e+01                5.300e-01                (22)                     3.341e+02                (9)                      none                     
16                       1.288e+03                (14)                     4.605e+01                5.570e+01                4.100e-01                (25)                     4.170e+02                (4)                      none                     
17                       2.329e+03                (25)                     3.423e+01                5.400e+01                1.690e+00                (8)                      1.050e+02                (50)                     none                     
18                       1.794e+03                (21)                     3.901e+01                5.007e+01                8.600e-01                (15)                     1.793e+02                (21)                     none                     
19                       1.582e+03                (19)                     4.154e+01                4.799e+01                4.000e-01                (26)                     3.738e+02                (8)                      none                     
20                       2.413e+03                (26)                     3.364e+01                4.371e+01                7.200e-01                (17)                     1.902e+02                (18)                     none                     
21                       1.648e+03                (20)                     4.071e+01                4.189e+01                3.400e-01                (31)                     3.871e+02                (6)                      none                     
22                       2.531e+03                (27)                     3.284e+01                4.150e+01                8.200e-01                (16)                     1.573e+02                (28)                     none                     
23                       2.104e+03                (23)                     3.602e+01                3.880e+01                7.100e-01                (18)                     1.609e+02                (26)                     none                     
24                       2.608e+03                (28)                     3.235e+01                3.609e+01                6.300e-01                (19)                     1.692e+02                (24)                     none                     
25                       1.276e+03                (13)                     4.625e+01                3.493e+01                2.300e-01                (48)                     4.831e+02                (3)                      none                     
26                       3.204e+03                (32)                     2.919e+01                3.220e+01                8.700e-01                (14)                     1.147e+02                (43)                     none                     
27                       1.328e+03                (15)                     4.535e+01                2.768e+01                2.800e-01                (40)                     3.116e+02                (10)                     none                     
28                       3.122e+03                (31)                     2.957e+01                2.309e+01                3.500e-01                (30)                     2.091e+02                (14)                     none                     
29                       3.997e+03                (36)                     2.614e+01                2.076e+01                4.400e-01                (24)                     1.460e+02                (32)                     none                     
30                       4.495e+03                (40)                     2.465e+01                2.066e+01                5.400e-01                (21)                     1.171e+02                (42)                     none                     
31                       3.789e+03                (35)                     2.684e+01                2.029e+01                3.700e-01                (28)                     1.701e+02                (23)                     none                     
32                       3.345e+03                (33)                     2.857e+01                1.822e+01                3.000e-01                (35)                     1.953e+02                (17)                     none                     
33                       4.369e+03                (39)                     2.500e+01                1.688e+01                4.800e-01                (23)                     1.078e+02                (48)                     none                     
34                       4.327e+03                (38)                     2.512e+01                1.683e+01                3.600e-01                (29)                     1.465e+02                (31)                     none                     
35                       4.131e+03                (37)                     2.571e+01                1.561e+01                3.300e-01                (33)                     1.502e+02                (29)                     none                     
36                       1.923e+03                (22)                     3.768e+01                1.490e+01                2.400e-01                (46)                     1.984e+02                (15)                     none                     
37                       3.718e+03                (34)                     2.710e+01                1.375e+01                2.800e-01                (39)                     1.579e+02                (27)                     none                     
38                       6.022e+03                (45)                     2.129e+01                1.315e+01                3.900e-01                (27)                     1.086e+02                (47)                     none                     
39                       4.742e+03                (42)                     2.399e+01                1.309e+01                3.200e-01                (34)                     1.269e+02                (38)                     none                     
40                       6.325e+03                (46)                     2.078e+01                1.301e+01                2.400e-01                (47)                     1.702e+02                (22)                     none                     
41                       2.203e+03                (24)                     3.521e+01                1.272e+01                2.700e-01                (42)                     1.480e+02                (30)                     none                     
42                       5.718e+03                (44)                     2.185e+01                1.230e+01                3.300e-01                (32)                     1.141e+02                (44)                     none                     
43                       4.607e+03                (41)                     2.434e+01                1.216e+01                2.900e-01                (37)                     1.311e+02                (36)                     none                     
44                       5.685e+03                (43)                     2.191e+01                1.106e+01                3.000e-01                (36)                     1.140e+02                (45)                     none                     
45                       9.733e+03                (53)                     1.675e+01                9.398e+00                2.600e-01                (43)                     1.176e+02                (41)                     none                     
46                       6.356e+03                (47)                     2.073e+01                9.267e+00                2.800e-01                (38)                     1.026e+02                (52)                     none                     
47                       2.989e+03                (30)                     3.022e+01                8.962e+00                2.000e-01                (52)                     1.418e+02                (34)                     none                     
48                       6.954e+03                (49)                     1.981e+01                8.454e+00                2.100e-01                (51)                     1.263e+02                (39)                     none                     
49                       9.073e+03                (52)                     1.735e+01                8.375e+00                2.200e-01                (50)                     1.214e+02                (40)                     none                     
50                       8.894e+03                (51)                     1.752e+01                8.248e+00                2.500e-01                (45)                     1.072e+02                (49)                     none                     
51                       8.125e+03                (50)                     1.833e+01                8.180e+00                2.600e-01                (44)                     1.020e+02                (53)                     none                     
52                       2.723e+03                (29)                     3.166e+01                7.438e+00                1.900e-01                (53)                     1.292e+02                (37)                     none                     
53                       6.902e+03                (48)                     1.989e+01                7.180e+00                2.200e-01                (49)                     1.030e+02                (51)                     none                     
