75-Re-185_n-g   PEAKS: ================================================================================================================================================================
Rank by Integral         Energy (eV)              Rank by Energy           TOF (us)                 Integral                 Peak Width               Rank by Peak Width       Peak Height              Rank by Peak Height      Relevant Isotope         
0                        2.156e+00                (0)                      1.125e+03                2.093e+03                2.519e-01                (92)                     2.336e+04                (0)                      none                     
1                        3.253e+01                (11)                     2.897e+02                1.066e+03                6.613e-01                (80)                     4.087e+03                (1)                      none                     
2                        5.137e+01                (16)                     2.305e+02                6.360e+02                7.862e-01                (74)                     2.019e+03                (3)                      none                     
3                        5.840e+01                (18)                     2.162e+02                5.040e+02                8.351e-01                (72)                     1.501e+03                (5)                      none                     
4                        5.022e+01                (15)                     2.332e+02                3.931e+02                7.700e-01                (76)                     1.278e+03                (6)                      none                     
5                        2.130e+01                (6)                      3.580e+02                3.639e+02                5.226e-01                (85)                     1.754e+03                (4)                      none                     
6                        4.154e+01                (13)                     2.564e+02                3.581e+02                7.050e-01                (79)                     1.264e+03                (7)                      none                     
7                        7.220e+00                (2)                      6.149e+02                2.969e+02                3.500e-01                (91)                     2.233e+03                (2)                      none                     
8                        1.974e+02                (43)                     1.176e+02                2.850e+02                1.472e+00                (42)                     4.736e+02                (14)                     none                     
9                        1.287e+02                (31)                     1.456e+02                2.549e+02                1.173e+00                (59)                     5.291e+02                (11)                     none                     
10                       3.186e+02                (71)                     9.257e+01                2.301e+02                1.896e+00                (21)                     3.000e+02                (27)                     none                     
11                       1.344e+02                (33)                     1.425e+02                2.272e+02                1.270e+00                (50)                     4.532e+02                (16)                     none                     
12                       5.107e+02                (92)                     7.312e+01                2.239e+02                2.971e+00                (1)                      1.722e+02                (66)                     none                     
13                       3.526e+02                (72)                     8.799e+01                2.177e+02                2.001e+00                (14)                     2.689e+02                (37)                     none                     
14                       1.643e+02                (39)                     1.289e+02                2.154e+02                1.737e+00                (24)                     2.994e+02                (28)                     none                     
15                       5.510e+01                (17)                     2.226e+02                2.118e+02                7.846e-01                (75)                     6.640e+02                (8)                      none                     
16                       2.669e+02                (58)                     1.011e+02                2.063e+02                1.814e+00                (23)                     2.853e+02                (33)                     none                     
17                       4.246e+02                (85)                     8.019e+01                2.034e+02                2.367e+00                (3)                      2.175e+02                (50)                     none                     
18                       1.388e+02                (34)                     1.402e+02                1.994e+02                1.220e+00                (56)                     3.994e+02                (19)                     none                     
19                       1.696e+02                (40)                     1.269e+02                1.978e+02                1.333e+00                (46)                     3.603e+02                (20)                     none                     
20                       3.118e+02                (70)                     9.357e+01                1.958e+02                2.147e+00                (8)                      2.350e+02                (44)                     none                     
21                       4.971e+02                (91)                     7.411e+01                1.910e+02                3.017e+00                (0)                      1.755e+02                (64)                     none                     
22                       3.683e+02                (75)                     8.610e+01                1.894e+02                1.926e+00                (18)                     2.421e+02                (41)                     none                     
23                       2.871e+02                (62)                     9.752e+01                1.796e+02                1.720e+00                (27)                     2.526e+02                (39)                     none                     
24                       3.605e+02                (74)                     8.702e+01                1.769e+02                1.965e+00                (17)                     2.200e+02                (48)                     none                     
25                       8.693e+01                (23)                     1.772e+02                1.763e+02                1.280e+00                (49)                     3.477e+02                (21)                     none                     
26                       2.193e+02                (46)                     1.116e+02                1.742e+02                1.500e+00                (39)                     2.809e+02                (34)                     none                     
27                       7.451e+01                (21)                     1.914e+02                1.741e+02                9.044e-01                (69)                     4.709e+02                (15)                     none                     
28                       3.755e+02                (77)                     8.527e+01                1.715e+02                1.981e+00                (16)                     2.128e+02                (52)                     none                     
29                       8.067e+01                (22)                     1.840e+02                1.712e+02                1.317e+00                (47)                     2.947e+02                (30)                     none                     
30                       4.528e+02                (87)                     7.765e+01                1.658e+02                2.177e+00                (7)                      1.855e+02                (56)                     none                     
31                       2.431e+02                (54)                     1.060e+02                1.630e+02                1.481e+00                (41)                     3.191e+02                (24)                     none                     
32                       3.727e+02                (76)                     8.559e+01                1.629e+02                2.237e+00                (5)                      1.866e+02                (54)                     none                     
33                       2.642e+02                (57)                     1.017e+02                1.559e+02                1.490e+00                (40)                     3.206e+02                (23)                     none                     
34                       2.713e+02                (59)                     1.003e+02                1.557e+02                1.671e+00                (30)                     2.264e+02                (46)                     none                     
35                       2.379e+02                (51)                     1.071e+02                1.522e+02                1.543e+00                (37)                     2.392e+02                (43)                     none                     
36                       4.395e+02                (86)                     7.882e+01                1.513e+02                2.615e+00                (2)                      1.313e+02                (82)                     none                     
37                       7.049e+01                (20)                     1.968e+02                1.491e+02                8.673e-01                (70)                     4.189e+02                (18)                     none                     
38                       2.810e+02                (61)                     9.857e+01                1.476e+02                1.724e+00                (26)                     2.082e+02                (53)                     none                     
39                       3.807e+02                (79)                     8.468e+01                1.475e+02                2.064e+00                (11)                     1.806e+02                (59)                     none                     
40                       1.440e+02                (35)                     1.377e+02                1.468e+02                1.223e+00                (55)                     2.914e+02                (31)                     none                     
41                       3.556e+02                (73)                     8.762e+01                1.467e+02                1.993e+00                (15)                     1.824e+02                (58)                     none                     
42                       2.398e+02                (52)                     1.067e+02                1.436e+02                1.589e+00                (34)                     2.225e+02                (47)                     none                     
43                       2.012e+02                (44)                     1.165e+02                1.433e+02                1.447e+00                (43)                     2.405e+02                (42)                     none                     
44                       4.857e+02                (90)                     7.497e+01                1.425e+02                2.248e+00                (4)                      1.543e+02                (74)                     none                     
45                       4.652e+02                (88)                     7.661e+01                1.411e+02                2.032e+00                (13)                     1.771e+02                (62)                     none                     
46                       1.222e+02                (30)                     1.495e+02                1.397e+02                1.138e+00                (60)                     2.992e+02                (29)                     none                     
47                       2.491e+02                (55)                     1.047e+02                1.396e+02                1.582e+00                (35)                     2.128e+02                (51)                     none                     
48                       3.880e+02                (80)                     8.388e+01                1.392e+02                2.085e+00                (9)                      1.642e+02                (71)                     none                     
49                       4.214e+02                (84)                     8.049e+01                1.359e+02                2.073e+00                (10)                     1.609e+02                (72)                     none                     
50                       9.830e+01                (25)                     1.667e+02                1.334e+02                1.022e+00                (65)                     3.182e+02                (25)                     none                     
51                       3.784e+02                (78)                     8.494e+01                1.295e+02                1.925e+00                (19)                     1.666e+02                (70)                     none                     
52                       1.853e+02                (42)                     1.214e+02                1.259e+02                1.311e+00                (48)                     2.324e+02                (45)                     none                     
53                       2.971e+02                (66)                     9.586e+01                1.188e+02                1.698e+00                (29)                     1.724e+02                (65)                     none                     
54                       1.008e+02                (26)                     1.646e+02                1.174e+02                1.029e+00                (64)                     2.771e+02                (36)                     none                     
55                       3.020e+02                (68)                     9.508e+01                1.171e+02                1.639e+00                (32)                     1.769e+02                (63)                     none                     
56                       4.030e+02                (81)                     8.231e+01                1.148e+02                1.864e+00                (22)                     1.541e+02                (75)                     none                     
57                       2.564e+02                (56)                     1.032e+02                1.075e+02                1.616e+00                (33)                     1.608e+02                (73)                     none                     
58                       1.290e+01                (4)                      4.600e+02                1.060e+02                4.567e-01                (87)                     6.090e+02                (10)                     none                     
59                       1.188e+01                (3)                      4.794e+02                1.057e+02                4.262e-01                (89)                     6.442e+02                (9)                      none                     
60                       2.112e+02                (45)                     1.137e+02                1.017e+02                1.416e+00                (44)                     1.719e+02                (67)                     none                     
61                       3.060e+02                (69)                     9.446e+01                1.008e+02                1.733e+00                (25)                     1.400e+02                (79)                     none                     
62                       1.335e+02                (32)                     1.430e+02                1.003e+02                9.890e-01                (68)                     3.088e+02                (26)                     none                     
63                       1.066e+02                (27)                     1.600e+02                9.803e+01                8.440e-01                (71)                     4.960e+02                (12)                     none                     
64                       4.700e+02                (89)                     7.622e+01                9.541e+01                2.203e+00                (6)                      1.053e+02                (91)                     none                     
65                       2.738e+02                (60)                     9.986e+01                9.258e+01                1.640e+00                (31)                     1.362e+02                (81)                     none                     
66                       2.944e+02                (64)                     9.630e+01                9.206e+01                1.366e+00                (45)                     2.877e+02                (32)                     none                     
67                       1.479e+02                (36)                     1.359e+02                9.125e+01                1.244e+00                (53)                     1.786e+02                (61)                     none                     
68                       2.219e+02                (47)                     1.109e+02                9.113e+01                1.520e+00                (38)                     1.472e+02                (77)                     none                     
69                       1.548e+02                (38)                     1.328e+02                8.815e+01                1.269e+00                (51)                     1.688e+02                (69)                     none                     
70                       1.518e+02                (37)                     1.341e+02                8.781e+01                1.249e+00                (52)                     1.705e+02                (68)                     none                     
71                       4.188e+02                (83)                     8.074e+01                8.773e+01                2.034e+00                (12)                     1.048e+02                (92)                     none                     
72                       1.464e+01                (5)                      4.318e+02                8.756e+01                4.523e-01                (88)                     4.954e+02                (13)                     none                     
73                       6.286e+01                (19)                     2.084e+02                8.625e+01                8.286e-01                (73)                     2.551e+02                (38)                     none                     
74                       3.005e+02                (67)                     9.532e+01                8.532e+01                1.550e+00                (36)                     1.375e+02                (80)                     none                     
75                       4.144e+02                (82)                     8.117e+01                8.505e+01                1.914e+00                (20)                     1.070e+02                (90)                     none                     
76                       2.904e+02                (63)                     9.696e+01                8.457e+01                1.707e+00                (28)                     1.203e+02                (85)                     none                     
77                       2.303e+02                (49)                     1.089e+02                8.132e+01                1.062e+00                (63)                     2.808e+02                (35)                     none                     
78                       1.734e+02                (41)                     1.255e+02                7.977e+01                1.199e+00                (58)                     1.861e+02                (55)                     none                     
79                       2.953e+02                (65)                     9.616e+01                6.109e+01                1.235e+00                (54)                     2.467e+02                (40)                     none                     
80                       5.920e+00                (1)                      6.791e+02                5.562e+01                3.550e-01                (90)                     4.292e+02                (17)                     none                     
81                       9.522e+01                (24)                     1.693e+02                5.357e+01                1.006e+00                (67)                     1.301e+02                (83)                     none                     
82                       1.137e+02                (29)                     1.550e+02                5.210e+01                1.110e+00                (61)                     1.157e+02                (86)                     none                     
83                       2.295e+02                (48)                     1.091e+02                4.211e+01                1.102e+00                (62)                     2.190e+02                (49)                     none                     
84                       2.314e+02                (50)                     1.086e+02                4.194e+01                1.211e+00                (57)                     1.142e+02                (87)                     none                     
85                       2.660e+01                (8)                      3.204e+02                4.028e+01                5.560e-01                (84)                     1.832e+02                (57)                     none                     
86                       3.653e+01                (12)                     2.734e+02                3.700e+01                6.530e-01                (81)                     1.416e+02                (78)                     none                     
87                       2.720e+01                (9)                      3.168e+02                3.358e+01                5.568e-01                (83)                     1.532e+02                (76)                     none                     
88                       4.768e+01                (14)                     2.393e+02                3.223e+01                7.328e-01                (77)                     1.103e+02                (88)                     none                     
89                       2.190e+01                (7)                      3.531e+02                3.066e+01                4.825e-01                (86)                     1.806e+02                (60)                     none                     
90                       2.948e+01                (10)                     3.043e+02                2.906e+01                5.998e-01                (82)                     1.234e+02                (84)                     none                     
91                       1.071e+02                (28)                     1.597e+02                2.042e+01                7.140e-01                (78)                     3.392e+02                (22)                     none                     
92                       2.422e+02                (53)                     1.062e+02                6.535e+00                1.016e+00                (66)                     1.071e+02                (89)                     none                     
