75-Re-185_n-tot   PEAKS: ================================================================================================================================================================
Rank by Integral         Energy (eV)              Rank by Energy           TOF (us)                 Integral                 Peak Width               Rank by Peak Width       Peak Height              Rank by Peak Height      Relevant Isotope         
0                        2.156e+00                (0)                      1.155e+03                2.201e+03                2.519e-01                (112)                    2.457e+04                (0)                      none                     
1                        3.253e+01                (11)                     2.973e+02                1.641e+03                6.626e-01                (100)                    6.290e+03                (1)                      none                     
2                        3.118e+02                (72)                     9.603e+01                1.053e+03                2.155e+00                (20)                     1.264e+03                (8)                      none                     
3                        4.246e+02                (92)                     8.229e+01                1.043e+03                2.403e+00                (10)                     1.112e+03                (9)                      none                     
4                        5.137e+01                (16)                     2.366e+02                9.362e+02                7.884e-01                (94)                     2.977e+03                (2)                      none                     
5                        4.971e+02                (100)                    7.606e+01                8.218e+02                2.502e+00                (7)                      8.434e+02                (16)                     none                     
6                        5.105e+02                (101)                    7.505e+01                8.153e+02                2.927e+00                (1)                      6.919e+02                (20)                     none                     
7                        3.727e+02                (82)                     8.784e+01                7.801e+02                2.248e+00                (15)                     8.881e+02                (13)                     none                     
8                        3.526e+02                (76)                     9.031e+01                7.063e+02                2.024e+00                (28)                     8.658e+02                (15)                     none                     
9                        2.669e+02                (60)                     1.038e+02                6.892e+02                1.823e+00                (39)                     9.555e+02                (11)                     none                     
10                       5.840e+01                (18)                     2.219e+02                6.812e+02                8.300e-01                (93)                     2.042e+03                (4)                      none                     
11                       3.186e+02                (73)                     9.500e+01                6.683e+02                1.907e+00                (35)                     8.743e+02                (14)                     none                     
12                       3.807e+02                (85)                     8.691e+01                6.561e+02                2.130e+00                (23)                     7.869e+02                (17)                     none                     
13                       2.431e+02                (56)                     1.088e+02                5.992e+02                1.625e+00                (52)                     9.772e+02                (10)                     none                     
14                       1.974e+02                (45)                     1.207e+02                5.623e+02                1.485e+00                (60)                     9.348e+02                (12)                     none                     
15                       3.683e+02                (81)                     8.836e+01                5.405e+02                1.954e+00                (33)                     6.779e+02                (21)                     none                     
16                       5.022e+01                (15)                     2.393e+02                5.367e+02                7.639e-01                (96)                     1.750e+03                (6)                      none                     
17                       4.528e+02                (94)                     7.969e+01                5.134e+02                2.239e+00                (16)                     5.722e+02                (27)                     none                     
18                       2.642e+02                (59)                     1.043e+02                5.123e+02                2.236e+00                (17)                     6.354e+02                (23)                     none                     
19                       4.652e+02                (95)                     7.862e+01                4.500e+02                2.131e+00                (22)                     5.304e+02                (31)                     none                     
20                       3.880e+02                (86)                     8.609e+01                4.201e+02                2.107e+00                (24)                     5.052e+02                (36)                     none                     
21                       4.154e+01                (13)                     2.631e+02                4.126e+02                7.044e-01                (99)                     1.462e+03                (7)                      none                     
22                       3.556e+02                (77)                     8.992e+01                4.097e+02                1.984e+00                (30)                     5.177e+02                (33)                     none                     
23                       2.130e+01                (6)                      3.674e+02                4.071e+02                5.196e-01                (105)                    1.972e+03                (5)                      none                     
24                       3.605e+02                (78)                     8.931e+01                3.901e+02                1.969e+00                (32)                     4.898e+02                (39)                     none                     
25                       3.755e+02                (83)                     8.751e+01                3.886e+02                2.002e+00                (29)                     4.931e+02                (38)                     none                     
26                       1.287e+02                (32)                     1.495e+02                3.560e+02                1.176e+00                (78)                     7.424e+02                (19)                     none                     
27                       4.857e+02                (98)                     7.694e+01                3.552e+02                2.253e+00                (14)                     3.895e+02                (48)                     none                     
28                       2.871e+02                (64)                     1.001e+02                3.220e+02                1.737e+00                (42)                     4.549e+02                (40)                     none                     
29                       7.220e+00                (2)                      6.311e+02                3.033e+02                3.500e-01                (111)                    2.290e+03                (3)                      none                     
30                       2.810e+02                (63)                     1.012e+02                2.949e+02                1.714e+00                (43)                     4.216e+02                (43)                     none                     
31                       1.344e+02                (34)                     1.463e+02                2.801e+02                1.274e+00                (69)                     5.626e+02                (29)                     none                     
32                       1.696e+02                (41)                     1.302e+02                2.771e+02                1.333e+00                (66)                     5.105e+02                (35)                     none                     
33                       1.643e+02                (40)                     1.323e+02                2.662e+02                1.712e+00                (44)                     3.834e+02                (49)                     none                     
34                       4.214e+02                (91)                     8.261e+01                2.649e+02                2.055e+00                (26)                     3.188e+02                (60)                     none                     
35                       1.388e+02                (35)                     1.439e+02                2.591e+02                1.198e+00                (77)                     5.293e+02                (32)                     none                     
36                       2.193e+02                (49)                     1.145e+02                2.589e+02                1.513e+00                (57)                     4.202e+02                (44)                     none                     
37                       2.398e+02                (55)                     1.095e+02                2.451e+02                1.589e+00                (53)                     3.834e+02                (50)                     none                     
38                       2.713e+02                (61)                     1.030e+02                2.411e+02                1.658e+00                (48)                     3.603e+02                (54)                     none                     
39                       5.510e+01                (17)                     2.284e+02                2.369e+02                7.862e-01                (95)                     7.497e+02                (18)                     none                     
40                       3.020e+02                (70)                     9.758e+01                2.235e+02                1.672e+00                (47)                     3.380e+02                (57)                     none                     
41                       4.395e+02                (93)                     8.089e+01                2.230e+02                2.616e+00                (3)                      2.106e+02                (73)                     none                     
42                       3.784e+02                (84)                     8.717e+01                2.217e+02                1.874e+00                (38)                     2.997e+02                (64)                     none                     
43                       2.379e+02                (54)                     1.099e+02                2.205e+02                1.549e+00                (56)                     3.490e+02                (56)                     none                     
44                       2.012e+02                (46)                     1.196e+02                2.189e+02                1.451e+00                (62)                     3.744e+02                (51)                     none                     
45                       2.944e+02                (66)                     9.883e+01                2.119e+02                1.383e+00                (64)                     5.813e+02                (26)                     none                     
46                       4.030e+02                (88)                     8.447e+01                2.103e+02                1.885e+00                (36)                     2.832e+02                (66)                     none                     
47                       2.971e+02                (68)                     9.838e+01                2.082e+02                1.683e+00                (46)                     3.176e+02                (61)                     none                     
48                       7.451e+01                (21)                     1.964e+02                2.070e+02                9.073e-01                (89)                     5.666e+02                (28)                     none                     
49                       4.700e+02                (96)                     7.822e+01                2.043e+02                2.205e+00                (19)                     2.374e+02                (70)                     none                     
50                       2.303e+02                (52)                     1.117e+02                1.998e+02                1.150e+00                (80)                     5.585e+02                (30)                     none                     
51                       2.491e+02                (57)                     1.074e+02                1.979e+02                1.587e+00                (54)                     3.085e+02                (62)                     none                     
52                       8.693e+01                (23)                     1.819e+02                1.939e+02                1.273e+00                (70)                     3.910e+02                (47)                     none                     
53                       8.067e+01                (22)                     1.888e+02                1.824e+02                1.315e+00                (67)                     3.217e+02                (59)                     none                     
54                       5.520e+02                (103)                    7.217e+01                1.797e+02                3.141e+00                (0)                      1.430e+02                (90)                     none                     
55                       1.440e+02                (36)                     1.413e+02                1.788e+02                1.219e+00                (75)                     3.622e+02                (53)                     none                     
56                       7.049e+01                (20)                     2.020e+02                1.764e+02                8.664e-01                (90)                     5.030e+02                (37)                     none                     
57                       1.222e+02                (31)                     1.534e+02                1.629e+02                1.128e+00                (81)                     3.550e+02                (55)                     none                     
58                       2.564e+02                (58)                     1.059e+02                1.602e+02                1.633e+00                (51)                     2.430e+02                (68)                     none                     
59                       1.853e+02                (43)                     1.246e+02                1.588e+02                1.303e+00                (68)                     2.974e+02                (65)                     none                     
60                       4.188e+02                (90)                     8.286e+01                1.563e+02                2.038e+00                (27)                     1.913e+02                (79)                     none                     
61                       9.830e+01                (25)                     1.710e+02                1.504e+02                1.023e+00                (84)                     3.640e+02                (52)                     none                     
62                       1.008e+02                (26)                     1.689e+02                1.372e+02                1.037e+00                (83)                     3.295e+02                (58)                     none                     
63                       3.060e+02                (71)                     9.694e+01                1.364e+02                1.746e+00                (41)                     1.943e+02                (77)                     none                     
64                       1.335e+02                (33)                     1.468e+02                1.334e+02                9.620e-01                (88)                     4.045e+02                (45)                     none                     
65                       1.066e+02                (27)                     1.642e+02                1.273e+02                8.530e-01                (91)                     6.125e+02                (25)                     none                     
66                       2.112e+02                (47)                     1.167e+02                1.250e+02                1.423e+00                (63)                     2.156e+02                (72)                     none                     
67                       4.144e+02                (89)                     8.330e+01                1.236e+02                1.931e+00                (34)                     1.619e+02                (84)                     none                     
68                       2.219e+02                (50)                     1.138e+02                1.195e+02                1.507e+00                (59)                     1.991e+02                (75)                     none                     
69                       2.904e+02                (65)                     9.951e+01                1.179e+02                1.688e+00                (45)                     1.731e+02                (83)                     none                     
70                       2.738e+02                (62)                     1.025e+02                1.174e+02                1.641e+00                (50)                     1.819e+02                (82)                     none                     
71                       7.160e+02                (110)                    6.337e+01                1.167e+02                2.613e+00                (4)                      1.166e+02                (100)                    none                     
72                       6.810e+02                (108)                    6.498e+01                1.158e+02                2.301e+00                (12)                     1.318e+02                (92)                     none                     
73                       7.530e+02                (112)                    6.180e+01                1.131e+02                2.720e+00                (2)                      1.091e+02                (106)                    none                     
74                       6.440e+02                (106)                    6.682e+01                1.129e+02                2.488e+00                (8)                      1.172e+02                (98)                     none                     
75                       6.780e+02                (107)                    6.512e+01                1.120e+02                2.572e+00                (6)                      1.124e+02                (104)                    none                     
76                       3.005e+02                (69)                     9.782e+01                1.087e+02                1.510e+00                (58)                     1.877e+02                (81)                     none                     
77                       1.479e+02                (37)                     1.394e+02                1.081e+02                1.234e+00                (74)                     2.194e+02                (71)                     none                     
78                       1.290e+01                (4)                      4.721e+02                1.076e+02                4.567e-01                (107)                    6.260e+02                (24)                     none                     
79                       1.188e+01                (3)                      4.920e+02                1.074e+02                4.313e-01                (109)                    6.585e+02                (22)                     none                     
80                       7.430e+02                (111)                    6.221e+01                1.057e+02                2.411e+00                (9)                      1.202e+02                (97)                     none                     
81                       6.890e+02                (109)                    6.460e+01                1.049e+02                2.583e+00                (5)                      1.072e+02                (109)                    none                     
82                       2.953e+02                (67)                     9.868e+01                1.044e+02                1.247e+00                (71)                     4.394e+02                (42)                     none                     
83                       1.548e+02                (39)                     1.363e+02                1.041e+02                1.241e+00                (73)                     2.078e+02                (74)                     none                     
84                       5.750e+02                (104)                    7.072e+01                1.033e+02                2.367e+00                (11)                     1.145e+02                (102)                    none                     
85                       5.880e+02                (105)                    6.993e+01                1.030e+02                2.215e+00                (18)                     1.210e+02                (96)                     none                     
86                       1.734e+02                (42)                     1.288e+02                1.025e+02                1.216e+00                (76)                     2.378e+02                (69)                     none                     
87                       1.518e+02                (38)                     1.376e+02                9.887e+01                1.247e+00                (72)                     1.984e+02                (76)                     none                     
88                       4.740e+02                (97)                     7.789e+01                9.824e+01                2.141e+00                (21)                     1.221e+02                (95)                     none                     
89                       5.250e+02                (102)                    7.401e+01                9.590e+01                2.268e+00                (13)                     1.137e+02                (103)                    none                     
90                       3.234e+02                (75)                     9.429e+01                9.582e+01                1.791e+00                (40)                     1.430e+02                (89)                     none                     
91                       6.286e+01                (19)                     2.139e+02                9.073e+01                8.331e-01                (92)                     2.771e+02                (67)                     none                     
92                       1.464e+01                (5)                      4.432e+02                8.899e+01                4.514e-01                (108)                    5.111e+02                (34)                     none                     
93                       4.881e+02                (99)                     7.675e+01                8.771e+01                2.065e+00                (25)                     1.169e+02                (99)                     none                     
94                       3.639e+02                (79)                     8.889e+01                8.140e+01                1.876e+00                (37)                     1.107e+02                (105)                    none                     
95                       3.973e+02                (87)                     8.507e+01                7.983e+01                1.975e+00                (31)                     1.086e+02                (107)                    none                     
96                       3.205e+02                (74)                     9.472e+01                7.661e+01                1.648e+00                (49)                     1.430e+02                (91)                     none                     
97                       2.146e+02                (48)                     1.158e+02                5.757e+01                1.465e+00                (61)                     1.002e+02                (112)                    none                     
98                       3.666e+02                (80)                     8.857e+01                5.726e+01                1.569e+00                (55)                     1.026e+02                (111)                    none                     
99                       9.522e+01                (24)                     1.738e+02                5.698e+01                1.004e+00                (87)                     1.443e+02                (87)                     none                     
100                      5.920e+00                (1)                      6.970e+02                5.584e+01                3.550e-01                (110)                    4.398e+02                (41)                     none                     
101                      1.882e+02                (44)                     1.236e+02                5.571e+01                1.372e+00                (65)                     1.041e+02                (110)                    none                     
102                      1.137e+02                (30)                     1.590e+02                5.475e+01                1.102e+00                (82)                     1.282e+02                (93)                     none                     
103                      2.660e+01                (8)                      3.288e+02                4.069e+01                5.560e-01                (104)                    1.896e+02                (80)                     none                     
104                      2.314e+02                (53)                     1.115e+02                4.029e+01                1.175e+00                (79)                     1.440e+02                (88)                     none                     
105                      1.083e+02                (29)                     1.630e+02                3.931e+01                1.013e+00                (86)                     1.084e+02                (108)                    none                     
106                      3.653e+01                (12)                     2.806e+02                3.777e+01                6.596e-01                (101)                    1.524e+02                (86)                     none                     
107                      2.720e+01                (9)                      3.252e+02                3.398e+01                5.568e-01                (103)                    1.601e+02                (85)                     none                     
108                      2.295e+02                (51)                     1.119e+02                3.304e+01                1.014e+00                (85)                     2.998e+02                (63)                     none                     
109                      4.768e+01                (14)                     2.456e+02                3.284e+01                7.302e-01                (97)                     1.159e+02                (101)                    none                     
110                      2.190e+01                (7)                      3.624e+02                3.027e+01                4.767e-01                (106)                    1.926e+02                (78)                     none                     
111                      2.948e+01                (10)                     3.123e+02                2.919e+01                5.958e-01                (102)                    1.279e+02                (94)                     none                     
112                      1.071e+02                (28)                     1.639e+02                2.251e+01                7.170e-01                (98)                     3.990e+02                (46)                     none                     
