76-Os-188_n-tot   PEAKS: ================================================================================================================================================================
Rank by Integral         Energy (eV)              Rank by Energy           TOF (us)                 Integral                 Peak Width               Rank by Peak Width       Peak Height              Rank by Peak Height      Relevant Isotope         
0                        1.243e+02                (23)                     1.521e+02                7.907e+03                5.053e+00                (1)                      4.949e+03                (4)                      none                     
1                        2.136e+02                (38)                     1.160e+02                4.152e+03                2.256e+00                (54)                     5.049e+03                (3)                      none                     
2                        1.088e+02                (19)                     1.626e+02                3.543e+03                1.420e+00                (104)                    6.685e+03                (1)                      none                     
3                        6.377e+01                (12)                     2.124e+02                3.146e+03                1.467e+00                (100)                    6.084e+03                (2)                      none                     
4                        1.381e+02                (26)                     1.443e+02                2.527e+03                1.472e+00                (98)                     4.507e+03                (5)                      none                     
5                        4.082e+02                (67)                     8.393e+01                1.859e+03                2.536e+00                (39)                     1.919e+03                (14)                     none                     
6                        1.270e+01                (1)                      4.758e+02                1.842e+03                5.044e-01                (130)                    9.820e+03                (0)                      none                     
7                        9.923e+01                (17)                     1.702e+02                1.804e+03                1.534e+00                (93)                     3.237e+03                (8)                      none                     
8                        2.359e+02                (43)                     1.104e+02                1.565e+03                1.787e+00                (78)                     2.238e+03                (13)                     none                     
9                        7.602e+02                (107)                    6.151e+01                1.174e+03                3.157e+00                (11)                     9.543e+02                (22)                     none                     
10                       1.269e+02                (24)                     1.505e+02                1.149e+03                1.253e+00                (113)                    3.277e+03                (6)                      none                     
11                       9.414e+02                (125)                    5.527e+01                1.130e+03                6.710e+00                (0)                      4.595e+02                (43)                     none                     
12                       4.780e+01                (8)                      2.453e+02                1.084e+03                9.082e-01                (120)                    3.210e+03                (9)                      none                     
13                       2.503e+02                (45)                     1.072e+02                1.040e+03                1.759e+00                (79)                     1.497e+03                (17)                     none                     
14                       4.054e+01                (6)                      2.663e+02                9.840e+02                7.858e-01                (122)                    3.253e+03                (7)                      none                     
15                       4.190e+02                (68)                     8.285e+01                9.834e+02                3.089e+00                (13)                     8.865e+02                (26)                     none                     
16                       6.214e+01                (11)                     2.151e+02                9.068e+02                1.067e+00                (116)                    2.349e+03                (12)                     none                     
17                       4.037e+02                (66)                     8.440e+01                8.746e+02                2.826e+00                (26)                     8.335e+02                (27)                     none                     
18                       4.348e+01                (7)                      2.572e+02                8.350e+02                7.605e-01                (123)                    2.791e+03                (10)                     none                     
19                       4.833e+02                (74)                     7.713e+01                7.348e+02                2.384e+00                (45)                     7.769e+02                (29)                     none                     
20                       8.990e+01                (15)                     1.788e+02                7.297e+02                1.047e+00                (117)                    1.748e+03                (15)                     none                     
21                       1.451e+02                (27)                     1.408e+02                7.251e+02                1.463e+00                (101)                    1.307e+03                (18)                     none                     
22                       3.902e+02                (63)                     8.585e+01                6.686e+02                1.892e+00                (74)                     9.293e+02                (25)                     none                     
23                       8.472e+02                (118)                    5.826e+01                6.644e+02                4.226e+00                (2)                      4.361e+02                (48)                     none                     
24                       3.983e+02                (65)                     8.497e+01                6.507e+02                2.137e+00                (63)                     7.581e+02                (30)                     none                     
25                       4.415e+02                (70)                     8.071e+01                6.335e+02                2.243e+00                (56)                     7.111e+02                (31)                     none                     
26                       9.163e+02                (121)                    5.602e+01                6.195e+02                2.930e+00                (22)                     5.545e+02                (36)                     none                     
27                       1.770e+02                (32)                     1.275e+02                6.030e+02                1.378e+00                (107)                    1.112e+03                (20)                     none                     
28                       7.018e+02                (99)                     6.401e+01                5.482e+02                2.807e+00                (28)                     4.931e+02                (39)                     none                     
29                       7.992e+02                (113)                    5.999e+01                5.140e+02                3.005e+00                (17)                     4.335e+02                (49)                     none                     
30                       2.259e+02                (40)                     1.128e+02                4.903e+02                1.566e+00                (92)                     7.829e+02                (28)                     none                     
31                       1.050e+02                (18)                     1.655e+02                4.608e+02                1.097e+00                (115)                    1.044e+03                (21)                     none                     
32                       5.924e+02                (84)                     6.967e+01                4.492e+02                2.939e+00                (20)                     4.033e+02                (52)                     none                     
33                       5.540e+02                (79)                     7.204e+01                4.444e+02                2.268e+00                (52)                     5.079e+02                (38)                     none                     
34                       3.387e+02                (56)                     9.214e+01                4.255e+02                2.138e+00                (62)                     5.154e+02                (37)                     none                     
35                       9.470e+00                (0)                      5.511e+02                4.167e+02                4.352e-01                (131)                    2.579e+03                (11)                     none                     
36                       6.399e+02                (94)                     6.703e+01                4.019e+02                2.424e+00                (43)                     4.407e+02                (47)                     none                     
37                       5.720e+02                (80)                     7.090e+01                4.018e+02                2.472e+00                (41)                     4.056e+02                (51)                     none                     
38                       7.841e+02                (111)                    6.056e+01                3.914e+02                2.936e+00                (21)                     3.383e+02                (55)                     none                     
39                       9.284e+01                (16)                     1.760e+02                3.909e+02                1.044e+00                (118)                    9.416e+02                (23)                     none                     
40                       8.098e+02                (115)                    5.959e+01                3.647e+02                2.954e+00                (19)                     3.181e+02                (58)                     none                     
41                       4.531e+02                (71)                     7.967e+01                3.637e+02                2.434e+00                (42)                     3.919e+02                (53)                     none                     
42                       7.915e+02                (112)                    6.028e+01                3.630e+02                2.759e+00                (30)                     3.271e+02                (57)                     none                     
43                       1.642e+02                (29)                     1.323e+02                3.601e+02                1.338e+00                (108)                    6.724e+02                (33)                     none                     
44                       5.059e+01                (10)                     2.384e+02                3.521e+02                6.736e-01                (125)                    1.511e+03                (16)                     none                     
45                       7.499e+02                (104)                    6.193e+01                3.384e+02                3.168e+00                (10)                     2.759e+02                (68)                     none                     
46                       9.530e+02                (127)                    5.493e+01                3.374e+02                3.620e+00                (3)                      2.539e+02                (73)                     none                     
47                       8.676e+02                (119)                    5.757e+01                3.337e+02                3.011e+00                (16)                     2.768e+02                (67)                     none                     
48                       8.712e+02                (120)                    5.745e+01                3.303e+02                2.985e+00                (18)                     2.840e+02                (66)                     none                     
49                       2.885e+02                (49)                     9.984e+01                3.297e+02                1.876e+00                (76)                     4.500e+02                (45)                     none                     
50                       5.869e+02                (82)                     7.000e+01                3.152e+02                2.421e+00                (44)                     3.681e+02                (54)                     none                     
51                       9.289e+02                (123)                    5.564e+01                3.127e+02                3.099e+00                (12)                     2.580e+02                (72)                     none                     
52                       2.975e+02                (51)                     9.832e+01                2.908e+02                1.686e+00                (81)                     4.319e+02                (50)                     none                     
53                       2.009e+02                (35)                     1.196e+02                2.780e+02                1.469e+00                (99)                     4.698e+02                (40)                     none                     
54                       2.114e+02                (37)                     1.166e+02                2.759e+02                1.435e+00                (102)                    5.636e+02                (35)                     none                     
55                       4.621e+02                (72)                     7.889e+01                2.749e+02                2.364e+00                (46)                     3.037e+02                (60)                     none                     
56                       1.783e+02                (33)                     1.270e+02                2.672e+02                1.272e+00                (112)                    6.143e+02                (34)                     none                     
57                       2.277e+02                (41)                     1.124e+02                2.654e+02                1.585e+00                (90)                     4.436e+02                (46)                     none                     
58                       9.348e+02                (124)                    5.546e+01                2.614e+02                3.402e+00                (6)                      2.077e+02                (82)                     none                     
59                       1.683e+02                (30)                     1.307e+02                2.564e+02                1.400e+00                (105)                    4.668e+02                (41)                     none                     
60                       9.188e+02                (122)                    5.594e+01                2.547e+02                3.036e+00                (15)                     2.916e+02                (63)                     none                     
61                       4.313e+02                (69)                     8.166e+01                2.485e+02                2.231e+00                (57)                     2.910e+02                (64)                     none                     
62                       9.892e+02                (131)                    5.392e+01                2.476e+02                3.407e+00                (5)                      2.077e+02                (81)                     none                     
63                       5.521e+02                (78)                     7.217e+01                2.449e+02                2.044e+00                (67)                     3.138e+02                (59)                     none                     
64                       9.466e+02                (126)                    5.512e+01                2.441e+02                3.490e+00                (4)                      2.007e+02                (85)                     none                     
65                       3.689e+02                (60)                     8.829e+01                2.431e+02                2.078e+00                (65)                     2.965e+02                (62)                     none                     
66                       6.102e+02                (88)                     6.865e+01                2.271e+02                2.500e+00                (40)                     2.365e+02                (76)                     none                     
67                       5.006e+01                (9)                      2.397e+02                2.265e+02                6.541e-01                (126)                    1.129e+03                (19)                     none                     
68                       6.065e+02                (87)                     6.886e+01                2.242e+02                2.687e+00                (32)                     2.183e+02                (79)                     none                     
69                       6.977e+02                (98)                     6.420e+01                2.239e+02                2.847e+00                (25)                     2.009e+02                (84)                     none                     
70                       1.756e+02                (31)                     1.280e+02                2.239e+02                1.275e+00                (111)                    4.642e+02                (42)                     none                     
71                       2.020e+01                (2)                      3.773e+02                2.036e+02                5.682e-01                (129)                    9.390e+02                (24)                     none                     
72                       8.309e+02                (116)                    5.883e+01                1.983e+02                3.073e+00                (14)                     1.711e+02                (94)                     none                     
73                       8.044e+02                (114)                    5.979e+01                1.942e+02                2.863e+00                (24)                     1.806e+02                (88)                     none                     
74                       9.638e+02                (129)                    5.462e+01                1.925e+02                3.254e+00                (8)                      1.731e+02                (92)                     none                     
75                       3.951e+01                (5)                      2.698e+02                1.874e+02                6.913e-01                (124)                    7.089e+02                (32)                     none                     
76                       1.888e+02                (34)                     1.234e+02                1.871e+02                1.424e+00                (103)                    3.350e+02                (56)                     none                     
77                       9.813e+02                (130)                    5.413e+01                1.839e+02                3.402e+00                (7)                      1.500e+02                (105)                    none                     
78                       6.279e+02                (91)                     6.767e+01                1.778e+02                2.631e+00                (36)                     1.804e+02                (89)                     none                     
79                       7.367e+02                (103)                    6.248e+01                1.710e+02                2.686e+00                (33)                     1.636e+02                (98)                     none                     
80                       2.695e+02                (48)                     1.033e+02                1.693e+02                1.663e+00                (84)                     2.642e+02                (69)                     none                     
81                       3.286e+02                (53)                     9.354e+01                1.686e+02                1.681e+00                (82)                     2.513e+02                (74)                     none                     
82                       6.249e+02                (90)                     6.783e+01                1.670e+02                2.344e+00                (48)                     1.850e+02                (86)                     none                     
83                       2.447e+02                (44)                     1.084e+02                1.649e+02                1.664e+00                (83)                     2.615e+02                (70)                     none                     
84                       3.467e+02                (58)                     9.107e+01                1.607e+02                1.623e+00                (87)                     2.852e+02                (65)                     none                     
85                       2.069e+02                (36)                     1.179e+02                1.555e+02                1.510e+00                (96)                     2.607e+02                (71)                     none                     
86                       7.772e+02                (110)                    6.083e+01                1.513e+02                2.913e+00                (23)                     1.396e+02                (110)                    none                     
87                       1.553e+02                (28)                     1.361e+02                1.498e+02                1.334e+00                (109)                    3.001e+02                (61)                     none                     
88                       6.786e+02                (96)                     6.509e+01                1.448e+02                2.697e+00                (31)                     1.394e+02                (111)                    none                     
89                       6.868e+02                (97)                     6.471e+01                1.421e+02                2.581e+00                (37)                     1.412e+02                (108)                    none                     
90                       7.333e+02                (102)                    6.262e+01                1.418e+02                2.808e+00                (27)                     1.309e+02                (114)                    none                     
91                       4.722e+02                (73)                     7.804e+01                1.402e+02                2.166e+00                (60)                     1.695e+02                (95)                     none                     
92                       2.674e+02                (47)                     1.037e+02                1.397e+02                1.639e+00                (86)                     2.186e+02                (78)                     none                     
93                       6.227e+02                (89)                     6.795e+01                1.340e+02                2.255e+00                (55)                     1.511e+02                (104)                    none                     
94                       3.507e+02                (59)                     9.056e+01                1.308e+02                1.887e+00                (75)                     1.797e+02                (90)                     none                     
95                       2.335e+02                (42)                     1.110e+02                1.239e+02                1.528e+00                (94)                     2.087e+02                (80)                     none                     
96                       3.342e+02                (55)                     9.276e+01                1.204e+02                1.898e+00                (73)                     1.648e+02                (97)                     none                     
97                       6.569e+02                (95)                     6.616e+01                1.186e+02                2.646e+00                (34)                     1.214e+02                (119)                    none                     
98                       7.534e+02                (105)                    6.178e+01                1.176e+02                2.639e+00                (35)                     1.193e+02                (120)                    none                     
99                       3.717e+02                (61)                     8.796e+01                1.175e+02                1.978e+00                (71)                     1.542e+02                (101)                    none                     
100                      4.974e+02                (75)                     7.604e+01                1.174e+02                2.209e+00                (59)                     1.410e+02                (109)                    none                     
101                      7.275e+02                (101)                    6.287e+01                1.167e+02                2.781e+00                (29)                     1.109e+02                (125)                    none                     
102                      7.577e+02                (106)                    6.161e+01                1.134e+02                2.226e+00                (58)                     1.586e+02                (99)                     none                     
103                      9.574e+02                (128)                    5.481e+01                1.110e+02                3.185e+00                (9)                      1.111e+02                (124)                    none                     
104                      2.959e+02                (50)                     9.859e+01                1.053e+02                1.582e+00                (91)                     1.753e+02                (91)                     none                     
105                      3.302e+02                (54)                     9.332e+01                1.051e+02                1.657e+00                (85)                     1.726e+02                (93)                     none                     
106                      5.043e+02                (76)                     7.551e+01                1.043e+02                2.295e+00                (50)                     1.238e+02                (117)                    none                     
107                      5.433e+02                (77)                     7.275e+01                1.011e+02                2.100e+00                (64)                     1.380e+02                (112)                    none                     
108                      3.821e+02                (62)                     8.675e+01                9.754e+01                1.995e+00                (69)                     1.235e+02                (118)                    none                     
109                      2.176e+02                (39)                     1.150e+02                9.679e+01                1.511e+00                (95)                     2.201e+02                (77)                     none                     
110                      5.822e+02                (81)                     7.028e+01                9.473e+01                2.357e+00                (47)                     1.062e+02                (128)                    none                     
111                      7.709e+02                (109)                    6.108e+01                8.549e+01                2.259e+00                (53)                     1.242e+02                (116)                    none                     
112                      7.178e+02                (100)                    6.330e+01                8.439e+01                2.269e+00                (51)                     1.186e+02                (121)                    none                     
113                      8.398e+02                (117)                    5.852e+01                8.154e+01                2.560e+00                (38)                     1.005e+02                (131)                    none                     
114                      6.380e+02                (93)                     6.714e+01                7.707e+01                1.600e+00                (88)                     1.826e+02                (87)                     none                     
115                      2.531e+02                (46)                     1.066e+02                7.535e+01                1.597e+00                (89)                     1.512e+02                (103)                    none                     
116                      3.104e+02                (52)                     9.624e+01                7.036e+01                1.797e+00                (77)                     1.064e+02                (127)                    none                     
117                      3.455e+02                (57)                     9.123e+01                6.813e+01                1.480e+00                (97)                     1.673e+02                (96)                     none                     
118                      7.690e+02                (108)                    6.115e+01                6.583e+01                2.306e+00                (49)                     1.090e+02                (126)                    none                     
119                      5.979e+02                (85)                     6.935e+01                6.412e+01                1.982e+00                (70)                     1.047e+02                (129)                    none                     
120                      6.365e+02                (92)                     6.721e+01                6.301e+01                2.038e+00                (68)                     1.488e+02                (106)                    none                     
121                      5.995e+02                (86)                     6.926e+01                6.021e+01                2.061e+00                (66)                     1.010e+02                (130)                    none                     
122                      2.829e+01                (4)                      3.188e+02                5.969e+01                6.209e-01                (128)                    2.490e+02                (75)                     none                     
123                      7.143e+01                (14)                     2.006e+02                5.325e+01                9.102e-01                (119)                    1.532e+02                (102)                    none                     
124                      5.885e+02                (83)                     6.990e+01                4.857e+01                1.932e+00                (72)                     1.365e+02                (113)                    none                     
125                      1.146e+02                (21)                     1.584e+02                4.368e+01                1.109e+00                (114)                    1.462e+02                (107)                    none                     
126                      6.498e+01                (13)                     2.104e+02                3.695e+01                8.537e-01                (121)                    4.561e+02                (44)                     none                     
127                      2.634e+01                (3)                      3.304e+02                3.071e+01                6.369e-01                (127)                    1.300e+02                (115)                    none                     
128                      1.171e+02                (22)                     1.567e+02                1.329e+01                1.734e+00                (80)                     1.171e+02                (122)                    none                     
129                      1.321e+02                (25)                     1.475e+02                1.026e+01                2.147e+00                (61)                     1.561e+02                (100)                    none                     
130                      3.914e+02                (64)                     8.572e+01                8.695e+00                1.384e+00                (106)                    2.025e+02                (83)                     none                     
131                      1.109e+02                (20)                     1.610e+02                6.298e+00                1.278e+00                (110)                    1.146e+02                (123)                    none                     
