76-Os-186_n-tot   PEAKS: ================================================================================================================================================================
Rank by Integral         Energy (eV)              Rank by Energy           TOF (us)                 Integral                 Peak Width               Rank by Peak Width       Peak Height              Rank by Peak Height      Relevant Isotope         
0                        4.196e+01                (16)                     2.618e+02                3.480e+03                8.468e-01                (13)                     1.082e+04                (0)                      none                     
1                        6.291e+01                (22)                     2.138e+02                1.285e+03                1.297e+00                (0)                      2.647e+03                (19)                     none                     
2                        5.136e+00                (1)                      7.483e+02                1.202e+03                3.620e-01                (45)                     9.210e+03                (1)                      none                     
3                        6.664e+00                (2)                      6.569e+02                1.068e+03                3.993e-01                (42)                     7.371e+03                (2)                      none                     
4                        4.588e+01                (17)                     2.503e+02                9.285e+02                7.095e-01                (17)                     3.412e+03                (10)                     none                     
5                        1.372e+01                (5)                      4.578e+02                8.207e+02                4.834e-01                (31)                     4.464e+03                (5)                      none                     
6                        3.532e+00                (0)                      9.023e+02                7.997e+02                3.248e-01                (53)                     6.919e+03                (3)                      none                     
7                        1.055e+01                (4)                      5.221e+02                7.092e+02                4.387e-01                (35)                     4.328e+03                (6)                      none                     
8                        2.729e+01                (9)                      3.246e+02                6.918e+02                6.519e-01                (22)                     2.757e+03                (18)                     none                     
9                        1.445e+02                (43)                     1.410e+02                6.026e+02                3.440e-01                (48)                     5.372e+03                (4)                      none                     
10                       8.486e+01                (29)                     1.841e+02                5.484e+02                1.003e+00                (3)                      1.366e+03                (49)                     none                     
11                       2.027e+01                (7)                      3.767e+02                5.225e+02                5.641e-01                (28)                     2.424e+03                (24)                     none                     
12                       7.424e+01                (26)                     1.968e+02                5.111e+02                8.914e-01                (11)                     1.691e+03                (35)                     none                     
13                       1.704e+02                (54)                     1.299e+02                5.042e+02                6.230e-01                (26)                     2.542e+03                (22)                     none                     
14                       4.653e+01                (18)                     2.486e+02                4.942e+02                7.061e-01                (18)                     2.028e+03                (27)                     none                     
15                       5.844e+01                (21)                     2.218e+02                4.832e+02                8.163e-01                (14)                     1.490e+03                (46)                     none                     
16                       2.080e+02                (66)                     1.176e+02                4.788e+02                3.760e-01                (43)                     3.978e+03                (8)                      none                     
17                       7.779e+01                (27)                     1.923e+02                4.774e+02                9.681e-01                (8)                      1.240e+03                (56)                     none                     
18                       1.679e+02                (53)                     1.309e+02                4.565e+02                3.420e-01                (49)                     4.188e+03                (7)                      none                     
19                       3.118e+02                (110)                    9.604e+01                4.348e+02                4.230e-01                (37)                     3.167e+03                (11)                     none                     
20                       2.477e+02                (86)                     1.078e+02                4.314e+02                4.360e-01                (36)                     2.917e+03                (16)                     none                     
21                       3.237e+02                (113)                    9.425e+01                4.196e+02                8.730e-01                (12)                     1.526e+03                (44)                     none                     
22                       4.116e+02                (141)                    8.359e+01                4.034e+02                4.700e-01                (33)                     2.925e+03                (15)                     none                     
23                       2.881e+01                (10)                     3.159e+02                3.921e+02                6.338e-01                (25)                     1.592e+03                (41)                     none                     
24                       2.360e+02                (80)                     1.104e+02                3.818e+02                3.450e-01                (47)                     3.445e+03                (9)                      none                     
25                       3.792e+02                (129)                    8.709e+01                3.480e+02                4.180e-01                (39)                     2.571e+03                (21)                     none                     
26                       2.158e+02                (68)                     1.154e+02                3.441e+02                5.690e-01                (27)                     1.901e+03                (29)                     none                     
27                       2.310e+02                (75)                     1.116e+02                3.232e+02                3.380e-01                (51)                     2.992e+03                (13)                     none                     
28                       1.942e+02                (61)                     1.217e+02                2.867e+02                3.030e-01                (60)                     2.937e+03                (14)                     none                     
29                       2.355e+02                (79)                     1.105e+02                2.863e+02                3.150e-01                (57)                     2.867e+03                (17)                     none                     
30                       5.103e+01                (19)                     2.374e+02                2.851e+02                1.009e+00                (2)                      6.979e+02                (77)                     none                     
31                       1.379e+02                (41)                     1.444e+02                2.840e+02                2.810e-01                (68)                     3.159e+03                (12)                     none                     
32                       2.339e+02                (78)                     1.109e+02                2.692e+02                5.170e-01                (30)                     1.643e+03                (40)                     none                     
33                       2.455e+02                (84)                     1.082e+02                2.646e+02                3.180e-01                (55)                     2.599e+03                (20)                     none                     
34                       8.248e+01                (28)                     1.867e+02                2.645e+02                9.792e-01                (7)                      6.772e+02                (78)                     none                     
35                       6.812e+01                (23)                     2.055e+02                2.429e+02                9.204e-01                (9)                      6.701e+02                (79)                     none                     
36                       1.004e+01                (3)                      5.351e+02                2.299e+02                4.064e-01                (41)                     1.575e+03                (42)                     none                     
37                       2.222e+02                (71)                     1.138e+02                2.266e+02                2.860e-01                (61)                     2.539e+03                (23)                     none                     
38                       7.011e+01                (24)                     2.025e+02                2.010e+02                9.134e-01                (10)                     5.573e+02                (91)                     none                     
39                       1.926e+02                (60)                     1.222e+02                1.981e+02                2.740e-01                (72)                     2.239e+03                (25)                     none                     
40                       1.822e+02                (57)                     1.256e+02                1.828e+02                2.630e-01                (77)                     2.148e+03                (26)                     none                     
41                       2.830e+02                (98)                     1.008e+02                1.826e+02                3.060e-01                (59)                     1.886e+03                (31)                     none                     
42                       4.090e+02                (139)                    8.385e+01                1.779e+02                3.370e-01                (52)                     1.690e+03                (36)                     none                     
43                       3.954e+01                (15)                     2.697e+02                1.757e+02                7.125e-01                (16)                     6.342e+02                (86)                     none                     
44                       3.936e+02                (133)                    8.548e+01                1.734e+02                3.190e-01                (54)                     1.685e+03                (37)                     none                     
45                       4.083e+02                (138)                    8.393e+01                1.702e+02                5.470e-01                (29)                     9.908e+02                (64)                     none                     
46                       2.003e+02                (63)                     1.198e+02                1.664e+02                2.740e-01                (73)                     1.892e+03                (30)                     none                     
47                       2.683e+02                (93)                     1.035e+02                1.663e+02                4.190e-01                (38)                     1.244e+03                (55)                     none                     
48                       3.678e+02                (127)                    8.842e+01                1.650e+02                3.170e-01                (56)                     1.666e+03                (39)                     none                     
49                       2.763e+02                (97)                     1.020e+02                1.646e+02                2.820e-01                (67)                     1.803e+03                (33)                     none                     
50                       1.623e+02                (50)                     1.331e+02                1.559e+02                2.490e-01                (87)                     1.930e+03                (28)                     none                     
51                       1.409e+02                (42)                     1.429e+02                1.540e+02                2.620e-01                (79)                     1.866e+03                (32)                     none                     
52                       2.858e+02                (100)                    1.003e+02                1.515e+02                2.820e-01                (65)                     1.672e+03                (38)                     none                     
53                       2.461e+02                (85)                     1.081e+02                1.459e+02                2.700e-01                (75)                     1.715e+03                (34)                     none                     
54                       1.086e+02                (35)                     1.627e+02                1.409e+02                2.760e-01                (71)                     1.518e+03                (45)                     none                     
55                       9.643e+01                (33)                     1.727e+02                1.403e+02                1.033e+00                (1)                      3.429e+02                (109)                    none                     
56                       1.631e+02                (51)                     1.328e+02                1.375e+02                3.150e-01                (58)                     1.366e+03                (48)                     none                     
57                       3.675e+01                (14)                     2.797e+02                1.374e+02                6.968e-01                (19)                     5.035e+02                (97)                     none                     
58                       3.069e+02                (108)                    9.680e+01                1.363e+02                2.680e-01                (76)                     1.573e+03                (43)                     none                     
59                       5.769e+01                (20)                     2.233e+02                1.359e+02                7.337e-01                (15)                     5.029e+02                (98)                     none                     
60                       3.353e+02                (115)                    9.262e+01                1.328e+02                4.160e-01                (40)                     9.923e+02                (63)                     none                     
61                       3.984e+02                (135)                    8.496e+01                1.160e+02                2.850e-01                (62)                     1.266e+03                (52)                     none                     
62                       2.613e+02                (92)                     1.049e+02                1.155e+02                3.650e-01                (44)                     1.012e+03                (62)                     none                     
63                       1.804e+02                (56)                     1.262e+02                1.141e+02                2.500e-01                (84)                     1.429e+03                (47)                     none                     
64                       3.650e+02                (125)                    8.877e+01                1.126e+02                2.760e-01                (70)                     1.262e+03                (53)                     none                     
65                       3.139e+02                (111)                    9.571e+01                1.115e+02                2.780e-01                (69)                     1.274e+03                (50)                     none                     
66                       2.949e+02                (104)                    9.875e+01                1.096e+02                2.720e-01                (74)                     1.270e+03                (51)                     none                     
67                       9.011e+01                (31)                     1.786e+02                1.065e+02                9.964e-01                (4)                      2.720e+02                (119)                    none                     
68                       2.048e+02                (65)                     1.185e+02                9.924e+01                2.470e-01                (91)                     1.250e+03                (54)                     none                     
69                       3.674e+02                (126)                    8.847e+01                9.514e+01                3.420e-01                (50)                     8.068e+02                (71)                     none                     
70                       2.582e+02                (90)                     1.055e+02                8.856e+01                2.500e-01                (86)                     1.107e+03                (58)                     none                     
71                       3.365e+02                (116)                    9.244e+01                8.683e+01                2.530e-01                (82)                     1.068e+03                (59)                     none                     
72                       1.480e+02                (44)                     1.394e+02                8.365e+01                2.160e-01                (128)                    1.172e+03                (57)                     none                     
73                       3.256e+02                (114)                    9.397e+01                8.277e+01                2.440e-01                (92)                     1.054e+03                (60)                     none                     
74                       3.109e+01                (11)                     3.041e+02                8.256e+01                6.442e-01                (23)                     3.319e+02                (112)                    none                     
75                       2.445e+02                (82)                     1.084e+02                8.237e+01                2.470e-01                (89)                     1.048e+03                (61)                     none                     
76                       1.304e+02                (38)                     1.485e+02                7.547e+01                2.520e-01                (83)                     9.264e+02                (66)                     none                     
77                       3.966e+02                (134)                    8.515e+01                7.341e+01                3.500e-01                (46)                     6.642e+02                (81)                     none                     
78                       1.967e+02                (62)                     1.209e+02                7.310e+01                2.820e-01                (66)                     8.184e+02                (69)                     none                     
79                       3.289e+01                (12)                     2.957e+02                6.987e+01                6.640e-01                (21)                     2.729e+02                (118)                    none                     
80                       3.460e+02                (121)                    9.117e+01                6.247e+01                2.470e-01                (90)                     7.904e+02                (72)                     none                     
81                       2.881e+02                (101)                    9.991e+01                6.170e+01                2.270e-01                (110)                    8.307e+02                (67)                     none                     
82                       2.019e+02                (64)                     1.193e+02                6.015e+01                2.300e-01                (104)                    8.145e+02                (70)                     none                     
83                       3.042e+02                (107)                    9.722e+01                5.883e+01                2.500e-01                (85)                     7.455e+02                (73)                     none                     
84                       2.552e+02                (89)                     1.062e+02                5.643e+01                2.830e-01                (64)                     6.367e+02                (85)                     none                     
85                       8.707e+01                (30)                     1.817e+02                5.210e+01                9.827e-01                (6)                      1.450e+02                (129)                    none                     
86                       3.888e+02                (131)                    8.600e+01                5.199e+01                2.560e-01                (81)                     6.477e+02                (84)                     none                     
87                       1.504e+02                (45)                     1.383e+02                5.134e+01                2.120e-01                (134)                    7.403e+02                (74)                     none                     
88                       2.911e+02                (103)                    9.938e+01                5.026e+01                2.360e-01                (99)                     6.677e+02                (80)                     none                     
89                       1.045e+02                (34)                     1.659e+02                4.988e+01                2.110e-01                (135)                    7.239e+02                (75)                     none                     
90                       2.234e+02                (72)                     1.135e+02                4.944e+01                2.630e-01                (78)                     6.001e+02                (87)                     none                     
91                       2.277e+02                (74)                     1.124e+02                4.847e+01                2.260e-01                (112)                    6.633e+02                (82)                     none                     
92                       2.450e+02                (83)                     1.084e+02                4.804e+01                2.490e-01                (88)                     6.594e+02                (83)                     none                     
93                       9.527e+01                (32)                     1.737e+02                4.495e+01                9.932e-01                (5)                      1.201e+02                (140)                    none                     
94                       3.429e+02                (120)                    9.158e+01                4.232e+01                2.370e-01                (95)                     5.642e+02                (90)                     none                     
95                       1.522e+02                (46)                     1.375e+02                4.154e+01                2.200e-01                (123)                    5.886e+02                (88)                     none                     
96                       3.821e+02                (130)                    8.675e+01                4.048e+01                2.370e-01                (96)                     5.425e+02                (93)                     none                     
97                       2.510e+02                (88)                     1.070e+02                3.960e+01                2.360e-01                (98)                     5.414e+02                (94)                     none                     
98                       2.079e+01                (8)                      3.719e+02                3.797e+01                4.778e-01                (32)                     3.026e+02                (113)                    none                     
99                       2.330e+02                (77)                     1.111e+02                3.758e+01                2.240e-01                (115)                    5.303e+02                (95)                     none                     
100                      3.519e+01                (13)                     2.858e+02                3.740e+01                6.837e-01                (20)                     1.440e+02                (130)                    none                     
101                      7.370e+01                (25)                     1.975e+02                3.633e+01                6.357e-01                (24)                     5.703e+02                (89)                     none                     
102                      2.109e+02                (67)                     1.168e+02                3.453e+01                2.390e-01                (94)                     4.561e+02                (101)                    none                     
103                      3.551e+02                (124)                    8.999e+01                3.431e+01                2.230e-01                (116)                    4.766e+02                (100)                    none                     
104                      2.687e+02                (94)                     1.035e+02                3.348e+01                2.150e-01                (129)                    5.479e+02                (92)                     none                     
105                      1.671e+02                (52)                     1.312e+02                3.310e+01                2.130e-01                (132)                    4.933e+02                (99)                     none                     
106                      1.571e+02                (49)                     1.353e+02                3.263e+01                2.370e-01                (97)                     4.359e+02                (102)                    none                     
107                      3.072e+02                (109)                    9.675e+01                3.235e+01                2.330e-01                (101)                    5.185e+02                (96)                     none                     
108                      2.254e+02                (73)                     1.130e+02                3.142e+01                2.290e-01                (106)                    4.355e+02                (103)                    none                     
109                      2.220e+02                (70)                     1.138e+02                3.005e+01                2.140e-01                (131)                    7.099e+02                (76)                     none                     
110                      2.756e+02                (96)                     1.022e+02                2.944e+01                2.350e-01                (100)                    4.059e+02                (104)                    none                     
111                      3.532e+02                (123)                    9.023e+01                2.794e+01                2.270e-01                (111)                    3.889e+02                (105)                    none                     
112                      4.145e+02                (142)                    8.329e+01                2.669e+01                2.290e-01                (107)                    3.834e+02                (106)                    none                     
113                      2.378e+02                (81)                     1.100e+02                2.532e+01                2.220e-01                (118)                    3.791e+02                (107)                    none                     
114                      1.202e+02                (36)                     1.547e+02                2.448e+01                2.040e-01                (142)                    3.675e+02                (108)                    none                     
115                      3.495e+02                (122)                    9.071e+01                2.326e+01                2.130e-01                (133)                    3.394e+02                (110)                    none                     
116                      3.011e+02                (106)                    9.773e+01                2.296e+01                2.110e-01                (136)                    3.368e+02                (111)                    none                     
117                      4.113e+02                (140)                    8.362e+01                2.296e+01                2.840e-01                (63)                     9.342e+02                (65)                     none                     
118                      1.470e+01                (6)                      4.423e+02                2.184e+01                4.700e-01                (34)                     1.492e+02                (127)                    none                     
119                      3.389e+02                (118)                    9.212e+01                2.110e+01                2.430e-01                (93)                     2.810e+02                (116)                    none                     
120                      1.270e+02                (37)                     1.505e+02                2.072e+01                2.160e-01                (127)                    3.006e+02                (114)                    none                     
121                      3.398e+02                (119)                    9.200e+01                2.017e+01                2.280e-01                (108)                    2.891e+02                (115)                    none                     
122                      1.883e+02                (58)                     1.236e+02                1.974e+01                2.220e-01                (117)                    2.793e+02                (117)                    none                     
123                      3.904e+02                (132)                    8.583e+01                1.555e+01                2.200e-01                (122)                    2.262e+02                (121)                    none                     
124                      1.790e+02                (55)                     1.267e+02                1.542e+01                2.180e-01                (126)                    2.257e+02                (122)                    none                     
125                      2.899e+02                (102)                    9.960e+01                1.526e+01                2.320e-01                (102)                    2.159e+02                (123)                    none                     
126                      4.029e+02                (136)                    8.449e+01                1.521e+01                2.090e-01                (140)                    2.292e+02                (120)                    none                     
127                      1.320e+02                (39)                     1.476e+02                1.369e+01                2.090e-01                (139)                    2.057e+02                (124)                    none                     
128                      2.850e+02                (99)                     1.004e+02                1.251e+01                2.320e-01                (103)                    1.810e+02                (126)                    none                     
129                      2.607e+02                (91)                     1.050e+02                1.178e+01                2.100e-01                (137)                    1.880e+02                (125)                    none                     
130                      3.768e+02                (128)                    8.736e+01                9.411e+00                2.250e-01                (114)                    1.369e+02                (134)                    none                     
131                      1.537e+02                (47)                     1.368e+02                9.363e+00                2.150e-01                (130)                    1.427e+02                (132)                    none                     
132                      1.892e+02                (59)                     1.233e+02                9.330e+00                2.090e-01                (138)                    1.420e+02                (133)                    none                     
133                      2.322e+02                (76)                     1.113e+02                9.212e+00                2.300e-01                (105)                    1.438e+02                (131)                    none                     
134                      4.185e+02                (143)                    8.290e+01                8.987e+00                1.150e-01                (143)                    8.288e+02                (68)                     none                     
135                      1.349e+02                (40)                     1.460e+02                8.488e+00                2.070e-01                (141)                    1.295e+02                (136)                    none                     
136                      2.196e+02                (69)                     1.144e+02                8.389e+00                2.190e-01                (124)                    1.263e+02                (137)                    none                     
137                      3.171e+02                (112)                    9.522e+01                8.389e+00                2.190e-01                (125)                    1.319e+02                (135)                    none                     
138                      4.044e+02                (137)                    8.433e+01                8.262e+00                2.250e-01                (113)                    1.214e+02                (139)                    none                     
139                      2.987e+02                (105)                    9.812e+01                8.228e+00                2.220e-01                (120)                    1.241e+02                (138)                    none                     
140                      1.557e+02                (48)                     1.359e+02                7.804e+00                2.220e-01                (119)                    1.165e+02                (142)                    none                     
141                      2.706e+02                (95)                     1.031e+02                7.420e+00                2.220e-01                (121)                    1.177e+02                (141)                    none                     
142                      3.375e+02                (117)                    9.231e+01                6.013e+00                2.280e-01                (109)                    1.024e+02                (143)                    none                     
143                      2.483e+02                (87)                     1.076e+02                4.026e+00                2.560e-01                (80)                     1.490e+02                (128)                    none                     
