76-Os-187_n-tot   PEAKS: ================================================================================================================================================================
Rank by Integral         Energy (eV)              Rank by Energy           TOF (us)                 Integral                 Peak Width               Rank by Peak Width       Peak Height              Rank by Peak Height      Relevant Isotope         
0                        1.379e+02                (4)                      1.444e+02                8.859e+03                2.073e+00                (69)                     1.207e+04                (1)                      none                     
1                        4.468e+01                (1)                      2.537e+02                5.885e+03                9.151e-01                (77)                     1.718e+04                (0)                      none                     
2                        3.424e+02                (11)                     9.164e+01                5.607e+03                3.174e+00                (54)                     4.968e+03                (3)                      none                     
3                        9.627e+02                (30)                     5.466e+01                4.600e+03                6.374e+00                (4)                      2.080e+03                (6)                      none                     
4                        9.801e+02                (31)                     5.417e+01                2.599e+03                4.557e+00                (32)                     1.544e+03                (12)                     none                     
5                        8.686e+02                (28)                     5.754e+01                2.543e+03                4.205e+00                (38)                     1.633e+03                (11)                     none                     
6                        1.359e+03                (40)                     4.600e+01                2.500e+03                5.650e+00                (13)                     1.208e+03                (16)                     none                     
7                        6.435e+02                (21)                     6.685e+01                2.455e+03                3.334e+00                (51)                     1.930e+03                (7)                      none                     
8                        3.249e+03                (77)                     2.975e+01                2.352e+03                1.089e+01                (0)                      6.144e+02                (26)                     none                     
9                        6.553e+02                (22)                     6.624e+01                2.247e+03                3.294e+00                (52)                     1.789e+03                (8)                      none                     
10                       1.298e+03                (38)                     4.707e+01                2.006e+03                4.950e+00                (23)                     1.080e+03                (19)                     none                     
11                       2.238e+01                (0)                      3.585e+02                1.872e+03                5.845e-01                (79)                     8.298e+03                (2)                      none                     
12                       2.810e+02                (9)                      1.012e+02                1.704e+03                1.872e+00                (70)                     2.279e+03                (5)                      none                     
13                       6.798e+02                (23)                     6.504e+01                1.659e+03                3.087e+00                (55)                     1.379e+03                (14)                     none                     
14                       6.628e+01                (2)                      2.083e+02                1.493e+03                9.006e-01                (78)                     4.147e+03                (4)                      none                     
15                       1.228e+03                (35)                     4.839e+01                1.467e+03                4.320e+00                (36)                     8.808e+02                (23)                     none                     
16                       3.700e+02                (12)                     8.816e+01                1.442e+03                2.139e+00                (66)                     1.692e+03                (10)                     none                     
17                       5.678e+02                (18)                     7.116e+01                1.440e+03                2.716e+00                (61)                     1.341e+03                (15)                     none                     
18                       8.371e+02                (26)                     5.861e+01                1.430e+03                3.406e+00                (50)                     1.072e+03                (20)                     none                     
19                       2.438e+03                (62)                     3.434e+01                1.308e+03                6.550e+00                (3)                      5.323e+02                (29)                     none                     
20                       3.800e+02                (13)                     8.699e+01                1.260e+03                2.141e+00                (65)                     1.480e+03                (13)                     none                     
21                       3.355e+03                (79)                     2.928e+01                1.189e+03                7.720e+00                (1)                      4.120e+02                (36)                     none                     
22                       2.907e+03                (71)                     3.145e+01                1.102e+03                6.810e+00                (2)                      4.243e+02                (35)                     none                     
23                       6.347e+02                (20)                     6.731e+01                1.072e+03                2.747e+00                (60)                     9.668e+02                (22)                     none                     
24                       2.019e+02                (7)                      1.194e+02                1.072e+03                1.498e+00                (73)                     1.759e+03                (9)                      none                     
25                       4.231e+02                (15)                     8.244e+01                1.019e+03                2.206e+00                (64)                     1.151e+03                (17)                     none                     
26                       1.626e+03                (45)                     4.205e+01                1.004e+03                4.600e+00                (30)                     5.558e+02                (28)                     none                     
27                       5.210e+02                (17)                     7.429e+01                9.976e+02                2.458e+00                (63)                     1.009e+03                (21)                     none                     
28                       1.038e+03                (33)                     5.265e+01                9.034e+02                3.440e+00                (48)                     6.568e+02                (24)                     none                     
29                       2.806e+03                (67)                     3.201e+01                8.908e+02                6.210e+00                (5)                      3.629e+02                (40)                     none                     
30                       2.373e+03                (60)                     3.481e+01                8.858e+02                5.610e+00                (14)                     4.018e+02                (37)                     none                     
31                       2.586e+03                (64)                     3.335e+01                8.430e+02                5.870e+00                (7)                      3.687e+02                (39)                     none                     
32                       1.024e+03                (32)                     5.300e+01                8.339e+02                3.420e+00                (49)                     6.097e+02                (27)                     none                     
33                       1.748e+03                (47)                     4.057e+01                8.101e+02                4.610e+00                (29)                     4.450e+02                (33)                     none                     
34                       1.324e+03                (39)                     4.661e+01                7.862e+02                3.900e+00                (43)                     5.035e+02                (30)                     none                     
35                       1.462e+03                (42)                     4.434e+01                7.322e+02                4.020e+00                (41)                     4.525e+02                (32)                     none                     
36                       2.301e+03                (57)                     3.535e+01                6.958e+02                5.170e+00                (20)                     3.318e+02                (43)                     none                     
37                       1.990e+03                (52)                     3.801e+01                6.579e+02                4.660e+00                (27)                     3.502e+02                (41)                     none                     
38                       7.630e+02                (24)                     6.139e+01                5.770e+02                2.832e+00                (58)                     5.009e+02                (31)                     none                     
39                       2.821e+03                (69)                     3.193e+01                5.736e+02                5.820e+00                (9)                      2.578e+02                (47)                     none                     
40                       2.064e+03                (53)                     3.733e+01                5.215e+02                4.780e+00                (25)                     2.746e+02                (45)                     none                     
41                       2.391e+03                (61)                     3.468e+01                4.818e+02                5.170e+00                (21)                     2.383e+02                (50)                     none                     
42                       2.660e+03                (65)                     3.288e+01                4.789e+02                5.250e+00                (19)                     2.403e+02                (49)                     none                     
43                       3.134e+02                (10)                     9.579e+01                4.762e+02                1.798e+00                (71)                     6.438e+02                (25)                     none                     
44                       1.957e+03                (50)                     3.833e+01                4.635e+02                4.640e+00                (28)                     2.520e+02                (48)                     none                     
45                       8.968e+01                (3)                      1.791e+02                4.543e+02                9.871e-01                (76)                     1.129e+03                (18)                     none                     
46                       2.229e+03                (56)                     3.592e+01                4.280e+02                4.940e+00                (24)                     2.207e+02                (53)                     none                     
47                       8.913e+02                (29)                     5.680e+01                4.216e+02                3.014e+00                (56)                     3.474e+02                (42)                     none                     
48                       2.733e+03                (66)                     3.244e+01                4.165e+02                5.340e+00                (18)                     1.954e+02                (58)                     none                     
49                       3.101e+03                (74)                     3.045e+01                4.156e+02                5.870e+00                (8)                      1.822e+02                (62)                     none                     
50                       1.504e+03                (43)                     4.373e+01                4.060e+02                3.880e+00                (44)                     2.624e+02                (46)                     none                     
51                       2.091e+03                (54)                     3.709e+01                4.035e+02                4.570e+00                (31)                     2.204e+02                (54)                     none                     
52                       4.168e+02                (14)                     8.306e+01                3.721e+02                2.074e+00                (68)                     4.409e+02                (34)                     none                     
53                       2.473e+03                (63)                     3.410e+01                3.576e+02                5.060e+00                (22)                     1.831e+02                (61)                     none                     
54                       1.713e+03                (46)                     4.097e+01                3.560e+02                4.150e+00                (39)                     2.150e+02                (55)                     none                     
55                       2.968e+03                (72)                     3.113e+01                3.424e+02                5.650e+00                (12)                     1.607e+02                (67)                     none                     
56                       1.597e+03                (44)                     4.244e+01                3.197e+02                4.020e+00                (40)                     2.001e+02                (57)                     none                     
57                       6.046e+02                (19)                     6.896e+01                3.104e+02                2.460e+00                (62)                     3.078e+02                (44)                     none                     
58                       3.337e+03                (78)                     2.935e+01                2.964e+02                5.940e+00                (6)                      1.289e+02                (71)                     none                     
59                       2.309e+03                (58)                     3.529e+01                2.778e+02                4.000e+00                (42)                     1.814e+02                (63)                     none                     
60                       2.312e+03                (59)                     3.527e+01                2.768e+02                4.460e+00                (33)                     1.841e+02                (60)                     none                     
61                       3.138e+03                (75)                     3.027e+01                2.765e+02                5.720e+00                (11)                     1.269e+02                (72)                     none                     
62                       7.968e+02                (25)                     6.007e+01                2.643e+02                2.798e+00                (59)                     2.324e+02                (52)                     none                     
63                       3.206e+03                (76)                     2.995e+01                2.628e+02                5.730e+00                (10)                     1.153e+02                (73)                     none                     
64                       1.074e+03                (34)                     5.176e+01                2.544e+02                3.260e+00                (53)                     2.019e+02                (56)                     none                     
65                       2.167e+03                (55)                     3.643e+01                2.524e+02                4.670e+00                (26)                     1.390e+02                (69)                     none                     
66                       1.264e+03                (37)                     4.769e+01                2.504e+02                3.470e+00                (46)                     1.782e+02                (64)                     none                     
67                       2.495e+02                (8)                      1.074e+02                2.496e+02                1.584e+00                (72)                     3.848e+02                (38)                     none                     
68                       1.859e+03                (48)                     3.933e+01                2.471e+02                4.270e+00                (37)                     1.482e+02                (68)                     none                     
69                       1.919e+03                (49)                     3.871e+01                2.203e+02                4.410e+00                (34)                     1.294e+02                (70)                     none                     
70                       2.881e+03                (70)                     3.159e+01                2.160e+02                5.390e+00                (16)                     1.048e+02                (76)                     none                     
71                       3.059e+03                (73)                     3.066e+01                2.067e+02                5.560e+00                (15)                     1.001e+02                (79)                     none                     
72                       8.458e+02                (27)                     5.831e+01                1.853e+02                2.857e+00                (57)                     1.638e+02                (66)                     none                     
73                       2.812e+03                (68)                     3.198e+01                1.745e+02                5.370e+00                (17)                     1.019e+02                (77)                     none                     
74                       1.969e+03                (51)                     3.821e+01                1.654e+02                4.350e+00                (35)                     1.012e+02                (78)                     none                     
75                       1.400e+03                (41)                     4.532e+01                1.503e+02                3.600e+00                (45)                     1.149e+02                (74)                     none                     
76                       1.244e+03                (36)                     4.808e+01                1.463e+02                3.470e+00                (47)                     1.128e+02                (75)                     none                     
77                       4.521e+02                (16)                     7.976e+01                1.400e+02                2.085e+00                (67)                     1.697e+02                (65)                     none                     
78                       1.697e+02                (6)                      1.302e+02                1.231e+02                1.316e+00                (74)                     2.372e+02                (51)                     none                     
79                       1.452e+02                (5)                      1.407e+02                7.316e+01                1.224e+00                (75)                     1.899e+02                (59)                     none                     
