77-Ir-193_n-tot   PEAKS: ================================================================================================================================================================
Rank by Integral         Energy (eV)              Rank by Energy           TOF (us)                 Integral                 Peak Width               Rank by Peak Width       Peak Height              Rank by Peak Height      Relevant Isotope         
0                        6.000e+01                (35)                     2.189e+02                1.003e+04                1.460e+02                (0)                      1.376e+02                (30)                     none                     
1                        4.379e+00                (3)                      8.104e+02                6.301e+02                4.201e-01                (30)                     4.362e+03                (1)                      none                     
2                        1.577e+00                (0)                      1.350e+03                6.085e+02                3.181e-01                (35)                     5.791e+03                (0)                      none                     
3                        2.685e+01                (15)                     3.272e+02                5.085e+02                6.398e-01                (9)                      2.088e+03                (4)                      none                     
4                        3.548e+01                (24)                     2.847e+02                4.301e+02                8.787e-01                (2)                      1.233e+03                (5)                      none                     
5                        3.119e+00                (2)                      9.602e+02                3.938e+02                3.642e-01                (33)                     3.171e+03                (2)                      none                     
6                        2.071e+00                (1)                      1.178e+03                3.543e+02                3.577e-01                (34)                     3.034e+03                (3)                      none                     
7                        4.138e+01                (27)                     2.636e+02                3.026e+02                7.917e-01                (4)                      9.982e+02                (7)                      none                     
8                        1.265e+01                (5)                      4.768e+02                2.245e+02                5.125e-01                (23)                     1.195e+03                (6)                      none                     
9                        4.636e+01                (32)                     2.491e+02                1.372e+02                7.315e-01                (6)                      5.103e+02                (10)                     none                     
10                       2.912e+01                (18)                     3.142e+02                1.287e+02                5.601e-01                (18)                     7.050e+02                (8)                      none                     
11                       3.883e+01                (26)                     2.721e+02                9.335e+01                6.312e-01                (12)                     4.516e+02                (13)                     none                     
12                       4.253e+01                (28)                     2.600e+02                8.873e+01                8.838e-01                (1)                      2.636e+02                (20)                     none                     
13                       4.438e+01                (29)                     2.545e+02                8.420e+01                6.370e-01                (10)                     4.580e+02                (12)                     none                     
14                       1.882e+01                (9)                      3.909e+02                8.224e+01                4.911e-01                (26)                     5.316e+02                (9)                      none                     
15                       2.870e+01                (17)                     3.165e+02                6.530e+01                5.295e-01                (22)                     4.696e+02                (11)                     none                     
16                       7.830e+00                (4)                      6.060e+02                6.322e+01                4.496e-01                (29)                     4.018e+02                (14)                     none                     
17                       4.574e+01                (31)                     2.508e+02                6.216e+01                6.579e-01                (8)                      2.863e+02                (17)                     none                     
18                       3.025e+01                (20)                     3.083e+02                6.192e+01                5.590e-01                (19)                     3.500e+02                (15)                     none                     
19                       3.180e+01                (22)                     3.007e+02                5.730e+01                6.804e-01                (7)                      2.329e+02                (22)                     none                     
20                       2.377e+01                (12)                     3.479e+02                5.705e+01                5.618e-01                (17)                     2.879e+02                (16)                     none                     
21                       1.784e+01                (7)                      4.015e+02                5.225e+01                5.450e-01                (20)                     2.693e+02                (18)                     none                     
22                       4.968e+01                (33)                     2.406e+02                5.140e+01                8.488e-01                (3)                      1.767e+02                (26)                     none                     
23                       1.662e+01                (6)                      4.159e+02                4.873e+01                5.420e-01                (21)                     2.490e+02                (21)                     none                     
24                       3.096e+01                (21)                     3.048e+02                4.254e+01                6.354e-01                (11)                     1.953e+02                (24)                     none                     
25                       2.168e+01                (10)                     3.642e+02                3.146e+01                6.071e-01                (14)                     1.454e+02                (29)                     none                     
26                       5.251e+01                (34)                     2.340e+02                2.757e+01                7.694e-01                (5)                      1.035e+02                (35)                     none                     
27                       2.479e+01                (13)                     3.406e+02                2.422e+01                6.151e-01                (13)                     1.146e+02                (32)                     none                     
28                       1.849e+01                (8)                      3.944e+02                1.958e+01                4.011e-01                (32)                     2.640e+02                (19)                     none                     
29                       3.467e+01                (23)                     2.880e+02                1.711e+01                6.023e-01                (15)                     1.115e+02                (33)                     none                     
30                       2.772e+01                (16)                     3.221e+02                1.645e+01                5.664e-01                (16)                     1.162e+02                (31)                     none                     
31                       2.987e+01                (19)                     3.103e+02                1.215e+01                4.188e-01                (31)                     1.701e+02                (27)                     none                     
32                       3.842e+01                (25)                     2.736e+02                1.205e+01                4.919e-01                (25)                     1.858e+02                (25)                     none                     
33                       2.333e+01                (11)                     3.510e+02                1.142e+01                4.899e-01                (27)                     1.055e+02                (34)                     none                     
34                       4.475e+01                (30)                     2.535e+02                9.697e+00                5.106e-01                (24)                     2.324e+02                (23)                     none                     
35                       2.642e+01                (14)                     3.299e+02                -4.036e+00               4.527e-01                (28)                     1.565e+02                (28)                     none                     
