77-Ir-193_n-g   PEAKS: ================================================================================================================================================================
Rank by Integral         Energy (eV)              Rank by Energy           TOF (us)                 Integral                 Peak Width               Rank by Peak Width       Peak Height              Rank by Peak Height      Relevant Isotope         
0                        6.000e+01                (34)                     2.133e+02                1.171e+04                1.460e+02                (0)                      1.194e+02                (30)                     none                     
1                        4.379e+00                (3)                      7.896e+02                6.197e+02                4.201e-01                (30)                     4.281e+03                (1)                      none                     
2                        1.577e+00                (0)                      1.316e+03                6.041e+02                3.181e-01                (34)                     5.744e+03                (0)                      none                     
3                        2.685e+01                (15)                     3.188e+02                4.695e+02                6.398e-01                (9)                      1.926e+03                (4)                      none                     
4                        3.548e+01                (24)                     2.774e+02                4.067e+02                8.784e-01                (2)                      1.151e+03                (6)                      none                     
5                        3.119e+00                (2)                      9.356e+02                3.904e+02                3.642e-01                (32)                     3.137e+03                (2)                      none                     
6                        2.071e+00                (1)                      1.148e+03                3.525e+02                3.577e-01                (33)                     3.011e+03                (3)                      none                     
7                        4.137e+01                (27)                     2.569e+02                2.853e+02                7.840e-01                (4)                      9.393e+02                (7)                      none                     
8                        1.265e+01                (5)                      4.646e+02                2.219e+02                5.185e-01                (22)                     1.168e+03                (5)                      none                     
9                        4.636e+01                (32)                     2.427e+02                1.300e+02                7.231e-01                (5)                      4.759e+02                (10)                     none                     
10                       2.912e+01                (18)                     3.062e+02                1.239e+02                5.533e-01                (18)                     6.766e+02                (8)                      none                     
11                       3.883e+01                (26)                     2.652e+02                8.978e+01                6.231e-01                (11)                     4.315e+02                (13)                     none                     
12                       4.252e+01                (28)                     2.534e+02                8.764e+01                8.913e-01                (1)                      2.496e+02                (20)                     none                     
13                       4.437e+01                (29)                     2.480e+02                8.195e+01                6.506e-01                (8)                      4.335e+02                (12)                     none                     
14                       1.882e+01                (9)                      3.809e+02                8.040e+01                4.857e-01                (26)                     5.164e+02                (9)                      none                     
15                       2.869e+01                (17)                     3.085e+02                6.438e+01                5.295e-01                (21)                     4.547e+02                (11)                     none                     
16                       7.830e+00                (4)                      5.905e+02                6.303e+01                4.496e-01                (28)                     3.928e+02                (14)                     none                     
17                       4.573e+01                (31)                     2.443e+02                6.103e+01                6.586e-01                (7)                      2.718e+02                (17)                     none                     
18                       3.025e+01                (20)                     3.004e+02                6.041e+01                5.590e-01                (16)                     3.345e+02                (15)                     none                     
19                       3.180e+01                (22)                     2.930e+02                5.674e+01                6.804e-01                (6)                      2.219e+02                (22)                     none                     
20                       2.377e+01                (12)                     3.389e+02                5.608e+01                5.554e-01                (17)                     2.791e+02                (16)                     none                     
21                       1.784e+01                (7)                      3.912e+02                5.215e+01                5.501e-01                (19)                     2.619e+02                (18)                     none                     
22                       4.967e+01                (33)                     2.345e+02                5.088e+01                8.515e-01                (3)                      1.639e+02                (26)                     none                     
23                       1.662e+01                (6)                      4.053e+02                4.864e+01                5.463e-01                (20)                     2.415e+02                (21)                     none                     
24                       3.096e+01                (21)                     2.969e+02                4.196e+01                6.282e-01                (10)                     1.843e+02                (24)                     none                     
25                       2.168e+01                (10)                     3.549e+02                3.131e+01                6.071e-01                (13)                     1.385e+02                (29)                     none                     
26                       2.479e+01                (13)                     3.318e+02                2.403e+01                6.084e-01                (12)                     1.088e+02                (31)                     none                     
27                       1.849e+01                (8)                      3.843e+02                1.932e+01                4.069e-01                (31)                     2.568e+02                (19)                     none                     
28                       3.467e+01                (23)                     2.806e+02                1.705e+01                6.023e-01                (14)                     1.067e+02                (32)                     none                     
29                       2.771e+01                (16)                     3.139e+02                1.671e+01                5.611e-01                (15)                     1.057e+02                (33)                     none                     
30                       2.987e+01                (19)                     3.023e+02                1.227e+01                4.254e-01                (29)                     1.601e+02                (27)                     none                     
31                       3.842e+01                (25)                     2.666e+02                1.216e+01                4.919e-01                (25)                     1.782e+02                (25)                     none                     
32                       2.333e+01                (11)                     3.420e+02                1.135e+01                4.995e-01                (24)                     1.002e+02                (34)                     none                     
33                       4.475e+01                (30)                     2.470e+02                9.668e+00                5.035e-01                (23)                     2.173e+02                (23)                     none                     
34                       2.642e+01                (14)                     3.215e+02                -3.673e+00               4.784e-01                (27)                     1.526e+02                (28)                     none                     
