78-Pt-196_n-tot   PEAKS: ================================================================================================================================================================
Rank by Integral         Energy (eV)              Rank by Energy           TOF (us)                 Integral                 Peak Width               Rank by Peak Width       Peak Height              Rank by Peak Height      Relevant Isotope         
0                        3.907e+01                (6)                      2.713e+02                3.697e+03                8.649e-01                (85)                     1.150e+04                (0)                      none                     
1                        4.767e+00                (0)                      7.767e+02                1.572e+03                4.025e-01                (94)                     1.115e+04                (1)                      none                     
2                        7.793e+00                (1)                      6.075e+02                1.449e+03                4.495e-01                (93)                     8.960e+03                (2)                      none                     
3                        2.124e+02                (27)                     1.163e+02                1.445e+03                1.703e+00                (61)                     2.176e+03                (6)                      none                     
4                        1.183e+02                (18)                     1.559e+02                1.329e+03                1.550e+00                (68)                     2.329e+03                (5)                      none                     
5                        5.410e+02                (62)                     7.291e+01                9.874e+02                3.624e+00                (1)                      7.469e+02                (17)                     none                     
6                        2.477e+02                (31)                     1.078e+02                9.316e+02                1.750e+00                (59)                     1.347e+03                (10)                     none                     
7                        1.144e+02                (17)                     1.585e+02                8.880e+02                1.193e+00                (75)                     1.880e+03                (8)                      none                     
8                        3.372e+02                (41)                     9.235e+01                8.559e+02                2.019e+00                (45)                     1.070e+03                (12)                     none                     
9                        4.229e+01                (7)                      2.608e+02                7.762e+02                8.281e-01                (86)                     2.487e+03                (4)                      none                     
10                       8.377e+02                (83)                     5.859e+01                7.622e+02                3.168e+00                (7)                      6.089e+02                (22)                     none                     
11                       7.552e+01                (12)                     1.951e+02                7.618e+02                9.876e-01                (81)                     1.961e+03                (7)                      none                     
12                       8.016e+02                (80)                     5.989e+01                7.570e+02                3.106e+00                (9)                      6.159e+02                (21)                     none                     
13                       3.033e+02                (37)                     9.737e+01                7.186e+02                1.880e+00                (52)                     9.585e+02                (13)                     none                     
14                       1.237e+01                (2)                      4.822e+02                6.761e+02                5.070e-01                (92)                     3.628e+03                (3)                      none                     
15                       2.918e+02                (36)                     9.928e+01                6.128e+02                1.837e+00                (56)                     8.351e+02                (14)                     none                     
16                       5.105e+02                (58)                     7.506e+01                5.777e+02                3.294e+00                (3)                      3.986e+02                (37)                     none                     
17                       6.912e+01                (10)                     2.040e+02                5.584e+02                9.056e-01                (83)                     1.567e+03                (9)                      none                     
18                       4.815e+02                (53)                     7.728e+01                5.467e+02                2.715e+00                (20)                     5.324e+02                (24)                     none                     
19                       8.877e+02                (88)                     5.692e+01                5.228e+02                3.151e+00                (8)                      4.168e+02                (34)                     none                     
20                       2.588e+02                (33)                     1.054e+02                5.145e+02                1.887e+00                (50)                     7.074e+02                (19)                     none                     
21                       8.987e+02                (90)                     5.657e+01                5.078e+02                3.183e+00                (5)                      4.081e+02                (35)                     none                     
22                       4.398e+02                (47)                     8.086e+01                5.066e+02                2.001e+00                (47)                     6.431e+02                (20)                     none                     
23                       6.117e+02                (71)                     6.857e+01                4.884e+02                2.545e+00                (28)                     4.812e+02                (26)                     none                     
24                       2.246e+02                (28)                     1.131e+02                4.614e+02                1.583e+00                (67)                     7.271e+02                (18)                     none                     
25                       1.946e+02                (26)                     1.215e+02                4.498e+02                1.484e+00                (69)                     7.570e+02                (16)                     none                     
26                       8.484e+02                (85)                     5.822e+01                4.412e+02                3.647e+00                (0)                      3.271e+02                (49)                     none                     
27                       6.860e+02                (73)                     6.474e+01                4.328e+02                2.690e+00                (22)                     3.997e+02                (36)                     none                     
28                       6.068e+01                (9)                      2.177e+02                4.009e+02                8.824e-01                (84)                     1.156e+03                (11)                     none                     
29                       3.570e+02                (42)                     8.975e+01                4.005e+02                1.840e+00                (54)                     5.699e+02                (23)                     none                     
30                       5.901e+02                (68)                     6.981e+01                3.939e+02                2.492e+00                (29)                     3.933e+02                (38)                     none                     
31                       7.813e+02                (78)                     6.067e+01                3.838e+02                2.865e+00                (14)                     3.338e+02                (46)                     none                     
32                       4.780e+02                (52)                     7.756e+01                3.746e+02                2.129e+00                (41)                     4.528e+02                (29)                     none                     
33                       2.753e+02                (35)                     1.022e+02                3.683e+02                2.384e+00                (32)                     3.693e+02                (41)                     none                     
34                       6.712e+02                (72)                     6.546e+01                3.489e+02                2.663e+00                (23)                     3.281e+02                (47)                     none                     
35                       4.858e+02                (54)                     7.694e+01                3.352e+02                2.126e+00                (43)                     3.931e+02                (39)                     none                     
36                       4.513e+02                (49)                     7.983e+01                3.253e+02                2.381e+00                (33)                     3.529e+02                (43)                     none                     
37                       7.965e+01                (13)                     1.900e+02                3.100e+02                1.012e+00                (80)                     7.859e+02                (15)                     none                     
38                       7.000e+02                (75)                     6.409e+01                3.065e+02                2.940e+00                (12)                     2.611e+02                (56)                     none                     
39                       9.319e+02                (92)                     5.555e+01                2.967e+02                3.358e+00                (2)                      2.281e+02                (61)                     none                     
40                       5.741e+02                (66)                     7.077e+01                2.947e+02                2.488e+00                (30)                     3.280e+02                (48)                     none                     
41                       2.385e+02                (29)                     1.098e+02                2.938e+02                1.702e+00                (62)                     4.387e+02                (30)                     none                     
42                       3.746e+02                (44)                     8.762e+01                2.934e+02                1.978e+00                (48)                     3.698e+02                (40)                     none                     
43                       4.290e+02                (46)                     8.188e+01                2.878e+02                2.157e+00                (38)                     3.377e+02                (45)                     none                     
44                       5.363e+02                (61)                     7.323e+01                2.824e+02                2.318e+00                (34)                     3.073e+02                (51)                     none                     
45                       1.883e+02                (25)                     1.236e+02                2.794e+02                1.442e+00                (70)                     4.832e+02                (25)                     none                     
46                       7.715e+02                (77)                     6.105e+01                2.600e+02                2.807e+00                (17)                     2.305e+02                (59)                     none                     
47                       5.441e+02                (63)                     7.270e+01                2.581e+02                3.083e+00                (10)                     2.845e+02                (54)                     none                     
48                       5.065e+02                (57)                     7.535e+01                2.323e+02                2.641e+00                (26)                     2.229e+02                (63)                     none                     
49                       3.896e+02                (45)                     8.591e+01                2.310e+02                2.002e+00                (46)                     2.888e+02                (53)                     none                     
50                       1.277e+02                (19)                     1.501e+02                2.264e+02                1.242e+00                (72)                     4.673e+02                (27)                     none                     
51                       8.659e+02                (87)                     5.763e+01                2.210e+02                2.927e+00                (13)                     1.928e+02                (70)                     none                     
52                       5.960e+02                (70)                     6.946e+01                2.102e+02                2.296e+00                (35)                     3.149e+02                (50)                     none                     
53                       1.594e+02                (24)                     1.343e+02                2.088e+02                1.251e+00                (71)                     4.260e+02                (33)                     none                     
54                       2.608e+02                (34)                     1.050e+02                2.057e+02                1.596e+00                (65)                     3.403e+02                (44)                     none                     
55                       7.865e+02                (79)                     6.047e+01                1.969e+02                2.707e+00                (21)                     1.840e+02                (72)                     none                     
56                       1.077e+02                (16)                     1.634e+02                1.936e+02                1.117e+00                (78)                     4.362e+02                (31)                     none                     
57                       3.265e+02                (39)                     9.385e+01                1.907e+02                1.742e+00                (60)                     2.810e+02                (55)                     none                     
58                       9.445e+02                (94)                     5.518e+01                1.850e+02                3.051e+00                (11)                     1.602e+02                (78)                     none                     
59                       5.867e+02                (67)                     7.001e+01                1.764e+02                2.414e+00                (31)                     1.825e+02                (74)                     none                     
60                       8.119e+01                (14)                     1.882e+02                1.736e+02                9.811e-01                (82)                     4.580e+02                (28)                     none                     
61                       7.060e+02                (76)                     6.382e+01                1.733e+02                2.652e+00                (25)                     1.699e+02                (77)                     none                     
62                       9.187e+02                (91)                     5.595e+01                1.650e+02                3.175e+00                (6)                      1.405e+02                (82)                     none                     
63                       8.310e+02                (82)                     5.883e+01                1.648e+02                2.861e+00                (15)                     1.437e+02                (80)                     none                     
64                       3.281e+02                (40)                     9.362e+01                1.541e+02                1.675e+00                (63)                     2.440e+02                (57)                     none                     
65                       1.361e+02                (20)                     1.454e+02                1.447e+02                1.240e+00                (73)                     2.967e+02                (52)                     none                     
66                       3.080e+02                (38)                     9.663e+01                1.432e+02                1.776e+00                (58)                     2.075e+02                (67)                     none                     
67                       5.575e+02                (64)                     7.182e+01                1.395e+02                2.145e+00                (39)                     1.801e+02                (75)                     none                     
68                       5.594e+02                (65)                     7.170e+01                1.320e+02                2.108e+00                (44)                     1.832e+02                (73)                     none                     
69                       6.925e+02                (74)                     6.444e+01                1.290e+02                2.606e+00                (27)                     1.293e+02                (83)                     none                     
70                       9.398e+02                (93)                     5.532e+01                1.281e+02                3.191e+00                (4)                      1.103e+02                (88)                     none                     
71                       5.141e+02                (59)                     7.479e+01                1.249e+02                2.194e+00                (37)                     1.488e+02                (79)                     none                     
72                       2.421e+02                (30)                     1.090e+02                1.232e+02                1.583e+00                (66)                     1.965e+02                (68)                     none                     
73                       4.608e+02                (50)                     7.900e+01                1.189e+02                2.127e+00                (42)                     1.409e+02                (81)                     none                     
74                       4.414e+02                (48)                     8.071e+01                1.178e+02                1.813e+00                (57)                     2.267e+02                (62)                     none                     
75                       2.546e+02                (32)                     1.063e+02                1.178e+02                1.610e+00                (64)                     1.861e+02                (71)                     none                     
76                       4.879e+02                (55)                     7.677e+01                1.142e+02                1.881e+00                (51)                     1.726e+02                (76)                     none                     
77                       8.127e+02                (81)                     5.949e+01                1.125e+02                2.790e+00                (18)                     1.099e+02                (89)                     none                     
78                       8.555e+02                (86)                     5.798e+01                1.107e+02                2.856e+00                (16)                     1.074e+02                (92)                     none                     
79                       1.406e+02                (21)                     1.430e+02                1.094e+02                1.210e+00                (74)                     2.327e+02                (58)                     none                     
80                       4.648e+02                (51)                     7.866e+01                1.085e+02                2.138e+00                (40)                     1.291e+02                (84)                     none                     
81                       5.166e+02                (60)                     7.461e+01                1.036e+02                2.199e+00                (36)                     1.264e+02                (85)                     none                     
82                       5.945e+02                (69)                     6.955e+01                9.802e+01                1.845e+00                (53)                     2.180e+02                (66)                     none                     
83                       3.558e+01                (5)                      2.843e+02                9.797e+01                7.105e-01                (89)                     3.632e+02                (42)                     none                     
84                       8.911e+02                (89)                     5.681e+01                9.639e+01                2.762e+00                (19)                     1.024e+02                (93)                     none                     
85                       1.583e+02                (23)                     1.348e+02                9.609e+01                1.159e+00                (77)                     2.228e+02                (65)                     none                     
86                       1.583e+02                (22)                     1.348e+02                9.609e+01                1.159e+00                (76)                     2.228e+02                (64)                     none                     
87                       3.641e+02                (43)                     8.887e+01                8.701e+01                1.898e+00                (49)                     1.199e+02                (87)                     none                     
88                       1.458e+01                (3)                      4.441e+02                8.246e+01                5.228e-01                (91)                     4.336e+02                (32)                     none                     
89                       8.407e+02                (84)                     5.848e+01                7.228e+01                2.658e+00                (24)                     1.016e+02                (94)                     none                     
90                       4.891e+01                (8)                      2.425e+02                5.863e+01                8.114e-01                (87)                     1.958e+02                (69)                     none                     
91                       4.896e+02                (56)                     7.664e+01                5.330e+01                1.838e+00                (55)                     1.089e+02                (91)                     none                     
92                       1.012e+02                (15)                     1.686e+02                4.978e+01                1.071e+00                (79)                     1.205e+02                (86)                     none                     
93                       6.986e+01                (11)                     2.029e+02                3.840e+01                7.451e-01                (88)                     2.296e+02                (60)                     none                     
94                       3.120e+01                (4)                      3.036e+02                2.751e+01                6.725e-01                (90)                     1.099e+02                (90)                     none                     
