78-Pt-195_n-g   PEAKS: ================================================================================================================================================================
Rank by Integral         Energy (eV)              Rank by Energy           TOF (us)                 Integral                 Peak Width               Rank by Peak Width       Peak Height              Rank by Peak Height      Relevant Isotope         
0                        4.650e+01                (1)                      2.423e+02                1.859e+03                8.028e-01                (27)                     5.931e+03                (0)                      none                     
1                        1.296e+02                (5)                      1.451e+02                1.039e+03                1.418e+00                (24)                     1.916e+03                (2)                      none                     
2                        1.449e+02                (6)                      1.373e+02                1.003e+03                1.620e+00                (21)                     1.660e+03                (3)                      none                     
3                        5.370e+01                (2)                      2.255e+02                7.975e+02                7.775e-01                (28)                     2.539e+03                (1)                      none                     
4                        1.771e+02                (7)                      1.242e+02                7.747e+02                1.528e+00                (23)                     1.289e+03                (4)                      none                     
5                        9.810e+01                (4)                      1.668e+02                5.415e+02                1.069e+00                (25)                     1.261e+03                (5)                      none                     
6                        3.462e+02                (11)                     8.880e+01                4.063e+02                1.988e+00                (17)                     5.063e+02                (7)                      none                     
7                        3.891e+02                (13)                     8.376e+01                3.831e+02                2.465e+00                (12)                     4.059e+02                (10)                     none                     
8                        4.055e+02                (14)                     8.205e+01                3.613e+02                2.184e+00                (16)                     4.125e+02                (9)                      none                     
9                        4.900e+02                (16)                     7.464e+01                3.046e+02                2.351e+00                (13)                     3.201e+02                (12)                     none                     
10                       5.806e+02                (18)                     6.857e+01                3.018e+02                4.279e+00                (1)                      2.003e+02                (19)                     none                     
11                       6.623e+02                (20)                     6.420e+01                2.928e+02                2.954e+00                (9)                      2.561e+02                (16)                     none                     
12                       4.588e+02                (15)                     7.714e+01                2.713e+02                2.189e+00                (15)                     3.023e+02                (13)                     none                     
13                       6.908e+02                (21)                     6.287e+01                2.548e+02                3.421e+00                (4)                      1.964e+02                (20)                     none                     
14                       2.377e+02                (8)                      1.072e+02                2.500e+02                1.540e+00                (22)                     3.931e+02                (11)                     none                     
15                       6.167e+02                (19)                     6.654e+01                2.397e+02                2.669e+00                (11)                     2.233e+02                (18)                     none                     
16                       7.168e+02                (22)                     6.172e+01                2.285e+02                3.130e+00                (6)                      1.867e+02                (22)                     none                     
17                       5.102e+02                (17)                     7.315e+01                2.110e+02                2.243e+00                (14)                     2.272e+02                (17)                     none                     
18                       2.884e+02                (10)                     9.730e+01                2.049e+02                1.658e+00                (20)                     2.956e+02                (14)                     none                     
19                       8.206e+02                (24)                     5.768e+01                2.039e+02                3.096e+00                (7)                      1.641e+02                (23)                     none                     
20                       3.605e+02                (12)                     8.702e+01                2.033e+02                1.888e+00                (18)                     2.605e+02                (15)                     none                     
21                       8.549e+02                (25)                     5.651e+01                1.955e+02                3.395e+00                (5)                      1.471e+02                (24)                     none                     
22                       8.860e+02                (26)                     5.551e+01                1.945e+02                4.960e+00                (0)                      1.100e+02                (29)                     none                     
23                       9.098e+02                (27)                     5.478e+01                1.901e+02                3.664e+00                (2)                      1.343e+02                (26)                     none                     
24                       9.578e+02                (29)                     5.339e+01                1.809e+02                3.523e+00                (3)                      1.300e+02                (27)                     none                     
25                       7.861e+02                (23)                     5.893e+01                1.709e+02                2.833e+00                (10)                     1.467e+02                (25)                     none                     
26                       2.160e+01                (0)                      3.555e+02                1.625e+02                5.193e-01                (29)                     7.886e+02                (6)                      none                     
27                       5.840e+01                (3)                      2.162e+02                1.571e+02                8.034e-01                (26)                     4.832e+02                (8)                      none                     
28                       9.481e+02                (28)                     5.366e+01                1.410e+02                3.077e+00                (8)                      1.111e+02                (28)                     none                     
29                       2.669e+02                (9)                      1.011e+02                1.296e+02                1.662e+00                (19)                     1.902e+02                (21)                     none                     
