78-Pt-195_n-tot   PEAKS: ================================================================================================================================================================
Rank by Integral         Energy (eV)              Rank by Energy           TOF (us)                 Integral                 Peak Width               Rank by Peak Width       Peak Height              Rank by Peak Height      Relevant Isotope         
0                        5.806e+02                (18)                     7.038e+01                4.645e+03                4.242e+00                (51)                     3.096e+03                (5)                      none                     
1                        1.449e+02                (6)                      1.409e+02                4.609e+03                1.586e+00                (77)                     7.696e+03                (1)                      none                     
2                        1.402e+03                (35)                     4.530e+01                4.212e+03                8.110e+00                (5)                      1.507e+03                (13)                     none                     
3                        1.296e+02                (5)                      1.490e+02                3.742e+03                1.399e+00                (80)                     6.940e+03                (2)                      none                     
4                        8.861e+02                (26)                     5.697e+01                3.459e+03                4.924e+00                (39)                     1.958e+03                (7)                      none                     
5                        4.650e+01                (1)                      2.487e+02                3.378e+03                8.070e-01                (82)                     1.076e+04                (0)                      none                     
6                        3.891e+02                (13)                     8.597e+01                2.645e+03                2.470e+00                (68)                     2.801e+03                (6)                      none                     
7                        3.202e+03                (64)                     2.997e+01                2.637e+03                1.143e+01                (1)                      6.575e+02                (25)                     none                     
8                        3.119e+03                (62)                     3.037e+01                2.486e+03                1.104e+01                (2)                      6.463e+02                (26)                     none                     
9                        1.771e+02                (7)                      1.274e+02                2.359e+03                1.532e+00                (78)                     3.927e+03                (3)                      none                     
10                       6.908e+02                (21)                     6.452e+01                2.351e+03                3.460e+00                (57)                     1.805e+03                (8)                      none                     
11                       1.181e+03                (31)                     4.934e+01                2.123e+03                4.680e+00                (44)                     1.208e+03                (15)                     none                     
12                       2.116e+03                (46)                     3.687e+01                2.057e+03                7.160e+00                (13)                     7.920e+02                (24)                     none                     
13                       6.623e+02                (20)                     6.589e+01                1.813e+03                3.070e+00                (65)                     1.520e+03                (11)                     none                     
14                       9.099e+02                (27)                     5.622e+01                1.690e+03                3.674e+00                (54)                     1.198e+03                (16)                     none                     
15                       7.169e+02                (22)                     6.334e+01                1.612e+03                3.147e+00                (62)                     1.320e+03                (14)                     none                     
16                       8.550e+02                (25)                     5.800e+01                1.420e+03                3.388e+00                (59)                     1.070e+03                (18)                     none                     
17                       4.055e+02                (14)                     8.421e+01                1.321e+03                2.193e+00                (72)                     1.513e+03                (12)                     none                     
18                       9.579e+02                (29)                     5.479e+01                1.305e+03                3.563e+00                (56)                     9.411e+02                (20)                     none                     
19                       3.462e+02                (11)                     9.114e+01                1.255e+03                1.996e+00                (73)                     1.565e+03                (9)                      none                     
20                       1.910e+03                (42)                     3.880e+01                1.182e+03                5.360e+00                (34)                     5.783e+02                (27)                     none                     
21                       2.915e+03                (59)                     3.141e+01                1.154e+03                6.910e+00                (18)                     4.419e+02                (34)                     none                     
22                       4.900e+02                (16)                     7.661e+01                1.105e+03                2.350e+00                (69)                     1.167e+03                (17)                     none                     
23                       6.167e+02                (19)                     6.828e+01                1.093e+03                2.670e+00                (67)                     1.025e+03                (19)                     none                     
24                       3.280e+03                (65)                     2.961e+01                1.084e+03                7.180e+00                (12)                     3.977e+02                (38)                     none                     
25                       5.370e+01                (2)                      2.314e+02                1.049e+03                7.782e-01                (84)                     3.349e+03                (4)                      none                     
26                       3.095e+03                (61)                     3.048e+01                1.007e+03                6.930e+00                (17)                     3.779e+02                (42)                     none                     
27                       8.206e+02                (24)                     5.920e+01                9.850e+02                3.089e+00                (64)                     7.978e+02                (23)                     none                     
28                       4.445e+03                (79)                     2.544e+01                9.772e+02                8.630e+00                (4)                      3.028e+02                (49)                     none                     
29                       1.818e+03                (40)                     3.977e+01                9.395e+02                4.750e+00                (42)                     5.010e+02                (30)                     none                     
30                       1.896e+03                (41)                     3.894e+01                9.280e+02                4.790e+00                (40)                     4.823e+02                (32)                     none                     
31                       4.894e+03                (83)                     2.424e+01                9.088e+02                9.180e+00                (3)                      2.684e+02                (56)                     none                     
32                       2.573e+03                (52)                     3.343e+01                9.016e+02                5.950e+00                (27)                     3.919e+02                (39)                     none                     
33                       3.558e+03                (69)                     2.843e+01                8.997e+02                7.330e+00                (9)                      3.262e+02                (47)                     none                     
34                       2.755e+03                (56)                     3.231e+01                8.690e+02                6.100e+00                (26)                     3.674e+02                (43)                     none                     
35                       1.939e+03                (43)                     3.852e+01                7.877e+02                4.790e+00                (41)                     4.176e+02                (35)                     none                     
36                       2.628e+03                (54)                     3.308e+01                7.837e+02                5.780e+00                (30)                     3.489e+02                (45)                     none                     
37                       3.998e+03                (73)                     2.682e+01                7.676e+02                7.520e+00                (7)                      2.716e+02                (55)                     none                     
38                       3.436e+03                (67)                     2.893e+01                7.601e+02                6.660e+00                (21)                     2.957e+02                (50)                     none                     
39                       4.588e+02                (15)                     7.917e+01                7.463e+02                2.195e+00                (71)                     8.371e+02                (21)                     none                     
40                       1.780e+03                (39)                     4.020e+01                7.176e+02                4.530e+00                (47)                     3.988e+02                (37)                     none                     
41                       3.322e+03                (66)                     2.942e+01                6.877e+02                6.400e+00                (23)                     2.812e+02                (52)                     none                     
42                       3.191e+03                (63)                     3.002e+01                6.832e+02                6.100e+00                (25)                     2.738e+02                (54)                     none                     
43                       1.678e+03                (38)                     4.140e+01                6.672e+02                4.290e+00                (50)                     3.885e+02                (40)                     none                     
44                       9.810e+01                (4)                      1.712e+02                6.663e+02                1.073e+00                (81)                     1.555e+03                (10)                     none                     
45                       2.367e+03                (50)                     3.486e+01                6.622e+02                5.300e+00                (35)                     3.189e+02                (48)                     none                     
46                       4.144e+03                (75)                     2.634e+01                6.040e+02                7.280e+00                (10)                     2.184e+02                (63)                     none                     
47                       4.859e+03                (82)                     2.433e+01                5.566e+02                7.780e+00                (6)                      1.858e+02                (70)                     none                     
48                       1.506e+03                (37)                     4.370e+01                5.468e+02                3.990e+00                (52)                     3.453e+02                (46)                     none                     
49                       7.861e+02                (23)                     6.048e+01                5.432e+02                2.829e+00                (66)                     4.738e+02                (33)                     none                     
50                       4.072e+03                (74)                     2.657e+01                5.406e+02                7.070e+00                (15)                     2.015e+02                (65)                     none                     
51                       1.255e+04                (85)                     1.514e+01                5.400e+02                1.530e+01                (0)                      1.002e+02                (85)                     none                     
52                       3.987e+03                (72)                     2.686e+01                5.222e+02                6.940e+00                (16)                     1.900e+02                (68)                     none                     
53                       2.793e+03                (57)                     3.209e+01                5.194e+02                5.630e+00                (31)                     2.369e+02                (59)                     none                     
54                       2.892e+03                (58)                     3.153e+01                5.112e+02                5.610e+00                (32)                     2.271e+02                (61)                     none                     
55                       2.413e+03                (51)                     3.452e+01                4.971e+02                5.040e+00                (38)                     2.489e+02                (58)                     none                     
56                       1.994e+03                (45)                     3.797e+01                4.753e+02                4.620e+00                (45)                     2.625e+02                (57)                     none                     
57                       9.481e+02                (28)                     5.507e+01                4.537e+02                3.094e+00                (63)                     3.641e+02                (44)                     none                     
58                       5.102e+02                (17)                     7.507e+01                4.470e+02                2.243e+00                (70)                     4.884e+02                (31)                     none                     
59                       2.158e+03                (47)                     3.650e+01                4.329e+02                4.730e+00                (43)                     2.351e+02                (60)                     none                     
60                       1.391e+03                (34)                     4.547e+01                4.262e+02                3.630e+00                (55)                     2.795e+02                (53)                     none                     
61                       3.929e+03                (71)                     2.705e+01                4.251e+02                5.870e+00                (28)                     1.871e+02                (69)                     none                     
62                       4.640e+03                (80)                     2.490e+01                3.711e+02                7.160e+00                (14)                     1.381e+02                (76)                     none                     
63                       4.972e+03                (84)                     2.405e+01                3.702e+02                7.440e+00                (8)                      1.351e+02                (77)                     none                     
64                       1.063e+03                (30)                     5.202e+01                3.661e+02                3.170e+00                (61)                     2.860e+02                (51)                     none                     
65                       2.202e+03                (48)                     3.614e+01                3.423e+02                4.560e+00                (46)                     1.900e+02                (67)                     none                     
66                       2.595e+03                (53)                     3.329e+01                3.421e+02                5.150e+00                (36)                     1.708e+02                (72)                     none                     
67                       2.377e+02                (8)                      1.100e+02                3.401e+02                1.513e+00                (79)                     5.473e+02                (28)                     none                     
68                       4.724e+03                (81)                     2.467e+01                3.265e+02                7.200e+00                (11)                     1.231e+02                (79)                     none                     
69                       3.692e+03                (70)                     2.791e+01                3.215e+02                6.180e+00                (24)                     1.382e+02                (75)                     none                     
70                       4.271e+03                (76)                     2.595e+01                3.148e+02                6.650e+00                (22)                     1.262e+02                (78)                     none                     
71                       2.944e+03                (60)                     3.125e+01                3.114e+02                5.470e+00                (33)                     1.493e+02                (74)                     none                     
72                       2.309e+03                (49)                     3.529e+01                3.053e+02                4.430e+00                (49)                     1.995e+02                (66)                     none                     
73                       4.350e+03                (77)                     2.571e+01                2.991e+02                6.760e+00                (19)                     1.186e+02                (80)                     none                     
74                       3.605e+02                (12)                     8.931e+01                2.914e+02                1.869e+00                (74)                     3.810e+02                (41)                     none                     
75                       1.217e+03                (32)                     4.860e+01                2.836e+02                3.420e+00                (58)                     2.116e+02                (64)                     none                     
76                       2.884e+02                (10)                     9.985e+01                2.808e+02                1.681e+00                (75)                     4.102e+02                (36)                     none                     
77                       1.972e+03                (44)                     3.819e+01                2.715e+02                4.460e+00                (48)                     1.595e+02                (73)                     none                     
78                       4.387e+03                (78)                     2.560e+01                2.576e+02                6.670e+00                (20)                     1.045e+02                (83)                     none                     
79                       1.438e+03                (36)                     4.471e+01                2.388e+02                3.680e+00                (53)                     1.745e+02                (71)                     none                     
80                       3.473e+03                (68)                     2.877e+01                2.246e+02                5.870e+00                (29)                     1.067e+02                (82)                     none                     
81                       2.737e+03                (55)                     3.242e+01                2.102e+02                5.120e+00                (37)                     1.042e+02                (84)                     none                     
82                       2.160e+01                (0)                      3.649e+02                1.661e+02                5.232e-01                (85)                     8.118e+02                (22)                     none                     
83                       5.840e+01                (3)                      2.219e+02                1.639e+02                8.038e-01                (83)                     5.173e+02                (29)                     none                     
84                       2.669e+02                (9)                      1.038e+02                1.446e+02                1.672e+00                (76)                     2.200e+02                (62)                     none                     
85                       1.237e+03                (33)                     4.821e+01                1.413e+02                3.310e+00                (60)                     1.126e+02                (81)                     none                     
