81-Tl-203_n-tot   PEAKS: ================================================================================================================================================================
Rank by Integral         Energy (eV)              Rank by Energy           TOF (us)                 Integral                 Peak Width               Rank by Peak Width       Peak Height              Rank by Peak Height      Relevant Isotope         
0                        2.381e+02                (0)                      1.099e+02                3.138e+04                1.386e+01                (15)                     7.065e+03                (0)                      none                     
1                        1.131e+03                (2)                      5.042e+01                2.374e+04                1.322e+02                (3)                      5.820e+02                (4)                      none                     
2                        4.396e+03                (8)                      2.558e+01                9.840e+03                2.049e+02                (0)                      1.551e+02                (13)                     none                     
3                        4.668e+03                (9)                      2.482e+01                6.471e+03                5.072e+01                (7)                      4.066e+02                (6)                      none                     
4                        6.604e+03                (13)                     2.087e+01                5.464e+03                1.695e+02                (1)                      1.118e+02                (18)                     none                     
5                        1.734e+04                (19)                     1.288e+01                5.301e+03                1.384e+02                (2)                      1.180e+02                (17)                     none                     
6                        1.630e+04                (18)                     1.328e+01                3.873e+03                9.790e+01                (4)                      1.207e+02                (16)                     none                     
7                        1.433e+03                (5)                      4.479e+01                3.838e+03                1.174e+01                (16)                     9.969e+02                (1)                      none                     
8                        1.239e+04                (16)                     1.523e+01                3.492e+03                6.880e+01                (5)                      1.550e+02                (14)                     none                     
9                        3.737e+03                (7)                      2.774e+01                3.262e+03                6.158e+01                (6)                      1.744e+02                (12)                     none                     
10                       5.405e+03                (10)                     2.307e+01                2.869e+03                2.737e+01                (10)                     3.220e+02                (7)                      none                     
11                       2.791e+03                (6)                      3.210e+01                2.622e+03                1.459e+01                (14)                     5.442e+02                (5)                      none                     
12                       6.338e+03                (12)                     2.130e+01                2.161e+03                2.452e+01                (12)                     2.659e+02                (8)                      none                     
13                       9.369e+03                (14)                     1.752e+01                1.805e+03                3.008e+01                (9)                      1.833e+02                (11)                     none                     
14                       1.800e+04                (20)                     1.264e+01                1.443e+03                4.070e+01                (8)                      1.070e+02                (19)                     none                     
15                       1.275e+03                (3)                      4.749e+01                1.185e+03                5.670e+00                (18)                     6.081e+02                (3)                      none                     
16                       1.099e+04                (15)                     1.618e+01                1.155e+03                2.300e+01                (13)                     1.459e+02                (15)                     none                     
17                       8.421e+02                (1)                      5.844e+01                9.879e+02                4.338e+00                (20)                     6.348e+02                (2)                      none                     
18                       1.512e+04                (17)                     1.379e+01                9.347e+02                2.710e+01                (11)                     1.033e+02                (20)                     none                     
19                       5.816e+03                (11)                     2.224e+01                7.505e+02                1.151e+01                (17)                     1.863e+02                (10)                     none                     
20                       1.329e+03                (4)                      4.652e+01                3.038e+02                4.610e+00                (19)                     1.989e+02                (9)                      none                     
