82-Pb-204_n-tot   PEAKS: ================================================================================================================================================================
Rank by Integral         Energy (eV)              Rank by Energy           TOF (us)                 Integral                 Peak Width               Rank by Peak Width       Peak Height              Rank by Peak Height      Relevant Isotope         
0                        8.398e+03                (3)                      1.850e+01                1.400e+04                1.450e+02                (3)                      3.002e+02                (2)                      none                     
1                        1.291e+04                (5)                      1.493e+01                1.144e+04                1.764e+02                (2)                      2.001e+02                (5)                      none                     
2                        2.417e+04                (8)                      1.091e+01                8.660e+03                2.397e+02                (0)                      1.085e+02                (9)                      none                     
3                        2.221e+04                (7)                      1.138e+01                6.759e+03                1.816e+02                (1)                      1.137e+02                (8)                      none                     
4                        2.480e+03                (1)                      3.405e+01                5.684e+03                1.858e+01                (7)                      9.357e+02                (1)                      none                     
5                        1.686e+03                (0)                      4.130e+01                5.236e+03                1.328e+01                (9)                      1.209e+03                (0)                      none                     
6                        9.646e+03                (4)                      1.727e+01                2.186e+03                3.105e+01                (5)                      2.117e+02                (4)                      none                     
7                        6.699e+03                (2)                      2.072e+01                1.821e+03                1.788e+01                (8)                      2.994e+02                (3)                      none                     
8                        3.424e+04                (9)                      9.164e+00                1.325e+03                3.320e+01                (4)                      1.222e+02                (6)                      none                     
9                        1.482e+04                (6)                      1.393e+01                8.839e+02                2.120e+01                (6)                      1.189e+02                (7)                      none                     
