51-Sb_n-g   PEAKS: ================================================================================================================================================================
Rank by Integral         Energy (eV)              Rank by Energy           TOF (us)                 Integral                 Peak Width               Rank by Peak Width       Peak Height              Rank by Peak Height      Relevant Isotope         
0                        2.138e+01                (2)                      3.573e+02                7.425e+02                7.525e-01                (7)                      2.606e+03                (0)                      ['51-Sb-123_n-g']        
1                        1.539e+01                (1)                      4.212e+02                3.742e+02                6.231e-01                (8)                      1.573e+03                (2)                      ['51-Sb-121_n-g']        
2                        6.240e+00                (0)                      6.615e+02                2.846e+02                4.557e-01                (9)                      1.697e+03                (1)                      ['51-Sb-121_n-g']        
3                        1.049e+02                (6)                      1.613e+02                2.091e+02                1.392e+00                (3)                      3.751e+02                (4)                      ['51-Sb-123_n-g']        
4                        1.267e+02                (7)                      1.468e+02                1.712e+02                1.476e+00                (2)                      2.856e+02                (5)                      ['51-Sb-121_n-g']        
5                        2.960e+01                (3)                      3.037e+02                1.578e+02                7.737e-01                (6)                      5.157e+02                (3)                      ['51-Sb-121_n-g']        
6                        1.497e+02                (9)                      1.350e+02                1.528e+02                1.600e+00                (0)                      2.344e+02                (6)                      ['51-Sb-121_n-g']        
7                        7.377e+01                (4)                      1.924e+02                9.280e+01                1.171e+00                (4)                      1.980e+02                (8)                      ['51-Sb-121_n-g']        
8                        1.442e+02                (8)                      1.376e+02                7.931e+01                1.562e+00                (1)                      1.247e+02                (9)                      ['51-Sb-121_n-g']        
9                        8.960e+01                (5)                      1.746e+02                6.751e+01                1.024e+00                (5)                      2.163e+02                (7)                      ['51-Sb-121_n-g']        
