57-La_n-g   PEAKS: ================================================================================================================================================================
Rank by Integral         Energy (eV)              Rank by Energy           TOF (us)                 Integral                 Peak Width               Rank by Peak Width       Peak Height              Rank by Peak Height      Relevant Isotope         
0                        7.230e+01                (0)                      1.943e+02                3.430e+02                3.039e-01                (3)                      3.827e+03                (0)                      []                       
1                        6.174e+02                (1)                      6.650e+01                3.957e+01                3.160e-01                (2)                      4.432e+02                (1)                      []                       
2                        8.755e+02                (3)                      5.584e+01                2.306e+01                2.730e-01                (6)                      2.847e+02                (2)                      []                       
3                        9.628e+02                (5)                      5.325e+01                1.796e+01                2.770e-01                (5)                      2.296e+02                (5)                      []                       
4                        2.381e+03                (12)                     3.386e+01                1.554e+01                3.800e-01                (1)                      1.471e+02                (10)                     []                       
5                        1.256e+03                (7)                      4.662e+01                1.407e+01                2.100e-01                (7)                      2.442e+02                (4)                      []                       
6                        2.666e+03                (13)                     3.200e+01                1.319e+01                4.100e-01                (0)                      1.067e+02                (13)                     []                       
7                        7.025e+02                (2)                      6.234e+01                1.227e+01                1.500e-01                (12)                     2.758e+02                (3)                      []                       
8                        1.638e+03                (8)                      4.083e+01                1.053e+01                3.000e-01                (4)                      1.259e+02                (12)                     []                       
9                        1.652e+03                (9)                      4.065e+01                9.506e+00                1.900e-01                (9)                      1.714e+02                (8)                      []                       
10                       2.176e+03                (11)                     3.542e+01                9.158e+00                2.000e-01                (8)                      1.621e+02                (9)                      []                       
11                       1.208e+03                (6)                      4.754e+01                9.046e+00                1.800e-01                (10)                     1.766e+02                (7)                      []                       
12                       9.053e+02                (4)                      5.492e+01                8.762e+00                1.600e-01                (11)                     1.862e+02                (6)                      []                       
13                       1.917e+03                (10)                     3.774e+01                5.407e+00                1.500e-01                (13)                     1.276e+02                (11)                     []                       
