45-Rh_n-tot   PEAKS: ================================================================================================================================================================
Rank by Integral         Energy (eV)              Rank by Energy           TOF (us)                 Integral                 Peak Width               Rank by Peak Width       Peak Height              Rank by Peak Height      Relevant Isotope         
0                        4.354e+02                (12)                     8.127e+01                9.060e+02                1.187e+00                (33)                     2.535e+03                (1)                      ['45-Rh-103_n-tot']      
1                        7.012e+02                (20)                     6.404e+01                8.414e+02                1.544e+00                (23)                     1.841e+03                (5)                      ['45-Rh-103_n-tot']      
2                        1.260e+00                (0)                      1.511e+03                7.903e+02                5.653e-01                (102)                    4.938e+03                (0)                      ['45-Rh-103_n-tot']      
3                        1.269e+03                (32)                     4.760e+01                6.296e+02                1.940e+00                (14)                     1.072e+03                (10)                     ['45-Rh-103_n-tot']      
4                        3.197e+02                (9)                      9.484e+01                5.933e+02                9.090e-01                (55)                     2.207e+03                (2)                      ['45-Rh-103_n-tot']      
5                        1.815e+03                (49)                     3.981e+01                5.009e+02                2.650e+00                (5)                      6.428e+02                (16)                     ['45-Rh-103_n-tot']      
6                        2.722e+02                (7)                      1.028e+02                4.616e+02                7.970e-01                (68)                     1.993e+03                (4)                      ['45-Rh-103_n-tot']      
7                        1.871e+02                (5)                      1.240e+02                4.049e+02                6.850e-01                (86)                     2.030e+03                (3)                      ['45-Rh-103_n-tot']      
8                        4.116e+03                (117)                    2.643e+01                4.034e+02                3.490e+00                (1)                      3.972e+02                (29)                     ['45-Rh-103_n-tot']      
9                        8.444e+02                (22)                     5.836e+01                3.635e+02                1.108e+00                (42)                     1.141e+03                (9)                      ['45-Rh-103_n-tot']      
10                       2.288e+03                (61)                     3.545e+01                3.470e+02                2.350e+00                (7)                      5.107e+02                (23)                     ['45-Rh-103_n-tot']      
11                       1.615e+03                (43)                     4.219e+01                3.424e+02                1.560e+00                (22)                     7.354e+02                (15)                     ['45-Rh-103_n-tot']      
12                       1.692e+03                (45)                     4.122e+01                3.377e+02                1.840e+00                (18)                     6.025e+02                (19)                     ['45-Rh-103_n-tot']      
13                       1.194e+03                (31)                     4.908e+01                3.303e+02                2.770e+00                (4)                      4.083e+02                (28)                     ['45-Rh-103_n-tot']      
14                       5.552e+02                (14)                     7.197e+01                3.291e+02                8.820e-01                (56)                     1.268e+03                (7)                      ['45-Rh-103_n-tot']      
15                       4.056e+03                (115)                    2.663e+01                3.242e+02                2.940e+00                (2)                      3.817e+02                (33)                     ['45-Rh-103_n-tot']      
16                       2.595e+03                (71)                     3.329e+01                3.209e+02                2.000e+00                (11)                     5.490e+02                (21)                     ['45-Rh-103_n-tot']      
17                       3.378e+03                (95)                     2.918e+01                3.065e+02                5.990e+00                (0)                      1.805e+02                (70)                     []                       
18                       2.540e+02                (6)                      1.064e+02                2.890e+02                7.180e-01                (80)                     1.413e+03                (6)                      ['45-Rh-103_n-tot']      
19                       1.542e+02                (4)                      1.365e+02                2.876e+02                8.670e-01                (58)                     1.160e+03                (8)                      ['45-Rh-103_n-tot']      
20                       6.915e+02                (19)                     6.449e+01                2.519e+02                8.770e-01                (57)                     9.865e+02                (11)                     ['45-Rh-103_n-tot']      
21                       3.116e+03                (87)                     3.038e+01                2.475e+02                1.840e+00                (16)                     4.492e+02                (24)                     ['45-Rh-103_n-tot']      
22                       3.535e+03                (99)                     2.852e+01                2.440e+02                1.990e+00                (12)                     4.159e+02                (27)                     []                       
23                       3.668e+03                (102)                    2.800e+01                2.261e+02                2.070e+00                (10)                     3.850e+02                (32)                     []                       
24                       1.540e+03                (40)                     4.322e+01                2.216e+02                2.130e+00                (9)                      3.501e+02                (37)                     ['45-Rh-103_n-tot']      
25                       2.451e+03                (68)                     3.425e+01                2.125e+02                1.840e+00                (17)                     3.955e+02                (30)                     ['45-Rh-103_n-tot']      
26                       6.458e+02                (16)                     6.673e+01                2.110e+02                8.060e-01                (66)                     9.260e+02                (12)                     ['45-Rh-103_n-tot']      
27                       3.494e+03                (98)                     2.869e+01                1.911e+02                1.710e+00                (19)                     3.915e+02                (31)                     []                       
28                       1.976e+03                (52)                     3.815e+01                1.824e+02                2.800e+00                (3)                      2.230e+02                (60)                     []                       
29                       1.152e+03                (29)                     4.996e+01                1.781e+02                1.180e+00                (34)                     5.131e+02                (22)                     ['45-Rh-103_n-tot']      
30                       1.563e+03                (42)                     4.289e+01                1.716e+02                9.100e-01                (54)                     6.245e+02                (17)                     ['45-Rh-103_n-tot']      
31                       2.619e+03                (72)                     3.314e+01                1.705e+02                1.330e+00                (28)                     4.397e+02                (25)                     []                       
32                       2.108e+03                (57)                     3.693e+01                1.556e+02                2.200e+00                (8)                      2.579e+02                (56)                     []                       
33                       3.069e+03                (86)                     3.061e+01                1.466e+02                1.340e+00                (26)                     3.600e+02                (36)                     []                       
34                       1.304e+03                (33)                     4.697e+01                1.437e+02                8.100e-01                (64)                     5.858e+02                (20)                     ['45-Rh-103_n-tot']      
35                       2.898e+02                (8)                      9.961e+01                1.404e+02                6.430e-01                (93)                     7.527e+02                (13)                     ['45-Rh-103_n-tot']      
36                       3.626e+03                (101)                    2.816e+01                1.392e+02                1.510e+00                (24)                     3.115e+02                (43)                     []                       
37                       4.036e+03                (114)                    2.669e+01                1.376e+02                1.560e+00                (21)                     3.065e+02                (44)                     []                       
38                       9.283e+02                (25)                     5.566e+01                1.339e+02                8.030e-01                (67)                     6.026e+02                (18)                     ['45-Rh-103_n-tot']      
39                       2.780e+03                (76)                     3.216e+01                1.274e+02                1.140e+00                (40)                     3.783e+02                (35)                     []                       
40                       1.256e+02                (3)                      1.513e+02                1.256e+02                5.650e-01                (103)                    7.382e+02                (14)                     ['45-Rh-103_n-tot']      
41                       3.256e+03                (91)                     2.972e+01                1.207e+02                2.610e+00                (6)                      1.612e+02                (74)                     []                       
42                       2.187e+03                (59)                     3.626e+01                1.157e+02                9.300e-01                (52)                     4.261e+02                (26)                     []                       
43                       3.924e+03                (111)                    2.707e+01                1.145e+02                1.430e+00                (25)                     2.729e+02                (50)                     []                       
44                       3.016e+03                (83)                     3.088e+01                1.137e+02                1.150e+00                (38)                     3.334e+02                (40)                     []                       
45                       9.129e+02                (24)                     5.612e+01                1.107e+02                1.006e+00                (47)                     3.792e+02                (34)                     []                       
46                       2.407e+03                (66)                     3.457e+01                1.076e+02                1.980e+00                (13)                     1.969e+02                (64)                     []                       
47                       1.790e+03                (48)                     4.008e+01                9.811e+01                1.010e+00                (45)                     3.389e+02                (39)                     []                       
48                       3.578e+03                (100)                    2.835e+01                9.213e+01                9.600e-01                (49)                     3.268e+02                (42)                     []                       
49                       4.151e+03                (118)                    2.632e+01                9.186e+01                1.170e+00                (36)                     2.597e+02                (54)                     []                       
50                       3.473e+03                (97)                     2.877e+01                9.117e+01                1.130e+00                (41)                     2.815e+02                (49)                     []                       
51                       2.984e+03                (82)                     3.104e+01                8.597e+01                1.930e+00                (15)                     1.580e+02                (78)                     []                       
52                       1.362e+03                (35)                     4.595e+01                8.415e+01                8.500e-01                (61)                     3.449e+02                (38)                     []                       
53                       3.832e+03                (107)                    2.739e+01                8.273e+01                1.070e+00                (43)                     2.596e+02                (55)                     []                       
54                       2.844e+03                (77)                     3.180e+01                8.223e+01                9.500e-01                (50)                     2.941e+02                (47)                     []                       
55                       1.666e+03                (44)                     4.154e+01                6.980e+01                1.160e+00                (37)                     2.092e+02                (62)                     []                       
56                       2.709e+03                (75)                     3.258e+01                6.676e+01                8.500e-01                (62)                     2.675e+02                (52)                     []                       
57                       2.053e+03                (54)                     3.743e+01                6.413e+01                1.570e+00                (20)                     1.482e+02                (85)                     []                       
58                       1.837e+03                (50)                     3.956e+01                6.388e+01                7.200e-01                (79)                     2.979e+02                (45)                     []                       
59                       3.288e+03                (92)                     2.957e+01                5.902e+01                9.200e-01                (53)                     2.248e+02                (59)                     []                       
60                       4.062e+02                (11)                     8.414e+01                5.862e+01                7.130e-01                (81)                     2.943e+02                (46)                     []                       
61                       1.323e+03                (34)                     4.663e+01                5.747e+01                9.900e-01                (48)                     2.049e+02                (63)                     []                       
62                       9.540e+02                (26)                     5.490e+01                5.548e+01                1.016e+00                (44)                     1.966e+02                (65)                     []                       
63                       1.188e+03                (30)                     4.921e+01                5.546e+01                6.800e-01                (87)                     2.714e+02                (51)                     []                       
64                       9.571e+01                (2)                      1.733e+02                5.518e+01                5.841e-01                (101)                    3.319e+02                (41)                     ['45-Rh-103_n-tot']      
65                       7.820e+02                (21)                     6.064e+01                5.238e+01                6.850e-01                (85)                     2.655e+02                (53)                     []                       
66                       2.324e+03                (63)                     3.518e+01                5.235e+01                7.500e-01                (73)                     2.383e+02                (57)                     []                       
67                       2.370e+03                (64)                     3.483e+01                5.233e+01                1.250e+00                (31)                     1.513e+02                (82)                     []                       
68                       1.109e+03                (28)                     5.093e+01                5.229e+01                6.200e-01                (97)                     2.830e+02                (48)                     []                       
69                       1.483e+03                (39)                     4.404e+01                5.182e+01                1.010e+00                (46)                     1.887e+02                (67)                     []                       
70                       2.657e+03                (73)                     3.290e+01                5.129e+01                1.320e+00                (29)                     1.407e+02                (90)                     []                       
71                       2.868e+03                (78)                     3.166e+01                4.797e+01                1.280e+00                (30)                     1.320e+02                (94)                     []                       
72                       4.162e+03                (119)                    2.629e+01                4.793e+01                8.500e-01                (60)                     1.887e+02                (66)                     []                       
73                       2.251e+03                (60)                     3.574e+01                4.635e+01                7.500e-01                (71)                     2.146e+02                (61)                     []                       
74                       2.424e+03                (67)                     3.444e+01                4.600e+01                6.900e-01                (83)                     2.253e+02                (58)                     []                       
75                       1.404e+03                (36)                     4.525e+01                4.561e+01                9.300e-01                (51)                     1.720e+02                (71)                     []                       
76                       2.307e+03                (62)                     3.531e+01                4.526e+01                1.150e+00                (39)                     1.441e+02                (88)                     []                       
77                       2.939e+03                (79)                     3.128e+01                4.363e+01                1.230e+00                (32)                     1.250e+02                (100)                    []                       
78                       3.153e+03                (89)                     3.020e+01                4.137e+01                1.180e+00                (35)                     1.203e+02                (102)                    []                       
79                       3.048e+03                (85)                     3.071e+01                4.098e+01                7.500e-01                (72)                     1.849e+02                (68)                     []                       
80                       3.766e+03                (106)                    2.763e+01                3.841e+01                1.330e+00                (27)                     1.034e+02                (119)                    []                       
81                       3.306e+03                (93)                     2.949e+01                3.809e+01                7.400e-01                (74)                     1.713e+02                (72)                     []                       
82                       3.248e+03                (90)                     2.975e+01                3.702e+01                7.400e-01                (75)                     1.692e+02                (73)                     []                       
83                       3.863e+03                (109)                    2.729e+01                3.586e+01                8.100e-01                (65)                     1.570e+02                (79)                     []                       
84                       2.172e+03                (58)                     3.639e+01                3.536e+01                6.500e-01                (92)                     1.836e+02                (69)                     []                       
85                       3.887e+03                (110)                    2.720e+01                3.526e+01                7.200e-01                (78)                     1.588e+02                (76)                     []                       
86                       3.853e+03                (108)                    2.732e+01                3.141e+01                7.500e-01                (70)                     1.430e+02                (89)                     []                       
87                       3.277e+02                (10)                     9.368e+01                3.139e+01                7.270e-01                (77)                     1.581e+02                (77)                     []                       
88                       3.337e+03                (94)                     2.936e+01                2.890e+01                7.000e-01                (82)                     1.397e+02                (91)                     []                       
89                       2.969e+03                (81)                     3.112e+01                2.878e+01                6.400e-01                (94)                     1.497e+02                (84)                     []                       
90                       3.943e+03                (112)                    2.701e+01                2.672e+01                7.700e-01                (69)                     1.268e+02                (98)                     []                       
91                       8.941e+02                (23)                     5.671e+01                2.650e+01                5.980e-01                (100)                    1.595e+02                (75)                     []                       
92                       4.683e+01                (1)                      2.478e+02                2.602e+01                6.203e-01                (96)                     1.563e+02                (80)                     []                       
93                       2.095e+03                (56)                     3.705e+01                2.540e+01                8.600e-01                (59)                     1.069e+02                (114)                    []                       
94                       1.899e+03                (51)                     3.892e+01                2.539e+01                8.200e-01                (63)                     1.104e+02                (110)                    []                       
95                       2.586e+03                (70)                     3.335e+01                2.529e+01                6.700e-01                (89)                     1.317e+02                (95)                     []                       
96                       2.078e+03                (55)                     3.720e+01                2.372e+01                5.500e-01                (107)                    1.544e+02                (81)                     []                       
97                       1.760e+03                (47)                     4.042e+01                2.338e+01                6.200e-01                (98)                     1.324e+02                (92)                     []                       
98                       3.731e+03                (104)                    2.776e+01                2.322e+01                7.300e-01                (76)                     1.195e+02                (103)                    []                       
99                       2.959e+03                (80)                     3.118e+01                2.319e+01                5.400e-01                (110)                    1.511e+02                (83)                     []                       
100                      2.689e+03                (74)                     3.270e+01                2.306e+01                5.500e-01                (106)                    1.468e+02                (87)                     []                       
101                      1.075e+03                (27)                     5.173e+01                2.223e+01                6.700e-01                (88)                     1.176e+02                (104)                    []                       
102                      1.732e+03                (46)                     4.075e+01                2.118e+01                5.000e-01                (113)                    1.479e+02                (86)                     []                       
103                      3.971e+03                (113)                    2.691e+01                2.090e+01                6.900e-01                (84)                     1.071e+02                (113)                    []                       
104                      3.751e+03                (105)                    2.769e+01                2.082e+01                6.600e-01                (91)                     1.232e+02                (101)                    []                       
105                      6.630e+02                (17)                     6.586e+01                2.067e+01                6.620e-01                (90)                     1.124e+02                (107)                    []                       
106                      6.204e+02                (15)                     6.808e+01                2.067e+01                5.540e-01                (105)                    1.286e+02                (97)                     []                       
107                      3.422e+03                (96)                     2.899e+01                2.016e+01                5.400e-01                (109)                    1.321e+02                (93)                     []                       
108                      2.003e+03                (53)                     3.789e+01                2.003e+01                5.600e-01                (104)                    1.293e+02                (96)                     []                       
109                      1.557e+03                (41)                     4.298e+01                1.952e+01                6.300e-01                (95)                     1.135e+02                (106)                    []                       
110                      4.500e+02                (13)                     7.994e+01                1.780e+01                4.960e-01                (114)                    1.262e+02                (99)                     []                       
111                      3.694e+03                (103)                    2.790e+01                1.777e+01                6.100e-01                (99)                     1.110e+02                (109)                    []                       
112                      3.035e+03                (84)                     3.078e+01                1.715e+01                4.900e-01                (115)                    1.169e+02                (105)                    []                       
113                      4.082e+03                (116)                    2.654e+01                1.609e+01                5.100e-01                (111)                    1.086e+02                (112)                    []                       
114                      2.400e+03                (65)                     3.461e+01                1.562e+01                5.100e-01                (112)                    1.095e+02                (111)                    []                       
115                      1.430e+03                (37)                     4.485e+01                1.498e+01                4.800e-01                (118)                    1.114e+02                (108)                    []                       
116                      2.539e+03                (69)                     3.366e+01                1.472e+01                4.900e-01                (117)                    1.058e+02                (115)                    []                       
117                      3.141e+03                (88)                     3.026e+01                1.460e+01                5.400e-01                (108)                    1.034e+02                (118)                    []                       
118                      1.479e+03                (38)                     4.409e+01                1.460e+01                4.900e-01                (116)                    1.040e+02                (117)                    []                       
119                      6.830e+02                (18)                     6.489e+01                1.167e+01                3.970e-01                (119)                    1.046e+02                (116)                    []                       
