57-La_n-tot   PEAKS: ================================================================================================================================================================
Rank by Integral         Energy (eV)              Rank by Energy           TOF (us)                 Integral                 Peak Width               Rank by Peak Width       Peak Height              Rank by Peak Height      Relevant Isotope         
0                        2.998e+03                (23)                     3.097e+01                5.443e+03                3.789e+01                (0)                      4.930e+02                (6)                      []                       
1                        2.116e+03                (15)                     3.686e+01                2.232e+03                1.453e+01                (10)                     5.356e+02                (5)                      []                       
2                        1.179e+03                (6)                      4.939e+01                2.134e+03                7.590e+00                (17)                     9.578e+02                (1)                      []                       
3                        3.749e+03                (30)                     2.769e+01                1.932e+03                2.262e+01                (2)                      3.063e+02                (16)                     []                       
4                        4.361e+03                (33)                     2.568e+01                1.545e+03                1.553e+01                (6)                      3.372e+02                (13)                     []                       
5                        8.915e+03                (67)                     1.796e+01                1.119e+03                2.312e+01                (1)                      1.654e+02                (41)                     []                       
6                        4.650e+03                (35)                     2.487e+01                1.080e+03                1.557e+01                (5)                      2.459e+02                (19)                     []                       
7                        3.288e+03                (24)                     2.957e+01                8.942e+02                7.120e+00                (18)                     4.434e+02                (8)                      []                       
8                        6.462e+03                (47)                     2.109e+01                8.303e+02                1.628e+01                (4)                      1.766e+02                (34)                     []                       
9                        8.520e+03                (63)                     1.837e+01                7.953e+02                1.531e+01                (7)                      1.713e+02                (38)                     []                       
10                       6.864e+03                (49)                     2.047e+01                7.286e+02                1.480e+01                (9)                      1.664e+02                (40)                     []                       
11                       1.022e+04                (74)                     1.677e+01                6.480e+02                1.520e+01                (8)                      1.435e+02                (53)                     []                       
12                       2.152e+03                (16)                     3.656e+01                6.271e+02                3.380e+00                (31)                     6.503e+02                (3)                      []                       
13                       3.485e+03                (27)                     2.873e+01                5.911e+02                4.990e+00                (27)                     4.190e+02                (9)                      []                       
14                       7.230e+01                (0)                      1.994e+02                5.687e+02                3.039e-01                (70)                     6.350e+03                (0)                      []                       
15                       2.470e+03                (19)                     3.412e+01                5.658e+02                3.490e+00                (30)                     5.713e+02                (4)                      []                       
16                       9.992e+03                (73)                     1.696e+01                5.579e+02                1.674e+01                (3)                      1.144e+02                (72)                     []                       
17                       7.137e+03                (54)                     2.007e+01                4.469e+02                9.210e+00                (13)                     1.588e+02                (44)                     []                       
18                       1.422e+04                (87)                     1.422e+01                4.204e+02                1.370e+01                (11)                     1.029e+02                (85)                     []                       
19                       7.466e+03                (56)                     1.963e+01                3.973e+02                8.930e+00                (14)                     1.513e+02                (50)                     []                       
20                       1.313e+04                (82)                     1.480e+01                3.903e+02                1.240e+01                (12)                     1.117e+02                (75)                     []                       
21                       6.560e+03                (48)                     2.094e+01                3.498e+02                7.090e+00                (19)                     1.717e+02                (37)                     []                       
22                       5.353e+03                (39)                     2.318e+01                3.334e+02                5.540e+00                (23)                     2.064e+02                (28)                     []                       
23                       1.153e+04                (78)                     1.580e+01                3.284e+02                8.700e+00                (15)                     1.260e+02                (65)                     []                       
24                       5.833e+03                (41)                     2.220e+01                2.819e+02                4.070e+00                (28)                     2.416e+02                (21)                     []                       
25                       8.035e+03                (60)                     1.892e+01                2.776e+02                7.640e+00                (16)                     1.288e+02                (61)                     []                       
26                       1.117e+04                (77)                     1.604e+01                2.204e+02                6.000e+00                (21)                     1.292e+02                (60)                     []                       
27                       1.341e+04                (85)                     1.465e+01                2.186e+02                6.600e+00                (20)                     1.077e+02                (78)                     []                       
28                       2.857e+03                (21)                     3.173e+01                1.864e+02                1.340e+00                (45)                     4.648e+02                (7)                      []                       
29                       1.329e+04                (84)                     1.471e+01                1.741e+02                5.200e+00                (26)                     1.085e+02                (77)                     []                       
30                       9.880e+03                (72)                     1.706e+01                1.740e+02                5.320e+00                (24)                     1.128e+02                (74)                     []                       
31                       1.414e+04                (86)                     1.426e+01                1.727e+02                5.900e+00                (22)                     1.013e+02                (88)                     []                       
32                       1.435e+04                (88)                     1.416e+01                1.644e+02                5.300e+00                (25)                     1.025e+02                (86)                     []                       
33                       5.979e+03                (45)                     2.193e+01                1.304e+02                1.910e+00                (37)                     2.298e+02                (25)                     []                       
34                       1.241e+04                (81)                     1.522e+01                1.211e+02                3.700e+00                (29)                     1.136e+02                (73)                     []                       
35                       8.672e+03                (64)                     1.821e+01                1.183e+02                3.330e+00                (32)                     1.264e+02                (64)                     []                       
36                       6.991e+03                (50)                     2.028e+01                9.473e+01                1.720e+00                (39)                     1.909e+02                (30)                     []                       
37                       1.059e+04                (76)                     1.648e+01                8.136e+01                2.700e+00                (33)                     1.017e+02                (87)                     []                       
38                       1.038e+04                (75)                     1.665e+01                8.095e+01                2.500e+00                (34)                     1.045e+02                (82)                     []                       
39                       1.200e+04                (80)                     1.548e+01                7.763e+01                2.200e+00                (35)                     1.157e+02                (71)                     []                       
40                       3.729e+03                (29)                     2.777e+01                7.506e+01                9.900e-01                (49)                     2.610e+02                (18)                     []                       
41                       1.319e+04                (83)                     1.477e+01                6.966e+01                2.100e+00                (36)                     1.059e+02                (81)                     []                       
42                       8.363e+03                (62)                     1.854e+01                6.928e+01                1.840e+00                (38)                     1.233e+02                (67)                     []                       
43                       6.174e+02                (1)                      6.825e+01                6.778e+01                3.280e-01                (69)                     7.221e+02                (2)                      []                       
44                       8.023e+03                (59)                     1.893e+01                6.139e+01                1.620e+00                (41)                     1.268e+02                (63)                     []                       
45                       5.528e+03                (40)                     2.281e+01                6.091e+01                1.200e+00                (47)                     1.808e+02                (33)                     []                       
46                       6.998e+03                (51)                     2.027e+01                6.011e+01                1.440e+00                (43)                     1.447e+02                (52)                     []                       
47                       7.448e+03                (55)                     1.965e+01                5.993e+01                1.550e+00                (42)                     1.362e+02                (55)                     []                       
48                       7.904e+03                (58)                     1.907e+01                5.632e+01                1.320e+00                (46)                     1.528e+02                (48)                     []                       
49                       1.192e+04                (79)                     1.553e+01                5.524e+01                1.700e+00                (40)                     1.183e+02                (68)                     []                       
50                       7.100e+03                (53)                     2.013e+01                5.289e+01                1.380e+00                (44)                     1.362e+02                (56)                     []                       
51                       7.550e+03                (57)                     1.952e+01                4.676e+01                9.800e-01                (50)                     1.722e+02                (36)                     []                       
52                       4.818e+03                (37)                     2.443e+01                4.257e+01                6.500e-01                (59)                     2.313e+02                (24)                     []                       
53                       2.381e+03                (18)                     3.475e+01                4.033e+01                3.800e-01                (67)                     3.872e+02                (11)                     []                       
54                       8.180e+03                (61)                     1.875e+01                4.024e+01                8.800e-01                (52)                     1.568e+02                (45)                     []                       
55                       9.681e+03                (70)                     1.723e+01                3.962e+01                1.150e+00                (48)                     1.255e+02                (66)                     []                       
56                       6.336e+03                (46)                     2.130e+01                3.750e+01                6.800e-01                (56)                     1.866e+02                (31)                     []                       
57                       5.846e+03                (42)                     2.218e+01                3.748e+01                6.700e-01                (57)                     1.844e+02                (32)                     []                       
58                       8.689e+03                (65)                     1.819e+01                3.652e+01                7.400e-01                (54)                     1.743e+02                (35)                     []                       
59                       5.185e+03                (38)                     2.355e+01                3.401e+01                8.200e-01                (53)                     1.521e+02                (49)                     []                       
60                       8.755e+02                (3)                      5.731e+01                3.338e+01                2.730e-01                (73)                     4.171e+02                (10)                     []                       
61                       2.666e+03                (20)                     3.284e+01                2.991e+01                4.100e-01                (66)                     2.448e+02                (20)                     []                       
62                       8.835e+03                (66)                     1.804e+01                2.767e+01                7.100e-01                (55)                     1.368e+02                (54)                     []                       
63                       4.729e+03                (36)                     2.466e+01                2.695e+01                5.700e-01                (61)                     1.644e+02                (42)                     []                       
64                       9.219e+03                (68)                     1.766e+01                2.434e+01                9.300e-01                (51)                     1.059e+02                (80)                     []                       
65                       5.861e+03                (43)                     2.215e+01                2.411e+01                4.500e-01                (65)                     1.979e+02                (29)                     []                       
66                       9.628e+02                (5)                      5.465e+01                2.398e+01                2.770e-01                (72)                     3.110e+02                (15)                     []                       
67                       9.311e+03                (69)                     1.757e+01                2.351e+01                6.700e-01                (58)                     1.276e+02                (62)                     []                       
68                       4.614e+03                (34)                     2.497e+01                2.253e+01                6.000e-01                (60)                     1.361e+02                (57)                     []                       
69                       1.638e+03                (10)                     4.191e+01                2.189e+01                3.000e-01                (71)                     2.642e+02                (17)                     []                       
70                       7.061e+03                (52)                     2.018e+01                2.182e+01                4.800e-01                (63)                     1.542e+02                (46)                     []                       
71                       1.256e+03                (8)                      4.784e+01                1.985e+01                2.100e-01                (78)                     3.482e+02                (12)                     []                       
72                       4.275e+03                (32)                     2.594e+01                1.816e+01                3.700e-01                (68)                     1.707e+02                (39)                     []                       
73                       9.770e+03                (71)                     1.716e+01                1.658e+01                4.600e-01                (64)                     1.302e+02                (59)                     []                       
74                       5.880e+03                (44)                     2.211e+01                1.440e+01                5.100e-01                (62)                     1.036e+02                (84)                     []                       
75                       7.025e+02                (2)                      6.398e+01                1.396e+01                1.500e-01                (87)                     3.165e+02                (14)                     []                       
76                       1.652e+03                (11)                     4.172e+01                1.278e+01                1.900e-01                (80)                     2.329e+02                (23)                     []                       
77                       2.176e+03                (17)                     3.635e+01                1.244e+01                2.000e-01                (79)                     2.259e+02                (26)                     []                       
78                       1.208e+03                (7)                      4.879e+01                1.197e+01                1.800e-01                (81)                     2.397e+02                (22)                     []                       
79                       3.549e+03                (28)                     2.847e+01                1.034e+01                2.300e-01                (74)                     1.643e+02                (43)                     []                       
80                       9.053e+02                (4)                      5.636e+01                1.008e+01                1.600e-01                (85)                     2.166e+02                (27)                     []                       
81                       3.425e+03                (25)                     2.898e+01                9.151e+00                2.200e-01                (76)                     1.481e+02                (51)                     []                       
82                       2.976e+03                (22)                     3.109e+01                7.729e+00                2.200e-01                (77)                     1.347e+02                (58)                     []                       
83                       4.009e+03                (31)                     2.678e+01                7.475e+00                2.300e-01                (75)                     1.165e+02                (70)                     []                       
84                       1.917e+03                (13)                     3.873e+01                6.439e+00                1.500e-01                (88)                     1.538e+02                (47)                     []                       
85                       1.971e+03                (14)                     3.819e+01                5.332e+00                1.600e-01                (83)                     1.179e+02                (69)                     []                       
86                       3.457e+03                (26)                     2.884e+01                5.054e+00                1.700e-01                (82)                     1.042e+02                (83)                     []                       
87                       1.433e+03                (9)                      4.480e+01                4.719e+00                1.600e-01                (86)                     1.101e+02                (76)                     []                       
88                       1.826e+03                (12)                     3.968e+01                4.393e+00                1.600e-01                (84)                     1.073e+02                (79)                     []                       
