46-Pd_n-g   PEAKS: ================================================================================================================================================================
Rank by Integral         Energy (eV)              Rank by Energy           TOF (us)                 Integral                 Peak Width               Rank by Peak Width       Peak Height              Rank by Peak Height      Relevant Isotope         
0                        3.310e+01                (2)                      2.872e+02                1.155e+03                7.789e-01                (14)                     5.200e+03                (0)                      ['46-Pd-108_n-g']        
1                        9.080e+01                (6)                      1.734e+02                4.991e+02                9.827e-01                (6)                      1.683e+03                (1)                      ['46-Pd-108_n-g']        
2                        1.824e+02                (9)                      1.223e+02                2.040e+02                1.775e+00                (2)                      3.960e+02                (2)                      ['46-Pd-104_n-g']        
3                        2.819e+02                (14)                     9.841e+01                1.829e+02                1.956e+00                (0)                      3.111e+02                (6)                      ['46-Pd-106_n-g']        
4                        4.276e+02                (19)                     7.990e+01                1.105e+02                1.708e+00                (3)                      2.231e+02                (9)                      ['46-Pd-108_n-g']        
5                        6.362e+02                (27)                     6.551e+01                7.411e+01                1.874e+00                (1)                      1.342e+02                (27)                     ['46-Pd-108_n-g']        
6                        1.502e+02                (8)                      1.348e+02                7.333e+01                6.340e-01                (24)                     3.752e+02                (3)                      ['46-Pd-105_n-g']        
7                        3.056e+02                (15)                     9.451e+01                5.427e+01                8.910e-01                (8)                      2.009e+02                (12)                     ['46-Pd-105_n-g']        
8                        1.323e+01                (0)                      4.543e+02                5.182e+01                6.259e-01                (26)                     2.854e+02                (8)                      ['46-Pd-105_n-g']        
9                        7.773e+01                (4)                      1.874e+02                5.040e+01                5.792e-01                (28)                     3.077e+02                (7)                      ['46-Pd-105_n-g']        
10                       8.672e+01                (5)                      1.774e+02                4.920e+01                4.509e-01                (36)                     3.596e+02                (4)                      ['46-Pd-105_n-g']        
11                       3.547e+02                (17)                     8.774e+01                4.893e+01                8.960e-01                (7)                      1.883e+02                (15)                     ['46-Pd-105_n-g']        
12                       2.515e+01                (1)                      3.295e+02                4.614e+01                4.877e-01                (33)                     3.266e+02                (5)                      ['46-Pd-105_n-g']        
13                       4.668e+02                (22)                     7.648e+01                3.929e+01                1.042e+00                (4)                      1.319e+02                (28)                     ['46-Pd-105_n-g']        
14                       2.525e+02                (11)                     1.040e+02                3.928e+01                6.980e-01                (20)                     2.024e+02                (11)                     ['46-Pd-105_n-g']        
15                       3.472e+02                (16)                     8.867e+01                3.838e+01                7.320e-01                (18)                     1.774e+02                (16)                     ['46-Pd-105_n-g']        
16                       2.600e+02                (12)                     1.025e+02                3.715e+01                6.880e-01                (21)                     1.886e+02                (14)                     ['46-Pd-105_n-g']        
17                       5.521e+01                (3)                      2.224e+02                3.424e+01                5.082e-01                (32)                     2.226e+02                (10)                     ['46-Pd-105_n-g']        
18                       5.472e+02                (23)                     7.063e+01                3.165e+01                7.390e-01                (16)                     1.408e+02                (21)                     ['46-Pd-105_n-g']        
19                       1.398e+03                (37)                     4.419e+01                3.153e+01                1.000e+00                (5)                      1.021e+02                (42)                     []                       
20                       2.457e+03                (41)                     3.333e+01                3.118e+01                8.000e-01                (12)                     1.439e+02                (20)                     []                       
21                       5.910e+02                (24)                     6.796e+01                3.004e+01                7.380e-01                (17)                     1.388e+02                (23)                     ['46-Pd-105_n-g']        
22                       4.497e+02                (21)                     7.791e+01                2.930e+01                8.510e-01                (10)                     1.208e+02                (30)                     ['46-Pd-105_n-g']        
23                       6.053e+02                (26)                     6.716e+01                2.876e+01                7.760e-01                (15)                     1.239e+02                (29)                     ['46-Pd-105_n-g']        
24                       7.807e+02                (29)                     5.913e+01                2.858e+01                8.890e-01                (9)                      1.078e+02                (37)                     ['46-Pd-105_n-g']        
25                       4.314e+02                (20)                     7.955e+01                2.663e+01                6.510e-01                (22)                     1.384e+02                (24)                     ['46-Pd-105_n-g']        
26                       7.121e+02                (28)                     6.192e+01                2.593e+01                8.200e-01                (11)                     1.104e+02                (35)                     ['46-Pd-105_n-g']        
27                       1.585e+03                (39)                     4.150e+01                2.400e+01                8.000e-01                (13)                     1.043e+02                (40)                     []                       
28                       1.840e+02                (10)                     1.218e+02                2.372e+01                6.450e-01                (23)                     1.371e+02                (26)                     ['46-Pd-105_n-g']        
29                       1.412e+02                (7)                      1.390e+02                2.317e+01                5.820e-01                (27)                     1.389e+02                (22)                     ['46-Pd-105_n-g']        
30                       1.438e+03                (38)                     4.358e+01                2.264e+01                6.300e-01                (25)                     1.125e+02                (34)                     []                       
31                       9.624e+02                (32)                     5.326e+01                2.176e+01                4.240e-01                (39)                     1.720e+02                (17)                     []                       
32                       7.945e+02                (30)                     5.862e+01                2.172e+01                7.030e-01                (19)                     1.004e+02                (44)                     []                       
33                       1.005e+03                (35)                     5.211e+01                2.004e+01                4.300e-01                (38)                     1.600e+02                (18)                     []                       
34                       2.784e+03                (44)                     3.132e+01                1.914e+01                5.500e-01                (29)                     1.193e+02                (31)                     []                       
35                       2.698e+03                (43)                     3.181e+01                1.614e+01                4.700e-01                (35)                     1.139e+02                (33)                     []                       
36                       1.716e+03                (40)                     3.989e+01                1.585e+01                5.100e-01                (30)                     1.023e+02                (41)                     []                       
37                       2.598e+03                (42)                     3.241e+01                1.565e+01                5.100e-01                (31)                     1.097e+02                (36)                     []                       
38                       3.707e+02                (18)                     8.582e+01                1.543e+01                4.860e-01                (34)                     1.062e+02                (38)                     []                       
39                       1.363e+03                (36)                     4.475e+01                1.305e+01                4.400e-01                (37)                     1.048e+02                (39)                     []                       
40                       1.004e+03                (34)                     5.214e+01                1.303e+01                3.500e-01                (41)                     1.379e+02                (25)                     []                       
41                       2.633e+02                (13)                     1.018e+02                1.192e+01                2.060e-01                (44)                     1.900e+02                (13)                     []                       
42                       9.675e+02                (33)                     5.312e+01                1.165e+01                4.130e-01                (40)                     1.014e+02                (43)                     []                       
43                       5.934e+02                (25)                     6.783e+01                8.686e+00                2.670e-01                (42)                     1.523e+02                (19)                     []                       
44                       8.579e+02                (31)                     5.641e+01                7.134e+00                2.160e-01                (43)                     1.186e+02                (32)                     []                       
