78-Pt_n-g   PEAKS: ================================================================================================================================================================
Rank by Integral         Energy (eV)              Rank by Energy           TOF (us)                 Integral                 Peak Width               Rank by Peak Width       Peak Height              Rank by Peak Height      Relevant Isotope         
0                        1.190e+01                (0)                      4.790e+02                5.198e+02                4.110e-01                (53)                     4.262e+03                (0)                      ['78-Pt-196_n-g']        
1                        1.205e+02                (8)                      1.505e+02                3.258e+02                8.210e-01                (22)                     1.345e+03                (3)                      []                       
2                        6.770e+01                (4)                      2.008e+02                2.918e+02                5.885e-01                (40)                     1.799e+03                (2)                      []                       
3                        1.504e+02                (10)                     1.347e+02                2.848e+02                1.034e+00                (10)                     9.862e+02                (5)                      []                       
4                        1.960e+01                (1)                      3.732e+02                2.363e+02                3.821e-01                (54)                     2.131e+03                (1)                      []                       
5                        9.582e+01                (5)                      1.688e+02                1.917e+02                1.764e+00                (1)                      3.689e+02                (18)                     []                       
6                        1.399e+02                (9)                      1.397e+02                1.797e+02                5.440e-01                (44)                     1.088e+03                (4)                      []                       
7                        1.547e+02                (11)                     1.328e+02                1.695e+02                2.190e+00                (0)                      2.788e+02                (26)                     []                       
8                        6.710e+01                (3)                      2.017e+02                1.518e+02                8.550e-01                (20)                     8.350e+02                (6)                      []                       
9                        5.293e+02                (30)                     7.182e+01                1.245e+02                1.362e+00                (5)                      3.135e+02                (23)                     []                       
10                       3.034e+02                (20)                     9.486e+01                1.235e+02                7.970e-01                (23)                     5.480e+02                (10)                     ['78-Pt-196_n-g']        
11                       3.770e+02                (22)                     8.510e+01                1.039e+02                8.630e-01                (19)                     3.949e+02                (16)                     ['78-Pt-198_n-g']        
12                       7.093e+02                (37)                     6.204e+01                1.031e+02                1.551e+00                (4)                      2.276e+02                (30)                     []                       
13                       2.569e+02                (15)                     1.031e+02                1.020e+02                6.170e-01                (38)                     5.908e+02                (8)                      []                       
14                       1.118e+02                (6)                      1.563e+02                9.936e+01                5.470e-01                (43)                     6.485e+02                (7)                      []                       
15                       2.856e+02                (18)                     9.777e+01                9.790e+01                5.980e-01                (39)                     5.602e+02                (9)                      []                       
16                       4.900e+02                (26)                     7.464e+01                8.898e+01                8.700e-01                (17)                     3.459e+02                (20)                     ['78-Pt-195_n-g']        
17                       2.222e+02                (14)                     1.108e+02                8.504e+01                5.360e-01                (45)                     5.200e+02                (12)                     []                       
18                       4.923e+02                (28)                     7.447e+01                8.409e+01                6.770e-01                (35)                     4.208e+02                (14)                     ['78-Pt-198_n-g']        
19                       3.023e+02                (19)                     9.503e+01                7.815e+01                5.200e-01                (47)                     5.280e+02                (11)                     []                       
20                       4.101e+02                (24)                     8.159e+01                7.793e+01                6.430e-01                (37)                     4.064e+02                (15)                     []                       
21                       5.488e+02                (31)                     7.053e+01                7.729e+01                9.050e-01                (16)                     2.967e+02                (24)                     []                       
22                       4.911e+02                (27)                     7.456e+01                7.476e+01                7.040e-01                (33)                     3.420e+02                (22)                     ['78-Pt-192_n-g']        
23                       7.799e+02                (39)                     5.917e+01                7.390e+01                1.101e+00                (9)                      2.117e+02                (32)                     []                       
24                       4.848e+02                (25)                     7.504e+01                7.232e+01                7.390e-01                (28)                     3.424e+02                (21)                     []                       
25                       1.885e+02                (12)                     1.203e+02                7.105e+01                4.550e-01                (51)                     5.130e+02                (13)                     ['78-Pt-196_n-g']        
26                       5.656e+02                (33)                     6.948e+01                7.066e+01                8.680e-01                (18)                     2.889e+02                (25)                     ['78-Pt-192_n-g']        
27                       7.635e+02                (38)                     5.980e+01                6.244e+01                1.008e+00                (11)                     2.138e+02                (31)                     []                       
28                       5.587e+02                (32)                     6.990e+01                5.845e+01                7.260e-01                (30)                     2.681e+02                (27)                     []                       
29                       1.135e+03                (48)                     4.904e+01                5.410e+01                1.650e+00                (2)                      1.111e+02                (51)                     []                       
30                       1.140e+03                (49)                     4.895e+01                5.335e+01                1.560e+00                (3)                      1.148e+02                (50)                     []                       
31                       3.828e+02                (23)                     8.445e+01                5.121e+01                4.940e-01                (49)                     3.556e+02                (19)                     []                       
32                       7.942e+02                (40)                     5.863e+01                4.765e+01                7.860e-01                (24)                     2.081e+02                (33)                     []                       
33                       1.001e+03                (45)                     5.222e+01                4.761e+01                9.900e-01                (12)                     1.647e+02                (41)                     []                       
34                       1.206e+03                (50)                     4.759e+01                4.491e+01                1.170e+00                (7)                      1.282e+02                (46)                     []                       
35                       1.016e+03                (46)                     5.184e+01                4.479e+01                9.200e-01                (14)                     1.635e+02                (42)                     []                       
36                       1.310e+03                (52)                     4.566e+01                4.269e+01                1.250e+00                (6)                      1.163e+02                (49)                     []                       
37                       2.048e+02                (13)                     1.155e+02                4.265e+01                5.830e-01                (41)                     2.543e+02                (28)                     []                       
38                       9.449e+02                (44)                     5.375e+01                3.994e+01                7.850e-01                (25)                     1.740e+02                (38)                     []                       
39                       8.726e+02                (43)                     5.593e+01                3.919e+01                7.320e-01                (29)                     1.835e+02                (35)                     []                       
40                       6.598e+02                (35)                     6.433e+01                3.906e+01                6.850e-01                (34)                     1.826e+02                (36)                     []                       
41                       2.617e+02                (16)                     1.021e+02                3.822e+01                7.100e-01                (32)                     1.821e+02                (37)                     []                       
42                       1.379e+03                (54)                     4.449e+01                3.686e+01                1.150e+00                (8)                      1.057e+02                (55)                     []                       
43                       1.193e+02                (7)                      1.513e+02                3.543e+01                3.360e-01                (57)                     3.838e+02                (17)                     []                       
44                       3.096e+02                (21)                     9.391e+01                3.475e+01                8.370e-01                (21)                     1.397e+02                (44)                     []                       
45                       1.045e+03                (47)                     5.112e+01                3.421e+01                7.500e-01                (27)                     1.572e+02                (43)                     []                       
46                       8.481e+02                (42)                     5.674e+01                3.250e+01                6.480e-01                (36)                     1.729e+02                (39)                     []                       
47                       6.800e+02                (36)                     6.336e+01                2.942e+01                5.100e-01                (48)                     1.885e+02                (34)                     []                       
48                       1.513e+03                (55)                     4.249e+01                2.905e+01                9.100e-01                (15)                     1.102e+02                (52)                     []                       
49                       1.626e+03                (56)                     4.098e+01                2.852e+01                9.500e-01                (13)                     1.017e+02                (56)                     []                       
50                       1.323e+03                (53)                     4.543e+01                2.665e+01                7.200e-01                (31)                     1.242e+02                (47)                     []                       
51                       2.800e+02                (17)                     9.874e+01                2.598e+01                3.800e-01                (55)                     2.315e+02                (29)                     []                       
52                       2.124e+03                (57)                     3.585e+01                2.275e+01                7.500e-01                (26)                     1.017e+02                (57)                     []                       
53                       5.904e+02                (34)                     6.800e+01                2.139e+01                4.270e-01                (52)                     1.681e+02                (40)                     ['78-Pt-196_n-g']        
54                       8.109e+02                (41)                     5.802e+01                2.123e+01                5.250e-01                (46)                     1.347e+02                (45)                     []                       
55                       1.228e+03                (51)                     4.715e+01                2.064e+01                5.600e-01                (42)                     1.201e+02                (48)                     []                       
56                       5.172e+02                (29)                     7.265e+01                1.502e+01                4.800e-01                (50)                     1.074e+02                (54)                     []                       
57                       4.650e+01                (2)                      2.423e+02                1.171e+01                3.605e-01                (56)                     1.096e+02                (53)                     ['78-Pt-195_n-g']        
