64-Gd_n-g   PEAKS: ================================================================================================================================================================
Rank by Integral         Energy (eV)              Rank by Energy           TOF (us)                 Integral                 Peak Width               Rank by Peak Width       Peak Height              Rank by Peak Height      Relevant Isotope         
0                        8.010e+01                (35)                     1.846e+02                2.727e+02                5.526e-01                (27)                     1.689e+03                (3)                      ['64-Gd-157_n-g']        
1                        2.230e+01                (11)                     3.499e+02                2.149e+02                3.511e-01                (88)                     2.031e+03                (0)                      ['64-Gd-160_n-g']        
2                        3.323e+01                (16)                     2.866e+02                2.036e+02                3.369e-01                (95)                     1.975e+03                (1)                      ['64-Gd-157_n-g']        
3                        1.677e+01                (7)                      4.035e+02                1.718e+02                3.281e-01                (100)                    1.823e+03                (2)                      ['64-Gd-158_n-g']        
4                        1.985e+02                (81)                     1.173e+02                1.658e+02                1.104e+00                (7)                      5.421e+02                (16)                     ['64-Gd-157_n-g']        
5                        2.103e+01                (10)                     3.603e+02                1.499e+02                3.534e-01                (87)                     1.394e+03                (5)                      ['64-Gd-156_n-g']        
6                        2.568e+00                (1)                      1.031e+03                1.436e+02                3.263e-01                (101)                    1.464e+03                (4)                      ['64-Gd-156_n-g']        
7                        2.056e+01                (9)                      3.644e+02                1.203e+02                3.192e-01                (105)                    1.297e+03                (6)                      ['64-Gd-158_n-g']        
8                        4.091e+02                (99)                     8.169e+01                1.151e+02                1.197e+00                (4)                      3.238e+02                (34)                     ['64-Gd-160_n-g']        
9                        1.209e+02                (53)                     1.503e+02                1.150e+02                7.490e-01                (16)                     5.160e+02                (17)                     ['64-Gd-158_n-g']        
10                       3.410e+02                (96)                     8.948e+01                1.126e+02                2.551e+00                (1)                      1.592e+02                (81)                     ['64-Gd-157_n-g']        
11                       3.448e+02                (97)                     8.898e+01                1.102e+02                8.290e-01                (12)                     4.553e+02                (21)                     ['64-Gd-160_n-g']        
12                       4.789e+02                (103)                    7.550e+01                1.065e+02                1.467e+00                (2)                      2.440e+02                (58)                     []                       
13                       4.880e+01                (24)                     2.365e+02                1.053e+02                4.221e-01                (59)                     8.797e+02                (7)                      ['64-Gd-158_n-g']        
14                       2.427e+02                (86)                     1.061e+02                1.033e+02                5.720e-01                (25)                     6.260e+02                (13)                     ['64-Gd-160_n-g']        
15                       5.838e+01                (28)                     2.163e+02                9.770e+01                4.345e-01                (57)                     7.523e+02                (9)                      ['64-Gd-158_n-g']        
16                       5.033e+02                (104)                    7.365e+01                9.494e+01                1.192e+00                (5)                      2.703e+02                (49)                     ['64-Gd-160_n-g']        
17                       2.220e+02                (84)                     1.109e+02                9.256e+01                5.790e-01                (24)                     5.466e+02                (15)                     []                       
18                       2.018e+02                (82)                     1.163e+02                8.644e+01                4.310e-01                (58)                     6.768e+02                (11)                     ['64-Gd-157_n-g']        
19                       6.929e+02                (107)                    6.277e+01                8.105e+01                2.941e+00                (0)                      1.003e+02                (119)                    ['64-Gd-160_n-g']        
20                       1.379e+02                (59)                     1.407e+02                7.955e+01                5.200e-01                (31)                     4.751e+02                (20)                     ['64-Gd-156_n-g',        '64-Gd-158_n-g']         
21                       3.767e+02                (98)                     8.513e+01                7.954e+01                8.660e-01                (11)                     3.373e+02                (31)                     ['64-Gd-157_n-g']        
22                       3.010e+01                (15)                     3.012e+02                7.898e+01                4.012e-01                (64)                     6.951e+02                (10)                     ['64-Gd-156_n-g']        
23                       6.300e+00                (3)                      6.583e+02                7.672e+01                3.944e-01                (67)                     6.577e+02                (12)                     ['64-Gd-156_n-g']        
24                       1.504e+02                (68)                     1.347e+02                7.228e+01                3.340e-01                (98)                     8.362e+02                (8)                      ['64-Gd-156_n-g',        '64-Gd-157_n-g']         
25                       2.085e+02                (83)                     1.144e+02                6.953e+01                7.510e-01                (15)                     3.170e+02                (36)                     ['64-Gd-158_n-g']        
26                       1.105e+02                (48)                     1.572e+02                6.672e+01                3.820e-01                (77)                     5.680e+02                (14)                     ['64-Gd-158_n-g']        
27                       1.435e+02                (63)                     1.379e+02                6.357e+01                4.890e-01                (36)                     4.337e+02                (23)                     ['64-Gd-158_n-g']        
28                       4.514e+02                (101)                    7.777e+01                5.556e+01                6.320e-01                (19)                     2.970e+02                (39)                     ['64-Gd-157_n-g']        
29                       5.157e+02                (105)                    7.276e+01                5.539e+01                7.890e-01                (13)                     2.478e+02                (57)                     ['64-Gd-157_n-g']        
30                       1.992e+01                (8)                      3.702e+02                5.415e+01                3.845e-01                (76)                     5.056e+02                (18)                     ['64-Gd-156_n-g']        
31                       4.770e+02                (102)                    7.565e+01                5.398e+01                6.880e-01                (18)                     2.834e+02                (43)                     ['64-Gd-157_n-g']        
32                       1.388e+02                (60)                     1.402e+02                5.195e+01                4.110e-01                (63)                     4.392e+02                (22)                     ['64-Gd-155_n-g',        '64-Gd-158_n-g']         
33                       1.002e+02                (42)                     1.651e+02                4.838e+01                4.371e-01                (55)                     3.720e+02                (25)                     ['64-Gd-158_n-g']        
34                       5.138e+01                (25)                     2.305e+02                4.640e+01                4.556e-01                (48)                     3.562e+02                (27)                     ['64-Gd-156_n-g']        
35                       5.213e+01                (26)                     2.288e+02                4.585e+01                4.347e-01                (56)                     3.501e+02                (28)                     ['64-Gd-156_n-g']        
36                       5.885e+02                (106)                    6.811e+01                4.404e+01                6.210e-01                (20)                     2.560e+02                (54)                     ['64-Gd-160_n-g']        
37                       1.053e+02                (45)                     1.610e+02                4.343e+01                3.850e-01                (74)                     3.661e+02                (26)                     ['64-Gd-158_n-g']        
38                       7.297e+02                (109)                    6.117e+01                4.187e+01                1.240e+00                (3)                      1.197e+02                (105)                    ['64-Gd-157_n-g']        
39                       1.564e+02                (69)                     1.321e+02                4.049e+01                4.590e-01                (45)                     2.769e+02                (47)                     ['64-Gd-158_n-g']        
40                       2.393e+02                (85)                     1.068e+02                4.006e+01                1.084e+00                (8)                      1.292e+02                (98)                     ['64-Gd-158_n-g']        
41                       1.944e+02                (80)                     1.185e+02                3.996e+01                4.610e-01                (44)                     3.087e+02                (38)                     ['64-Gd-158_n-g']        
42                       7.943e+02                (110)                    5.863e+01                3.930e+01                9.740e-01                (9)                      1.446e+02                (84)                     ['64-Gd-157_n-g']        
43                       4.422e+01                (22)                     2.485e+02                3.908e+01                2.850e-01                (117)                    4.771e+02                (19)                     ['64-Gd-158_n-g']        
44                       1.308e+02                (58)                     1.445e+02                3.857e+01                5.530e-01                (26)                     2.384e+02                (59)                     ['64-Gd-156_n-g']        
45                       9.659e+01                (40)                     1.681e+02                3.752e+01                4.568e-01                (46)                     2.834e+02                (42)                     ['64-Gd-158_n-g']        
46                       1.154e+02                (51)                     1.538e+02                3.623e+01                4.430e-01                (53)                     2.804e+02                (46)                     ['64-Gd-158_n-g']        
47                       8.422e+02                (111)                    5.694e+01                3.579e+01                7.710e-01                (14)                     1.647e+02                (77)                     ['64-Gd-157_n-g']        
48                       4.392e+01                (21)                     2.493e+02                3.524e+01                3.856e-01                (73)                     3.484e+02                (29)                     ['64-Gd-156_n-g']        
49                       7.750e+00                (4)                      5.935e+02                3.490e+01                4.220e-01                (60)                     2.810e+02                (45)                     ['64-Gd-156_n-g']        
50                       1.735e+02                (76)                     1.254e+02                3.374e+01                4.490e-01                (51)                     2.497e+02                (56)                     ['64-Gd-156_n-g']        
51                       1.068e+03                (117)                    5.056e+01                3.342e+01                1.170e+00                (6)                      1.052e+02                (114)                    ['64-Gd-160_n-g']        
52                       9.001e+02                (113)                    5.507e+01                3.315e+01                8.690e-01                (10)                     1.392e+02                (89)                     ['64-Gd-157_n-g']        
53                       5.374e+01                (27)                     2.254e+02                3.299e+01                3.618e-01                (84)                     3.245e+02                (32)                     ['64-Gd-156_n-g']        
54                       2.958e+01                (14)                     3.038e+02                3.250e+01                3.623e-01                (83)                     3.127e+02                (37)                     ['64-Gd-156_n-g']        
55                       1.451e+01                (6)                      4.338e+02                3.212e+01                3.725e-01                (80)                     2.965e+02                (40)                     ['64-Gd-156_n-g']        
56                       1.234e+02                (54)                     1.487e+02                3.188e+01                6.160e-01                (21)                     1.836e+02                (72)                     ['64-Gd-156_n-g']        
57                       8.148e+01                (36)                     1.830e+02                3.112e+01                4.115e-01                (62)                     2.576e+02                (53)                     ['64-Gd-158_n-g']        
58                       7.055e+02                (108)                    6.221e+01                3.026e+01                5.360e-01                (28)                     1.975e+02                (64)                     ['64-Gd-157_n-g']        
59                       2.367e+01                (12)                     3.396e+02                2.977e+01                3.898e-01                (70)                     2.603e+02                (52)                     ['64-Gd-156_n-g']        
60                       6.665e+01                (32)                     2.024e+02                2.891e+01                2.910e-01                (113)                    3.427e+02                (30)                     ['64-Gd-158_n-g']        
61                       6.284e+01                (30)                     2.084e+02                2.830e+01                3.197e-01                (104)                    2.916e+02                (41)                     ['64-Gd-156_n-g']        
62                       8.746e+01                (39)                     1.767e+02                2.800e+01                4.759e-01                (42)                     2.014e+02                (63)                     ['64-Gd-158_n-g']        
63                       3.712e+01                (20)                     2.712e+02                2.760e+01                3.178e-01                (106)                    2.830e+02                (44)                     ['64-Gd-156_n-g']        
64                       9.811e+02                (114)                    5.275e+01                2.723e+01                6.990e-01                (17)                     1.354e+02                (91)                     ['64-Gd-157_n-g']        
65                       1.138e+02                (50)                     1.549e+02                2.720e+01                2.850e-01                (116)                    3.243e+02                (33)                     ['64-Gd-156_n-g']        
66                       2.772e+02                (90)                     9.924e+01                2.648e+01                3.360e-01                (96)                     2.671e+02                (50)                     ['64-Gd-160_n-g']        
67                       5.932e+01                (29)                     2.145e+02                2.645e+01                4.808e-01                (39)                     1.953e+02                (67)                     ['64-Gd-156_n-g']        
68                       1.616e+02                (71)                     1.300e+02                2.627e+01                4.560e-01                (47)                     1.972e+02                (65)                     ['64-Gd-156_n-g']        
69                       2.008e+00                (0)                      1.166e+03                2.423e+01                3.572e-01                (85)                     2.668e+02                (51)                     ['64-Gd-156_n-g']        
70                       3.483e+01                (18)                     2.800e+02                2.392e+01                5.086e-01                (34)                     1.604e+02                (78)                     ['64-Gd-156_n-g']        
71                       9.830e+01                (41)                     1.667e+02                2.333e+01                4.779e-01                (40)                     1.766e+02                (74)                     ['64-Gd-156_n-g']        
72                       4.687e+01                (23)                     2.413e+02                2.286e+01                3.392e-01                (94)                     2.555e+02                (55)                     ['64-Gd-156_n-g']        
73                       1.496e+02                (66)                     1.351e+02                2.284e+01                4.520e-01                (49)                     1.836e+02                (71)                     ['64-Gd-156_n-g']        
74                       1.054e+03                (116)                    5.089e+01                2.247e+01                6.000e-01                (22)                     1.325e+02                (95)                     ['64-Gd-157_n-g']        
75                       1.393e+02                (62)                     1.400e+02                2.235e+01                4.390e-01                (54)                     1.757e+02                (75)                     ['64-Gd-155_n-g',        '64-Gd-158_n-g']         
76                       1.096e+03                (118)                    4.991e+01                2.182e+01                6.000e-01                (23)                     1.266e+02                (101)                    []                       
77                       6.940e+01                (33)                     1.983e+02                2.110e+01                3.928e-01                (69)                     1.813e+02                (73)                     ['64-Gd-156_n-g']        
78                       1.484e+02                (65)                     1.356e+02                2.105e+01                2.940e-01                (112)                    2.730e+02                (48)                     ['64-Gd-155_n-g',        '64-Gd-158_n-g']         
79                       1.683e+02                (73)                     1.274e+02                2.073e+01                4.770e-01                (41)                     1.479e+02                (83)                     ['64-Gd-156_n-g']        
80                       4.479e+02                (100)                    7.807e+01                2.070e+01                3.790e-01                (79)                     1.971e+02                (66)                     []                       
81                       1.260e+02                (57)                     1.472e+02                2.056e+01                4.620e-01                (43)                     1.552e+02                (82)                     ['64-Gd-156_n-g']        
82                       2.810e+02                (91)                     9.856e+01                2.012e+01                5.020e-01                (35)                     1.414e+02                (87)                     ['64-Gd-158_n-g']        
83                       1.785e+02                (77)                     1.237e+02                1.950e+01                4.840e-01                (37)                     1.306e+02                (97)                     ['64-Gd-158_n-g']        
84                       1.648e+02                (72)                     1.287e+02                1.942e+01                3.700e-01                (81)                     1.849e+02                (70)                     ['64-Gd-158_n-g']        
85                       2.908e+02                (93)                     9.689e+01                1.929e+01                4.810e-01                (38)                     1.371e+02                (90)                     ['64-Gd-158_n-g']        
86                       2.937e+02                (94)                     9.641e+01                1.913e+01                5.270e-01                (30)                     1.354e+02                (92)                     ['64-Gd-158_n-g']        
87                       1.124e+02                (49)                     1.559e+02                1.862e+01                3.430e-01                (91)                     1.917e+02                (68)                     ['64-Gd-156_n-g']        
88                       2.540e+01                (13)                     3.278e+02                1.861e+01                3.023e-01                (110)                    2.124e+02                (60)                     ['64-Gd-158_n-g']        
89                       8.230e+01                (37)                     1.821e+02                1.818e+01                3.136e-01                (107)                    2.017e+02                (62)                     ['64-Gd-158_n-g']        
90                       1.838e+02                (78)                     1.219e+02                1.800e+01                3.800e-01                (78)                     1.652e+02                (76)                     ['64-Gd-158_n-g']        
91                       3.009e+02                (95)                     9.525e+01                1.789e+01                5.280e-01                (29)                     1.280e+02                (100)                    ['64-Gd-158_n-g']        
92                       1.712e+02                (74)                     1.263e+02                1.774e+01                3.440e-01                (90)                     2.115e+02                (61)                     ['64-Gd-158_n-g']        
93                       1.165e+02                (52)                     1.531e+02                1.760e+01                3.930e-01                (68)                     1.438e+02                (85)                     ['64-Gd-156_n-g']        
94                       2.825e+00                (2)                      9.831e+02                1.716e+01                2.387e-01                (121)                    3.893e+02                (24)                     ['64-Gd-158_n-g']        
95                       1.906e+02                (79)                     1.197e+02                1.712e+01                3.850e-01                (75)                     1.597e+02                (80)                     ['64-Gd-158_n-g']        
96                       1.199e+01                (5)                      4.772e+02                1.631e+01                3.344e-01                (97)                     1.598e+02                (79)                     ['64-Gd-156_n-g']        
97                       1.240e+02                (55)                     1.484e+02                1.597e+01                5.130e-01                (33)                     1.199e+02                (104)                    ['64-Gd-155_n-g']        
98                       8.420e+01                (38)                     1.801e+02                1.537e+01                4.463e-01                (52)                     1.253e+02                (102)                    ['64-Gd-156_n-g']        
99                       1.034e+03                (115)                    5.137e+01                1.470e+01                3.500e-01                (89)                     1.336e+02                (94)                     []                       
100                      1.320e+03                (120)                    4.547e+01                1.466e+01                5.200e-01                (32)                     1.044e+02                (115)                    []                       
101                      8.568e+02                (112)                    5.645e+01                1.351e+01                3.630e-01                (82)                     1.291e+02                (99)                     []                       
102                      1.601e+02                (70)                     1.306e+02                1.347e+01                3.990e-01                (65)                     1.134e+02                (112)                    ['64-Gd-152_n-g',        '64-Gd-156_n-g']         
103                      1.071e+02                (46)                     1.597e+02                1.330e+01                3.970e-01                (66)                     1.179e+02                (108)                    ['64-Gd-156_n-g']        
104                      3.547e+01                (19)                     2.774e+02                1.276e+01                4.517e-01                (50)                     1.082e+02                (113)                    ['64-Gd-156_n-g']        
105                      7.880e+01                (34)                     1.861e+02                1.247e+01                3.884e-01                (71)                     1.180e+02                (107)                    ['64-Gd-156_n-g']        
106                      1.077e+02                (47)                     1.592e+02                1.227e+01                2.980e-01                (111)                    1.409e+02                (88)                     ['64-Gd-158_n-g']        
107                      1.044e+02                (44)                     1.617e+02                1.190e+01                4.190e-01                (61)                     1.012e+02                (117)                    ['64-Gd-156_n-g']        
108                      6.506e+01                (31)                     2.048e+02                1.183e+01                2.422e-01                (120)                    1.887e+02                (69)                     ['64-Gd-155_n-g']        
109                      1.007e+02                (43)                     1.647e+02                1.160e+01                3.420e-01                (93)                     1.241e+02                (103)                    ['64-Gd-155_n-g']        
110                      2.876e+02                (92)                     9.743e+01                1.080e+01                3.220e-01                (102)                    1.167e+02                (109)                    ['64-Gd-158_n-g']        
111                      2.601e+02                (88)                     1.025e+02                1.079e+01                3.880e-01                (72)                     1.036e+02                (116)                    ['64-Gd-158_n-g']        
112                      1.244e+02                (56)                     1.481e+02                1.061e+01                3.560e-01                (86)                     1.153e+02                (110)                    ['64-Gd-156_n-g']        
113                      2.464e+02                (87)                     1.053e+02                9.182e+00                3.430e-01                (92)                     1.003e+02                (120)                    ['64-Gd-158_n-g']        
114                      2.680e+02                (89)                     1.009e+02                9.079e+00                3.290e-01                (99)                     1.008e+02                (118)                    ['64-Gd-158_n-g']        
115                      1.241e+03                (119)                    4.691e+01                7.917e+00                2.900e-01                (114)                    1.000e+02                (121)                    []                       
116                      1.584e+03                (121)                    4.151e+01                6.439e+00                3.200e-01                (103)                    1.146e+02                (111)                    []                       
117                      1.714e+02                (75)                     1.262e+02                5.687e+00                2.730e-01                (118)                    1.189e+02                (106)                    ['64-Gd-156_n-g']        
118                      1.482e+02                (64)                     1.357e+02                4.603e+00                2.880e-01                (115)                    1.433e+02                (86)                     ['64-Gd-156_n-g']        
119                      1.502e+02                (67)                     1.348e+02                1.462e+00                3.030e-01                (109)                    3.170e+02                (35)                     ['64-Gd-156_n-g',        '64-Gd-157_n-g']         
120                      1.392e+02                (61)                     1.400e+02                -1.913e+00               2.430e-01                (119)                    1.341e+02                (93)                     ['64-Gd-155_n-g']        
121                      3.348e+01                (17)                     2.856e+02                -4.759e+00               3.118e-01                (108)                    1.318e+02                (96)                     ['64-Gd-156_n-g',        '64-Gd-156_n-g',         '64-Gd-157_n-g']         
