41-Nb_n-tot   PEAKS: ================================================================================================================================================================
Rank by Integral         Energy (eV)              Rank by Energy           TOF (us)                 Integral                 Peak Width               Rank by Peak Width       Peak Height              Rank by Peak Height      Relevant Isotope         
0                        2.641e+03                (39)                     3.300e+01                1.528e+03                1.184e+01                (3)                      4.297e+02                (15)                     ['41-Nb-93_n-tot']       
1                        5.153e+03                (66)                     2.362e+01                1.277e+03                2.012e+01                (0)                      2.167e+02                (38)                     []                       
2                        2.420e+03                (35)                     3.447e+01                1.226e+03                7.340e+00                (8)                      5.593e+02                (8)                      []                       
3                        6.976e+03                (94)                     2.030e+01                9.661e+02                1.568e+01                (1)                      2.050e+02                (41)                     []                       
4                        4.599e+03                (63)                     2.501e+01                8.623e+02                1.181e+01                (4)                      2.476e+02                (31)                     ['41-Nb-93_n-tot']       
5                        1.452e+03                (16)                     4.450e+01                7.833e+02                3.880e+00                (21)                     6.731e+02                (5)                      []                       
6                        1.009e+03                (8)                      5.339e+01                7.320e+02                4.890e+00                (15)                     5.078e+02                (10)                     []                       
7                        3.675e+03                (52)                     2.797e+01                7.222e+02                7.060e+00                (9)                      3.545e+02                (19)                     ['41-Nb-93_n-tot']       
8                        6.003e+03                (78)                     2.189e+01                6.984e+02                1.034e+01                (5)                      2.262e+02                (36)                     ['41-Nb-93_n-tot']       
9                        6.532e+03                (86)                     2.098e+01                6.564e+02                1.309e+01                (2)                      1.739e+02                (56)                     ['41-Nb-93_n-tot']       
10                       9.348e+02                (7)                      5.546e+01                6.202e+02                1.897e+00                (37)                     1.144e+03                (2)                      []                       
11                       4.069e+03                (60)                     2.658e+01                5.320e+02                5.630e+00                (12)                     3.157e+02                (23)                     ['41-Nb-93_n-tot']       
12                       1.833e+03                (23)                     3.961e+01                5.252e+02                3.480e+00                (24)                     5.136e+02                (9)                      []                       
13                       2.021e+03                (25)                     3.772e+01                4.849e+02                2.940e+00                (28)                     5.604e+02                (7)                      []                       
14                       7.244e+03                (96)                     1.992e+01                4.795e+02                9.710e+00                (6)                      1.787e+02                (54)                     []                       
15                       5.691e+03                (74)                     2.248e+01                4.527e+02                6.810e+00                (10)                     2.311e+02                (34)                     ['41-Nb-93_n-tot']       
16                       5.902e+03                (77)                     2.207e+01                4.154e+02                7.630e+00                (7)                      1.886e+02                (50)                     []                       
17                       3.396e+03                (48)                     2.910e+01                3.952e+02                4.360e+00                (17)                     3.087e+02                (25)                     ['41-Nb-93_n-tot']       
18                       3.784e+02                (3)                      8.718e+01                3.845e+02                9.410e-01                (70)                     1.390e+03                (1)                      ['41-Nb-93_n-tot']       
19                       1.175e+03                (11)                     4.947e+01                3.496e+02                1.910e+00                (36)                     6.160e+02                (6)                      []                       
20                       6.051e+03                (79)                     2.180e+01                3.421e+02                6.530e+00                (11)                     1.808e+02                (53)                     []                       
21                       7.415e+02                (6)                      6.228e+01                3.338e+02                1.090e+00                (57)                     1.004e+03                (3)                      ['41-Nb-93_n-tot']       
22                       6.427e+03                (85)                     2.115e+01                3.272e+02                5.530e+00                (14)                     2.023e+02                (43)                     []                       
23                       3.525e+03                (49)                     2.856e+01                3.136e+02                4.060e+00                (19)                     2.824e+02                (27)                     ['41-Nb-93_n-tot']       
24                       3.977e+03                (57)                     2.689e+01                2.874e+02                3.670e+00                (23)                     2.709e+02                (29)                     []                       
25                       1.930e+02                (1)                      1.221e+02                2.682e+02                6.140e-01                (93)                     1.532e+03                (0)                      []                       
26                       2.341e+03                (33)                     3.505e+01                2.670e+02                1.990e+00                (34)                     4.513e+02                (13)                     ['41-Nb-93_n-tot']       
27                       6.571e+03                (87)                     2.092e+01                2.646e+02                5.620e+00                (13)                     1.668e+02                (58)                     []                       
28                       5.550e+03                (71)                     2.276e+01                2.243e+02                4.090e+00                (18)                     1.904e+02                (49)                     []                       
29                       1.148e+03                (10)                     5.005e+01                2.226e+02                1.130e+00                (54)                     6.872e+02                (4)                      []                       
30                       5.659e+03                (73)                     2.254e+01                2.103e+02                3.810e+00                (22)                     1.836e+02                (51)                     []                       
31                       2.953e+03                (44)                     3.121e+01                2.101e+02                2.200e+00                (31)                     3.188e+02                (22)                     []                       
32                       6.714e+03                (88)                     2.070e+01                2.041e+02                4.660e+00                (16)                     1.507e+02                (62)                     []                       
33                       6.114e+03                (81)                     2.169e+01                1.974e+02                3.270e+00                (26)                     2.041e+02                (42)                     []                       
34                       5.178e+03                (67)                     2.357e+01                1.905e+02                2.890e+00                (29)                     2.454e+02                (33)                     []                       
35                       1.393e+03                (15)                     4.544e+01                1.800e+02                1.270e+00                (51)                     4.868e+02                (11)                     ['41-Nb-93_n-tot']       
36                       5.862e+03                (76)                     2.215e+01                1.790e+02                3.090e+00                (27)                     2.019e+02                (44)                     []                       
37                       2.509e+03                (37)                     3.385e+01                1.787e+02                1.990e+00                (33)                     3.108e+02                (24)                     []                       
38                       2.155e+03                (30)                     3.653e+01                1.767e+02                1.490e+00                (44)                     4.124e+02                (16)                     []                       
39                       1.576e+03                (18)                     4.272e+01                1.662e+02                1.180e+00                (53)                     4.816e+02                (12)                     []                       
40                       3.763e+03                (53)                     2.764e+01                1.540e+02                2.020e+00                (32)                     2.663e+02                (30)                     []                       
41                       6.795e+03                (90)                     2.057e+01                1.492e+02                3.430e+00                (25)                     1.561e+02                (61)                     []                       
42                       5.045e+03                (64)                     2.387e+01                1.329e+02                1.980e+00                (35)                     2.265e+02                (35)                     []                       
43                       2.927e+03                (43)                     3.134e+01                1.324e+02                1.610e+00                (42)                     2.846e+02                (26)                     []                       
44                       5.579e+03                (72)                     2.270e+01                1.286e+02                2.230e+00                (30)                     1.965e+02                (46)                     ['41-Nb-93_n-tot']       
45                       2.076e+03                (27)                     3.722e+01                1.213e+02                1.080e+00                (59)                     3.788e+02                (17)                     []                       
46                       6.911e+03                (92)                     2.040e+01                1.169e+02                3.950e+00                (20)                     1.151e+02                (83)                     []                       
47                       2.230e+03                (31)                     3.591e+01                1.048e+02                8.000e-01                (76)                     4.434e+02                (14)                     []                       
48                       3.844e+03                (54)                     2.735e+01                9.722e+01                1.410e+00                (47)                     2.467e+02                (32)                     []                       
49                       3.609e+03                (51)                     2.823e+01                9.708e+01                1.550e+00                (43)                     2.151e+02                (39)                     ['41-Nb-93_n-tot']       
50                       3.946e+03                (56)                     2.700e+01                9.414e+01                1.630e+00                (40)                     2.072e+02                (40)                     []                       
51                       3.359e+03                (46)                     2.926e+01                8.444e+01                1.440e+00                (45)                     1.958e+02                (47)                     []                       
52                       5.792e+03                (75)                     2.228e+01                8.397e+01                1.780e+00                (38)                     1.653e+02                (59)                     []                       
53                       5.510e+03                (70)                     2.285e+01                8.080e+01                1.610e+00                (41)                     1.835e+02                (52)                     []                       
54                       1.811e+03                (22)                     3.985e+01                6.872e+01                7.200e-01                (85)                     3.250e+02                (21)                     []                       
55                       3.355e+02                (2)                      9.258e+01                6.615e+01                6.430e-01                (90)                     3.678e+02                (18)                     []                       
56                       4.041e+03                (59)                     2.668e+01                5.917e+01                1.230e+00                (52)                     1.628e+02                (60)                     []                       
57                       6.412e+03                (84)                     2.118e+01                5.543e+01                1.360e+00                (49)                     1.361e+02                (69)                     []                       
58                       2.465e+03                (36)                     3.416e+01                5.502e+01                1.010e+00                (66)                     1.934e+02                (48)                     []                       
59                       6.780e+03                (89)                     2.059e+01                5.219e+01                1.430e+00                (46)                     1.279e+02                (76)                     []                       
60                       5.467e+03                (69)                     2.293e+01                4.799e+01                1.340e+00                (50)                     1.315e+02                (72)                     []                       
61                       6.935e+03                (93)                     2.036e+01                4.730e+01                1.630e+00                (39)                     1.010e+02                (97)                     []                       
62                       1.192e+02                (0)                      1.553e+02                4.618e+01                4.580e-01                (97)                     3.525e+02                (20)                     []                       
63                       1.229e+03                (13)                     4.837e+01                4.286e+01                6.800e-01                (87)                     2.230e+02                (37)                     []                       
64                       1.194e+03                (12)                     4.908e+01                4.191e+01                7.700e-01                (80)                     1.975e+02                (45)                     []                       
65                       2.070e+03                (26)                     3.727e+01                3.879e+01                1.040e+00                (61)                     1.269e+02                (78)                     []                       
66                       2.689e+03                (41)                     3.270e+01                3.828e+01                5.100e-01                (95)                     2.762e+02                (28)                     []                       
67                       2.147e+03                (29)                     3.660e+01                3.784e+01                1.100e+00                (56)                     1.299e+02                (73)                     []                       
68                       1.654e+03                (19)                     4.170e+01                3.742e+01                7.900e-01                (77)                     1.692e+02                (57)                     []                       
69                       7.331e+03                (97)                     1.981e+01                3.650e+01                1.380e+00                (48)                     1.029e+02                (93)                     []                       
70                       3.987e+03                (58)                     2.686e+01                3.528e+01                7.200e-01                (84)                     1.742e+02                (55)                     []                       
71                       1.350e+03                (14)                     4.615e+01                3.493e+01                1.020e+00                (65)                     1.240e+02                (79)                     []                       
72                       1.016e+03                (9)                      5.320e+01                3.423e+01                9.900e-01                (67)                     1.336e+02                (70)                     []                       
73                       6.072e+03                (80)                     2.176e+01                3.314e+01                9.800e-01                (68)                     1.211e+02                (81)                     []                       
74                       3.275e+03                (45)                     2.963e+01                3.179e+01                7.800e-01                (78)                     1.366e+02                (68)                     []                       
75                       6.169e+03                (82)                     2.159e+01                3.176e+01                1.020e+00                (63)                     1.127e+02                (86)                     []                       
76                       3.378e+03                (47)                     2.918e+01                3.176e+01                8.600e-01                (74)                     1.317e+02                (71)                     []                       
77                       1.467e+03                (17)                     4.427e+01                3.144e+01                1.100e+00                (55)                     1.128e+02                (84)                     []                       
78                       2.712e+03                (42)                     3.256e+01                3.123e+01                8.700e-01                (73)                     1.297e+02                (74)                     []                       
79                       5.067e+03                (65)                     2.382e+01                3.028e+01                9.400e-01                (71)                     1.128e+02                (85)                     []                       
80                       7.136e+03                (95)                     2.007e+01                3.008e+01                1.080e+00                (58)                     1.022e+02                (95)                     []                       
81                       2.117e+03                (28)                     3.686e+01                2.969e+01                1.050e+00                (60)                     1.018e+02                (96)                     []                       
82                       6.180e+03                (83)                     2.157e+01                2.897e+01                1.040e+00                (62)                     1.032e+02                (92)                     []                       
83                       2.544e+03                (38)                     3.362e+01                2.897e+01                7.400e-01                (81)                     1.395e+02                (65)                     []                       
84                       6.843e+03                (91)                     2.050e+01                2.871e+01                1.020e+00                (64)                     1.033e+02                (91)                     []                       
85                       2.335e+03                (32)                     3.509e+01                2.780e+01                7.800e-01                (79)                     1.282e+02                (75)                     []                       
86                       3.927e+03                (55)                     2.706e+01                2.771e+01                8.500e-01                (75)                     1.191e+02                (82)                     []                       
87                       3.592e+03                (50)                     2.829e+01                2.730e+01                6.500e-01                (89)                     1.449e+02                (64)                     []                       
88                       7.214e+02                (5)                      6.314e+01                2.722e+01                9.440e-01                (69)                     1.039e+02                (90)                     []                       
89                       4.145e+03                (61)                     2.634e+01                2.718e+01                7.300e-01                (83)                     1.389e+02                (67)                     []                       
90                       2.657e+03                (40)                     3.290e+01                2.606e+01                6.700e-01                (88)                     1.475e+02                (63)                     []                       
91                       1.712e+03                (20)                     4.098e+01                2.552e+01                9.000e-01                (72)                     1.043e+02                (89)                     []                       
92                       5.292e+03                (68)                     2.331e+01                2.513e+01                7.000e-01                (86)                     1.230e+02                (80)                     []                       
93                       4.603e+02                (4)                      7.904e+01                2.358e+01                6.110e-01                (94)                     1.390e+02                (66)                     []                       
94                       2.360e+03                (34)                     3.491e+01                2.230e+01                7.400e-01                (82)                     1.107e+02                (87)                     []                       
95                       4.544e+03                (62)                     2.516e+01                1.957e+01                6.300e-01                (91)                     1.029e+02                (94)                     []                       
96                       1.768e+03                (21)                     4.033e+01                1.870e+01                6.200e-01                (92)                     1.102e+02                (88)                     []                       
97                       1.991e+03                (24)                     3.800e+01                1.662e+01                4.600e-01                (96)                     1.277e+02                (77)                     []                       
