77-Ir_n-g   PEAKS: ================================================================================================================================================================
Rank by Integral         Energy (eV)              Rank by Energy           TOF (us)                 Integral                 Peak Width               Rank by Peak Width       Peak Height              Rank by Peak Height      Relevant Isotope         
0                        4.318e+01                (19)                     2.514e+02                7.308e+02                4.896e-01                (7)                      4.992e+03                (3)                      []                       
1                        5.360e+00                (1)                      7.137e+02                6.044e+02                3.112e-01                (56)                     6.682e+03                (0)                      ['77-Ir-191_n-g']        
2                        1.298e+00                (0)                      1.450e+03                6.001e+02                3.173e-01                (51)                     6.619e+03                (1)                      ['77-Ir-193_n-g']        
3                        6.922e+01                (31)                     1.986e+02                4.612e+02                4.522e-01                (10)                     3.346e+03                (4)                      []                       
4                        9.068e+00                (3)                      5.487e+02                4.484e+02                2.874e-01                (67)                     5.141e+03                (2)                      ['77-Ir-191_n-g']        
5                        7.771e+01                (34)                     1.874e+02                2.803e+02                4.510e-01                (12)                     2.236e+03                (6)                      []                       
6                        5.094e+01                (22)                     2.315e+02                2.633e+02                5.161e-01                (4)                      1.797e+03                (9)                      ['77-Ir-191_n-g']        
7                        2.986e+01                (13)                     3.024e+02                2.489e+02                3.443e-01                (33)                     2.369e+03                (5)                      ['77-Ir-191_n-g']        
8                        5.391e+01                (25)                     2.250e+02                1.995e+02                3.320e-01                (42)                     1.949e+03                (8)                      []                       
9                        1.099e+02                (47)                     1.576e+02                1.583e+02                4.110e-01                (14)                     1.342e+03                (13)                     []                       
10                       1.477e+02                (60)                     1.360e+02                1.526e+02                5.140e-01                (5)                      1.026e+03                (16)                     ['77-Ir-191_n-g']        
11                       2.720e+02                (76)                     1.002e+02                1.450e+02                5.450e-01                (2)                      9.271e+02                (19)                     []                       
12                       2.451e+01                (9)                      3.337e+02                1.390e+02                3.143e-01                (55)                     1.477e+03                (11)                     ['77-Ir-191_n-g',        '77-Ir-193_n-g']         
13                       2.880e+02                (78)                     9.736e+01                1.366e+02                5.330e-01                (3)                      8.760e+02                (22)                     []                       
14                       2.608e+01                (12)                     3.235e+02                1.357e+02                3.369e-01                (38)                     1.369e+03                (12)                     ['77-Ir-193_n-g']        
15                       3.090e+02                (80)                     9.400e+01                1.300e+02                5.610e-01                (1)                      8.169e+02                (28)                     []                       
16                       9.760e+01                (41)                     1.672e+02                1.166e+02                3.737e-01                (23)                     1.099e+03                (14)                     ['77-Ir-191_n-g']        
17                       1.634e+02                (64)                     1.293e+02                1.141e+02                4.020e-01                (15)                     9.801e+02                (18)                     []                       
18                       2.790e+02                (77)                     9.892e+01                1.106e+02                6.730e-01                (0)                      5.635e+02                (46)                     []                       
19                       2.234e+02                (73)                     1.105e+02                1.094e+02                4.140e-01                (13)                     8.920e+02                (21)                     []                       
20                       2.519e+01                (11)                     3.292e+02                1.053e+02                2.248e-01                (79)                     2.105e+03                (7)                      ['77-Ir-191_n-g']        
21                       7.880e+01                (35)                     1.861e+02                9.493e+01                4.811e-01                (8)                      6.879e+02                (34)                     ['77-Ir-191_n-g']        
22                       1.035e+02                (44)                     1.624e+02                9.413e+01                3.480e-01                (31)                     9.268e+02                (20)                     ['77-Ir-191_n-g']        
23                       2.290e+02                (74)                     1.092e+02                9.236e+01                5.070e-01                (6)                      6.382e+02                (37)                     []                       
24                       3.159e+01                (14)                     2.940e+02                9.219e+01                3.273e-01                (45)                     1.002e+03                (17)                     ['77-Ir-191_n-g']        
25                       1.499e+02                (61)                     1.350e+02                9.035e+01                3.950e-01                (18)                     8.010e+02                (29)                     []                       
26                       1.515e+02                (62)                     1.342e+02                8.818e+01                3.420e-01                (34)                     8.714e+02                (24)                     ['77-Ir-191_n-g']        
27                       1.048e+02                (45)                     1.614e+02                8.360e+01                3.230e-01                (50)                     8.670e+02                (25)                     ['77-Ir-191_n-g']        
28                       1.922e+01                (6)                      3.769e+02                8.020e+01                2.465e-01                (76)                     1.091e+03                (15)                     ['77-Ir-191_n-g']        
29                       1.789e+02                (66)                     1.235e+02                7.624e+01                4.520e-01                (11)                     6.091e+02                (41)                     []                       
30                       4.037e+01                (16)                     2.601e+02                7.527e+01                2.966e-01                (64)                     8.575e+02                (26)                     ['77-Ir-191_n-g']        
31                       8.740e+01                (39)                     1.767e+02                7.371e+01                3.390e-01                (35)                     7.650e+02                (30)                     ['77-Ir-191_n-g']        
32                       6.800e+01                (30)                     2.004e+02                6.968e+01                2.842e-01                (68)                     8.499e+02                (27)                     ['77-Ir-191_n-g']        
33                       5.274e+01                (24)                     2.275e+02                6.767e+01                2.652e-01                (72)                     8.725e+02                (23)                     ['77-Ir-191_n-g']        
34                       1.435e+02                (59)                     1.379e+02                6.636e+01                3.330e-01                (40)                     6.616e+02                (35)                     []                       
35                       1.743e+02                (65)                     1.252e+02                6.549e+01                3.370e-01                (36)                     6.388e+02                (36)                     []                       
36                       1.857e+02                (67)                     1.213e+02                6.522e+01                4.640e-01                (9)                      5.359e+02                (49)                     []                       
37                       3.648e+01                (15)                     2.736e+02                6.272e+01                2.904e-01                (66)                     7.172e+02                (31)                     ['77-Ir-191_n-g']        
38                       5.243e+01                (23)                     2.282e+02                6.259e+01                3.333e-01                (39)                     7.083e+02                (32)                     ['77-Ir-191_n-g']        
39                       1.342e+02                (56)                     1.426e+02                6.183e+01                3.300e-01                (44)                     6.352e+02                (39)                     ['77-Ir-191_n-g']        
40                       6.570e+01                (29)                     2.038e+02                6.002e+01                3.074e-01                (59)                     6.913e+02                (33)                     ['77-Ir-191_n-g']        
41                       6.484e+01                (28)                     2.052e+02                5.890e+01                3.105e-01                (57)                     6.330e+02                (40)                     ['77-Ir-191_n-g']        
42                       9.830e+01                (42)                     1.667e+02                5.789e+01                3.473e-01                (32)                     5.867e+02                (43)                     []                       
43                       1.162e+02                (49)                     1.533e+02                5.684e+01                3.650e-01                (24)                     5.374e+02                (47)                     []                       
44                       2.021e+01                (7)                      3.675e+02                5.518e+01                3.022e-01                (60)                     6.356e+02                (38)                     ['77-Ir-191_n-g']        
45                       9.950e+01                (43)                     1.656e+02                5.160e+01                3.155e-01                (53)                     5.764e+02                (44)                     ['77-Ir-191_n-g']        
46                       8.050e+01                (36)                     1.842e+02                5.156e+01                2.939e-01                (65)                     6.035e+02                (42)                     ['77-Ir-191_n-g']        
47                       1.299e+02                (55)                     1.450e+02                5.029e+01                3.250e-01                (47)                     5.361e+02                (48)                     ['77-Ir-191_n-g']        
48                       6.282e+01                (27)                     2.085e+02                4.944e+01                3.614e-01                (25)                     4.752e+02                (52)                     ['77-Ir-191_n-g']        
49                       7.660e+01                (33)                     1.888e+02                4.719e+01                3.249e-01                (48)                     5.031e+02                (51)                     ['77-Ir-191_n-g']        
50                       2.060e+02                (69)                     1.151e+02                4.447e+01                3.540e-01                (30)                     4.372e+02                (53)                     []                       
51                       1.429e+02                (58)                     1.382e+02                4.377e+01                3.540e-01                (29)                     4.336e+02                (54)                     ['77-Ir-191_n-g']        
52                       2.134e+02                (70)                     1.131e+02                4.296e+01                3.850e-01                (20)                     3.924e+02                (58)                     []                       
53                       6.119e+00                (2)                      6.680e+02                4.254e+01                2.996e-01                (62)                     5.269e+02                (50)                     ['77-Ir-191_n-g']        
54                       4.157e+01                (18)                     2.563e+02                3.918e+01                2.484e-01                (75)                     5.735e+02                (45)                     ['77-Ir-191_n-g',        '77-Ir-193_n-g']         
55                       9.894e+00                (4)                      5.253e+02                3.750e+01                3.317e-01                (43)                     4.166e+02                (55)                     ['77-Ir-191_n-g']        
56                       1.376e+02                (57)                     1.409e+02                3.653e+01                3.000e-01                (61)                     4.156e+02                (56)                     ['77-Ir-191_n-g']        
57                       2.990e+02                (79)                     9.556e+01                3.637e+01                4.000e-01                (16)                     3.254e+02                (62)                     []                       
58                       8.890e+01                (40)                     1.752e+02                3.545e+01                3.324e-01                (41)                     3.580e+02                (60)                     []                       
59                       1.143e+02                (48)                     1.545e+02                3.536e+01                3.160e-01                (52)                     3.923e+02                (59)                     ['77-Ir-191_n-g']        
60                       2.220e+02                (72)                     1.109e+02                3.301e+01                3.830e-01                (21)                     3.152e+02                (64)                     []                       
61                       8.080e+01                (37)                     1.838e+02                3.177e+01                2.811e-01                (70)                     3.986e+02                (57)                     ['77-Ir-191_n-g']        
62                       4.556e+01                (21)                     2.448e+02                3.164e+01                3.897e-01                (19)                     2.829e+02                (67)                     ['77-Ir-191_n-g']        
63                       2.169e+02                (71)                     1.122e+02                3.118e+01                3.550e-01                (28)                     3.063e+02                (65)                     []                       
64                       2.504e+01                (10)                     3.302e+02                3.031e+01                2.288e-01                (78)                     1.524e+03                (10)                     ['77-Ir-191_n-g',        '77-Ir-193_n-g']         
65                       1.167e+02                (50)                     1.530e+02                2.983e+01                3.240e-01                (49)                     3.274e+02                (61)                     ['77-Ir-191_n-g']        
66                       1.281e+02                (54)                     1.460e+02                2.584e+01                2.660e-01                (71)                     3.163e+02                (63)                     ['77-Ir-191_n-g']        
67                       7.147e+01                (32)                     1.954e+02                2.461e+01                3.250e-01                (46)                     2.605e+02                (68)                     []                       
68                       1.270e+02                (52)                     1.466e+02                2.031e+01                2.980e-01                (63)                     2.363e+02                (70)                     ['77-Ir-191_n-g']        
69                       1.518e+02                (63)                     1.341e+02                1.938e+01                2.570e-01                (73)                     3.063e+02                (66)                     ['77-Ir-191_n-g']        
70                       5.670e+01                (26)                     2.194e+02                1.866e+01                3.987e-01                (17)                     1.673e+02                (74)                     ['77-Ir-191_n-g']        
71                       8.180e+01                (38)                     1.827e+02                1.717e+01                2.836e-01                (69)                     2.069e+02                (71)                     ['77-Ir-191_n-g']        
72                       2.015e+02                (68)                     1.164e+02                1.529e+01                3.370e-01                (37)                     1.667e+02                (75)                     []                       
73                       2.670e+02                (75)                     1.011e+02                1.254e+01                3.580e-01                (27)                     1.362e+02                (76)                     []                       
74                       4.456e+01                (20)                     2.475e+02                1.240e+01                2.489e-01                (74)                     1.910e+02                (73)                     ['77-Ir-191_n-g']        
75                       1.039e+01                (5)                      5.126e+02                1.185e+01                3.802e-01                (22)                     1.154e+02                (78)                     ['77-Ir-191_n-g']        
76                       1.237e+02                (51)                     1.486e+02                1.107e+01                3.590e-01                (26)                     1.099e+02                (80)                     []                       
77                       1.064e+02                (46)                     1.602e+02                1.045e+01                3.150e-01                (54)                     1.231e+02                (77)                     []                       
78                       1.276e+02                (53)                     1.463e+02                1.009e+01                3.080e-01                (58)                     1.141e+02                (79)                     []                       
79                       2.420e+01                (8)                      3.359e+02                6.952e+00                2.307e-01                (77)                     1.938e+02                (72)                     ['77-Ir-191_n-g']        
80                       4.141e+01                (17)                     2.568e+02                2.638e+00                2.004e-01                (80)                     2.439e+02                (69)                     ['77-Ir-191_n-g']        
