74-W_n-tot   PEAKS: ================================================================================================================================================================
Rank by Integral         Energy (eV)              Rank by Energy           TOF (us)                 Integral                 Peak Width               Rank by Peak Width       Peak Height              Rank by Peak Height      Relevant Isotope         
0                        1.883e+01                (3)                      3.908e+02                1.200e+04                1.249e+00                (133)                    3.452e+04                (0)                      ['74-W-182_n-tot']       
1                        1.842e+02                (19)                     1.249e+02                5.088e+03                4.421e+00                (52)                     4.160e+03                (6)                      ['74-W-186_n-tot']       
2                        7.198e+02                (73)                     6.321e+01                3.142e+03                1.055e+01                (14)                     1.055e+03                (21)                     []                       
3                        2.480e+02                (31)                     1.077e+02                2.119e+03                2.529e+00                (77)                     2.645e+03                (10)                     []                       
4                        1.086e+03                (96)                     5.146e+01                2.107e+03                9.720e+00                (18)                     7.228e+02                (33)                     ['74-W-186_n-tot']       
5                        7.993e+02                (79)                     5.998e+01                1.834e+03                6.497e+00                (31)                     9.682e+02                (24)                     []                       
6                        1.400e+03                (114)                    4.532e+01                1.828e+03                1.066e+01                (13)                     5.643e+02                (48)                     ['74-W-184_n-tot']       
7                        2.092e+03                (151)                    3.708e+01                1.747e+03                1.555e+01                (7)                      3.831e+02                (66)                     []                       
8                        1.143e+02                (13)                     1.586e+02                1.736e+03                1.195e+00                (141)                    5.016e+03                (3)                      ['74-W-182_n-tot',       '74-W-183_n-tot']        
9                        9.473e+02                (89)                     5.510e+01                1.472e+03                6.991e+00                (27)                     7.108e+02                (35)                     []                       
10                       2.659e+03                (175)                    3.289e+01                1.442e+03                1.803e+01                (6)                      2.855e+02                (96)                     []                       
11                       2.106e+01                (4)                      3.695e+02                1.280e+03                3.761e-01                (223)                    1.212e+04                (1)                      ['74-W-182_n-tot',       '74-W-183_n-tot']        
12                       1.772e+03                (132)                    4.028e+01                1.197e+03                1.042e+01                (15)                     3.879e+02                (65)                     []                       
13                       9.573e+02                (90)                     5.481e+01                1.092e+03                4.569e+00                (50)                     8.041e+02                (28)                     ['74-W-186_n-tot']       
14                       4.624e+01                (7)                      2.494e+02                1.019e+03                7.990e-01                (171)                    4.719e+03                (4)                      ['74-W-182_n-tot',       '74-W-184_n-tot']        
15                       4.805e+03                (233)                    2.446e+01                9.657e+02                2.099e+01                (1)                      1.672e+02                (173)                    ['74-W-186_n-tot']       
16                       1.095e+03                (97)                     5.125e+01                9.394e+02                5.290e+00                (42)                     6.460e+02                (36)                     ['74-W-183_n-tot']       
17                       1.514e+03                (121)                    4.358e+01                8.643e+02                3.420e+00                (62)                     9.130e+02                (27)                     []                       
18                       3.807e+03                (210)                    2.748e+01                8.618e+02                1.376e+01                (10)                     2.128e+02                (132)                    []                       
19                       3.039e+03                (184)                    3.076e+01                8.525e+02                2.507e+01                (0)                      2.490e+02                (114)                    []                       
20                       1.261e+03                (107)                    4.775e+01                8.432e+02                4.600e+00                (49)                     6.137e+02                (42)                     ['74-W-186_n-tot']       
21                       9.630e+02                (91)                     5.465e+01                8.196e+02                3.794e+00                (56)                     7.519e+02                (30)                     []                       
22                       3.846e+03                (211)                    2.734e+01                8.185e+02                1.497e+01                (8)                      1.867e+02                (152)                    []                       
23                       6.812e+02                (67)                     6.497e+01                7.763e+02                2.477e+00                (79)                     1.058e+03                (20)                     []                       
24                       3.424e+03                (197)                    2.898e+01                7.418e+02                1.120e+01                (12)                     2.257e+02                (124)                    []                       
25                       2.790e+03                (177)                    3.210e+01                7.231e+02                9.860e+00                (16)                     2.510e+02                (113)                    []                       
26                       5.668e+03                (242)                    2.252e+01                7.231e+02                1.883e+01                (2)                      1.435e+02                (195)                    []                       
27                       3.736e+03                (207)                    2.774e+01                7.145e+02                1.182e+01                (11)                     2.151e+02                (130)                    []                       
28                       5.413e+02                (55)                     7.289e+01                6.982e+02                2.007e+00                (92)                     1.209e+03                (17)                     []                       
29                       5.778e+03                (243)                    2.231e+01                6.972e+02                1.850e+01                (3)                      1.408e+02                (199)                    []                       
30                       6.631e+02                (65)                     6.585e+01                6.962e+02                2.254e+00                (86)                     9.881e+02                (23)                     []                       
31                       4.842e+02                (52)                     7.707e+01                6.670e+02                1.711e+00                (104)                    1.306e+03                (14)                     []                       
32                       6.491e+03                (250)                    2.105e+01                6.152e+02                1.807e+01                (5)                      1.264e+02                (226)                    []                       
33                       3.159e+03                (188)                    3.017e+01                5.772e+02                8.340e+00                (23)                     2.349e+02                (120)                    []                       
34                       2.922e+03                (180)                    3.137e+01                5.670e+02                6.770e+00                (29)                     2.716e+02                (103)                    []                       
35                       7.474e+03                (261)                    1.962e+01                5.564e+02                1.829e+01                (4)                      1.102e+02                (251)                    []                       
36                       3.457e+03                (198)                    2.884e+01                5.359e+02                7.700e+00                (25)                     2.364e+02                (118)                    []                       
37                       1.187e+03                (105)                    4.922e+01                5.356e+02                3.050e+00                (65)                     5.932e+02                (46)                     []                       
38                       2.045e+03                (149)                    3.750e+01                5.100e+02                4.730e+00                (47)                     3.779e+02                (68)                     []                       
39                       3.872e+03                (212)                    2.725e+01                5.035e+02                8.960e+00                (21)                     1.966e+02                (146)                    []                       
40                       4.222e+03                (222)                    2.610e+01                4.944e+02                9.270e+00                (20)                     1.819e+02                (157)                    []                       
41                       2.006e+03                (147)                    3.786e+01                4.925e+02                5.150e+00                (43)                     3.280e+02                (78)                     []                       
42                       2.061e+03                (150)                    3.735e+01                4.848e+02                5.130e+00                (44)                     3.205e+02                (82)                     []                       
43                       3.413e+03                (196)                    2.903e+01                4.742e+02                7.320e+00                (26)                     2.041e+02                (139)                    []                       
44                       6.756e+03                (253)                    2.063e+01                4.697e+02                1.447e+01                (9)                      1.209e+02                (235)                    []                       
45                       2.700e+01                (5)                      3.264e+02                4.564e+02                3.463e-01                (230)                    4.420e+03                (5)                      ['74-W-182_n-tot',       '74-W-182_n-tot',        '74-W-184_n-tot']        
46                       4.431e+03                (227)                    2.548e+01                4.535e+02                9.620e+00                (19)                     1.635e+02                (177)                    []                       
47                       1.424e+03                (117)                    4.494e+01                4.313e+02                2.710e+00                (74)                     5.293e+02                (53)                     ['74-W-186_n-tot']       
48                       1.500e+03                (119)                    4.378e+01                4.177e+02                3.460e+00                (61)                     4.765e+02                (57)                     []                       
49                       5.159e+03                (236)                    2.361e+01                4.152e+02                9.780e+00                (17)                     1.559e+02                (182)                    []                       
50                       2.621e+03                (174)                    3.312e+01                4.005e+02                4.650e+00                (48)                     2.983e+02                (89)                     []                       
51                       4.541e+03                (230)                    2.516e+01                3.913e+02                8.250e+00                (24)                     1.729e+02                (168)                    []                       
52                       3.203e+03                (190)                    2.996e+01                3.792e+02                3.490e+00                (60)                     4.337e+02                (62)                     []                       
53                       1.011e+02                (10)                     1.687e+02                3.780e+02                8.520e-01                (168)                    1.505e+03                (13)                     ['74-W-184_n-tot']       
54                       3.494e+03                (199)                    2.869e+01                3.581e+02                6.220e+00                (36)                     2.027e+02                (140)                    ['74-W-183_n-tot']       
55                       1.007e+03                (93)                     5.344e+01                3.497e+02                1.890e+00                (96)                     6.137e+02                (41)                     ['74-W-184_n-tot']       
56                       1.071e+03                (95)                     5.182e+01                3.450e+02                1.850e+00                (97)                     6.207e+02                (40)                     []                       
57                       5.782e+02                (60)                     7.052e+01                3.376e+02                1.159e+00                (143)                    9.964e+02                (22)                     ['74-W-183_n-tot']       
58                       4.395e+03                (226)                    2.558e+01                3.370e+02                6.780e+00                (28)                     1.740e+02                (164)                    []                       
59                       3.048e+03                (185)                    3.072e+01                3.223e+02                5.730e+00                (38)                     3.149e+02                (84)                     []                       
60                       3.879e+03                (213)                    2.723e+01                3.214e+02                6.330e+00                (32)                     2.008e+02                (144)                    []                       
61                       4.313e+03                (225)                    2.582e+01                3.173e+02                6.690e+00                (30)                     1.662e+02                (174)                    []                       
62                       3.769e+03                (208)                    2.762e+01                3.171e+02                5.550e+00                (40)                     1.965e+02                (147)                    []                       
63                       3.306e+03                (193)                    2.949e+01                3.148e+02                5.010e+00                (45)                     2.082e+02                (136)                    []                       
64                       1.933e+03                (144)                    3.857e+01                3.007e+02                2.780e+00                (71)                     3.608e+02                (71)                     []                       
65                       2.590e+03                (172)                    3.332e+01                2.992e+02                3.770e+00                (58)                     2.776e+02                (101)                    ['74-W-184_n-tot']       
66                       3.975e+03                (216)                    2.690e+01                2.971e+02                5.800e+00                (37)                     1.782e+02                (159)                    []                       
67                       1.161e+03                (103)                    4.977e+01                2.939e+02                1.840e+00                (98)                     5.482e+02                (51)                     []                       
68                       4.285e+02                (49)                     8.192e+01                2.925e+02                8.940e-01                (163)                    1.572e+03                (11)                     ['74-W-183_n-tot']       
69                       9.188e+02                (87)                     5.594e+01                2.871e+02                1.609e+00                (112)                    6.218e+02                (39)                     ['74-W-183_n-tot']       
70                       4.166e+03                (220)                    2.627e+01                2.856e+02                5.600e+00                (39)                     1.822e+02                (155)                    []                       
71                       1.121e+03                (99)                     5.065e+01                2.793e+02                1.680e+00                (106)                    5.780e+02                (47)                     []                       
72                       4.150e+00                (0)                      8.324e+02                2.611e+02                1.676e-01                (265)                    5.268e+03                (2)                      ['74-W-183_n-tot']       
73                       2.226e+03                (159)                    3.594e+01                2.582e+02                3.140e+00                (64)                     2.869e+02                (94)                     []                       
74                       1.544e+02                (15)                     1.365e+02                2.573e+02                1.677e+00                (107)                    5.208e+02                (54)                     ['74-W-184_n-tot']       
75                       2.384e+03                (163)                    3.473e+01                2.572e+02                3.020e+00                (66)                     2.818e+02                (99)                     []                       
76                       3.762e+02                (41)                     8.743e+01                2.545e+02                6.510e-01                (187)                    1.283e+03                (15)                     ['74-W-183_n-tot']       
77                       3.602e+03                (205)                    2.826e+01                2.501e+02                4.560e+00                (51)                     1.908e+02                (148)                    []                       
78                       2.576e+03                (171)                    3.341e+01                2.451e+02                3.200e+00                (63)                     2.602e+02                (108)                    []                       
79                       7.713e+03                (263)                    1.931e+01                2.434e+02                8.510e+00                (22)                     1.060e+02                (257)                    []                       
80                       1.132e+03                (100)                    5.040e+01                2.377e+02                1.260e+00                (130)                    6.095e+02                (44)                     []                       
81                       4.780e+01                (8)                      2.453e+02                2.293e+02                6.519e-01                (186)                    1.207e+03                (18)                     ['74-W-184_n-tot']       
82                       2.515e+03                (168)                    3.381e+01                2.282e+02                2.920e+00                (67)                     2.850e+02                (97)                     []                       
83                       2.982e+03                (183)                    3.105e+01                2.228e+02                2.880e+00                (68)                     2.579e+02                (109)                    []                       
84                       3.182e+03                (189)                    3.006e+01                2.190e+02                2.740e+00                (73)                     2.638e+02                (106)                    []                       
85                       2.025e+03                (148)                    3.768e+01                2.162e+02                2.260e+00                (85)                     3.308e+02                (76)                     []                       
86                       6.388e+03                (249)                    2.122e+01                2.125e+02                6.230e+00                (35)                     1.264e+02                (225)                    []                       
87                       2.530e+03                (169)                    3.371e+01                2.087e+02                1.450e+00                (122)                    5.064e+02                (55)                     []                       
88                       2.540e+03                (170)                    3.365e+01                2.085e+02                2.460e+00                (80)                     2.835e+02                (98)                     []                       
89                       3.107e+02                (36)                     9.621e+01                2.055e+02                4.590e-01                (209)                    1.557e+03                (12)                     ['74-W-186_n-tot']       
90                       2.180e+03                (157)                    3.632e+01                2.037e+02                2.290e+00                (84)                     3.013e+02                (88)                     []                       
91                       2.459e+03                (167)                    3.420e+01                2.027e+02                2.330e+00                (81)                     3.033e+02                (87)                     []                       
92                       4.062e+03                (218)                    2.661e+01                2.023e+02                4.140e+00                (53)                     1.723e+02                (169)                    []                       
93                       6.971e+03                (255)                    2.031e+01                1.992e+02                6.250e+00                (34)                     1.156e+02                (242)                    ['74-W-183_n-tot']       
94                       2.252e+03                (160)                    3.573e+01                1.860e+02                1.960e+00                (95)                     3.260e+02                (79)                     []                       
95                       7.636e+03                (262)                    1.941e+01                1.800e+02                6.290e+00                (33)                     1.062e+02                (256)                    []                       
96                       3.312e+03                (194)                    2.947e+01                1.783e+02                2.760e+00                (72)                     2.262e+02                (123)                    []                       
97                       1.502e+03                (120)                    4.376e+01                1.760e+02                1.600e+00                (113)                    4.675e+02                (59)                     []                       
98                       2.328e+03                (161)                    3.515e+01                1.739e+02                2.300e+00                (82)                     2.651e+02                (105)                    []                       
99                       1.141e+03                (101)                    5.020e+01                1.734e+02                2.680e+00                (75)                     2.400e+02                (117)                    []                       
100                      6.294e+03                (248)                    2.138e+01                1.689e+02                4.970e+00                (46)                     1.279e+02                (222)                    []                       
101                      4.057e+02                (44)                     8.419e+01                1.620e+02                5.060e-01                (198)                    1.081e+03                (19)                     []                       
102                      7.178e+03                (258)                    2.002e+01                1.561e+02                5.380e+00                (41)                     1.105e+02                (248)                    []                       
103                      6.552e+02                (64)                     6.625e+01                1.521e+02                6.570e-01                (184)                    7.740e+02                (29)                     ['74-W-183_n-tot']       
104                      5.384e+03                (238)                    2.311e+01                1.485e+02                3.640e+00                (59)                     1.475e+02                (190)                    []                       
105                      2.877e+03                (179)                    3.162e+01                1.432e+02                2.030e+00                (91)                     2.512e+02                (112)                    []                       
106                      2.796e+02                (33)                     1.014e+02                1.384e+02                7.860e-01                (173)                    6.448e+02                (37)                     ['74-W-184_n-tot']       
107                      3.964e+03                (215)                    2.693e+01                1.362e+02                2.630e+00                (76)                     1.845e+02                (154)                    []                       
108                      3.257e+03                (192)                    2.971e+01                1.329e+02                2.240e+00                (87)                     2.056e+02                (138)                    []                       
109                      1.655e+03                (127)                    4.168e+01                1.263e+02                1.140e+00                (145)                    3.752e+02                (69)                     ['74-W-186_n-tot']       
110                      1.707e+02                (17)                     1.298e+02                1.255e+02                3.500e-01                (229)                    1.251e+03                (16)                     []                       
111                      5.096e+02                (53)                     7.512e+01                1.250e+02                4.680e-01                (206)                    9.451e+02                (26)                     []                       
112                      1.241e+03                (106)                    4.814e+01                1.226e+02                2.070e+00                (90)                     2.114e+02                (133)                    ['74-W-184_n-tot']       
113                      1.792e+03                (133)                    4.006e+01                1.216e+02                2.830e+00                (69)                     4.298e+02                (63)                     []                       
114                      6.950e+03                (254)                    2.034e+01                1.199e+02                3.900e+00                (55)                     1.155e+02                (243)                    []                       
115                      2.779e+03                (176)                    3.217e+01                1.156e+02                1.570e+00                (115)                    2.475e+02                (115)                    []                       
116                      3.133e+03                (187)                    3.030e+01                1.129e+02                1.630e+00                (110)                    2.345e+02                (121)                    []                       
117                      4.790e+02                (51)                     7.748e+01                1.090e+02                8.780e-01                (165)                    4.521e+02                (60)                     []                       
118                      3.473e+02                (39)                     9.099e+01                1.078e+02                7.930e-01                (172)                    4.763e+02                (58)                     ['74-W-184_n-tot']       
119                      2.411e+03                (165)                    3.454e+01                1.059e+02                2.820e+00                (70)                     3.253e+02                (80)                     []                       
120                      7.980e+03                (265)                    1.898e+01                1.057e+02                3.990e+00                (54)                     1.018e+02                (266)                    []                       
121                      3.523e+03                (200)                    2.857e+01                1.038e+02                2.000e+00                (93)                     1.857e+02                (153)                    []                       
122                      2.211e+03                (158)                    3.606e+01                1.032e+02                1.150e+00                (144)                    3.059e+02                (86)                     []                       
123                      1.920e+03                (142)                    3.870e+01                1.028e+02                1.080e+00                (151)                    3.212e+02                (81)                     []                       
124                      7.844e+03                (264)                    1.915e+01                1.027e+02                3.780e+00                (57)                     1.025e+02                (265)                    []                       
125                      3.542e+03                (202)                    2.849e+01                1.026e+02                1.660e+00                (108)                    2.010e+02                (143)                    []                       
126                      1.570e+02                (16)                     1.353e+02                9.898e+01                6.510e-01                (188)                    5.614e+02                (49)                     ['74-W-184_n-tot']       
127                      2.104e+03                (152)                    3.697e+01                9.457e+01                1.130e+00                (148)                    3.125e+02                (85)                     ['74-W-183_n-tot']       
128                      1.738e+02                (18)                     1.286e+02                8.930e+01                5.160e-01                (196)                    6.112e+02                (43)                     ['74-W-184_n-tot']       
129                      7.594e+02                (75)                     6.154e+01                8.739e+01                5.010e-01                (199)                    6.041e+02                (45)                     ['74-W-183_n-tot']       
130                      4.228e+02                (46)                     8.247e+01                8.558e+01                4.000e-01                (216)                    7.350e+02                (31)                     []                       
131                      1.857e+03                (139)                    3.935e+01                8.503e+01                2.180e+00                (89)                     1.435e+02                (196)                    []                       
132                      3.564e+03                (203)                    2.841e+01                8.435e+01                1.690e+00                (105)                    1.820e+02                (156)                    ['74-W-183_n-tot']       
133                      6.940e+02                (69)                     6.437e+01                8.411e+01                2.297e+00                (83)                     1.297e+02                (218)                    []                       
134                      3.232e+03                (191)                    2.983e+01                8.300e+01                1.260e+00                (131)                    2.176e+02                (129)                    []                       
135                      2.589e+02                (32)                     1.054e+02                7.968e+01                4.690e-01                (204)                    6.295e+02                (38)                     ['74-W-184_n-tot']       
136                      2.867e+02                (34)                     1.002e+02                7.811e+01                2.720e-01                (243)                    9.560e+02                (25)                     []                       
137                      5.402e+03                (239)                    2.307e+01                7.703e+01                1.970e+00                (94)                     1.418e+02                (197)                    []                       
138                      6.450e+02                (63)                     6.677e+01                7.327e+01                7.820e-01                (174)                    3.281e+02                (77)                     []                       
139                      3.218e+02                (38)                     9.453e+01                7.236e+01                6.590e-01                (183)                    3.971e+02                (64)                     ['74-W-184_n-tot']       
140                      2.941e+03                (181)                    3.127e+01                7.187e+01                1.210e+00                (140)                    2.089e+02                (135)                    []                       
141                      7.326e+03                (259)                    1.981e+01                7.103e+01                2.520e+00                (78)                     1.067e+02                (255)                    []                       
142                      4.492e+03                (229)                    2.530e+01                7.102e+01                1.810e+00                (100)                    1.462e+02                (192)                    []                       
143                      4.977e+03                (234)                    2.404e+01                7.007e+01                1.780e+00                (102)                    1.493e+02                (187)                    []                       
144                      1.836e+03                (138)                    3.958e+01                6.981e+01                1.750e+00                (103)                    1.436e+02                (194)                    []                       
145                      1.710e+03                (129)                    4.101e+01                6.818e+01                1.590e+00                (114)                    1.497e+02                (186)                    []                       
146                      9.985e+02                (92)                     5.367e+01                6.770e+01                4.750e-01                (203)                    4.805e+02                (56)                     []                       
147                      1.793e+03                (134)                    4.005e+01                6.667e+01                1.120e+00                (149)                    4.442e+02                (61)                     ['74-W-186_n-tot']       
148                      2.349e+03                (162)                    3.499e+01                6.576e+01                9.900e-01                (156)                    2.362e+02                (119)                    []                       
149                      1.408e+03                (115)                    4.519e+01                6.513e+01                7.200e-01                (180)                    3.418e+02                (74)                     []                       
150                      7.640e+00                (1)                      6.135e+02                6.494e+01                3.150e-01                (235)                    7.339e+02                (32)                     ['74-W-184_n-tot']       
151                      1.442e+02                (14)                     1.412e+02                6.465e+01                6.540e-01                (185)                    3.411e+02                (75)                     ['74-W-182_n-tot',       '74-W-182_n-tot',        '74-W-184_n-tot']        
152                      7.520e+02                (74)                     6.184e+01                6.385e+01                8.120e-01                (170)                    2.872e+02                (93)                     []                       
153                      7.116e+03                (257)                    2.010e+01                6.363e+01                2.190e+00                (88)                     1.083e+02                (253)                    []                       
154                      2.871e+03                (178)                    3.165e+01                6.333e+01                1.100e+00                (150)                    2.022e+02                (141)                    []                       
155                      2.167e+03                (156)                    3.643e+01                6.277e+01                1.820e+00                (99)                     1.228e+02                (233)                    []                       
156                      4.300e+03                (224)                    2.586e+01                6.060e+01                1.340e+00                (128)                    1.626e+02                (179)                    []                       
157                      2.158e+03                (155)                    3.650e+01                5.989e+01                1.790e+00                (101)                    1.237e+02                (231)                    []                       
158                      8.694e+02                (85)                     5.751e+01                5.970e+01                8.250e-01                (169)                    2.534e+02                (111)                    []                       
159                      5.283e+03                (237)                    2.333e+01                5.963e+01                1.610e+00                (111)                    1.363e+02                (208)                    []                       
160                      4.100e+03                (219)                    2.648e+01                5.911e+01                1.220e+00                (138)                    1.772e+02                (160)                    []                       
161                      3.941e+03                (214)                    2.701e+01                5.847e+01                1.180e+00                (142)                    1.751e+02                (162)                    []                       
162                      4.600e+03                (231)                    2.500e+01                5.825e+01                1.320e+00                (129)                    1.626e+02                (178)                    []                       
163                      2.607e+03                (173)                    3.321e+01                5.776e+01                9.200e-01                (160)                    2.176e+02                (128)                    []                       
164                      3.776e+02                (42)                     8.727e+01                5.728e+01                5.560e-01                (194)                    3.796e+02                (67)                     ['74-W-184_n-tot']       
165                      1.870e+03                (141)                    3.921e+01                5.549e+01                1.450e+00                (121)                    1.353e+02                (209)                    []                       
166                      1.921e+02                (20)                     1.224e+02                5.547e+01                3.710e-01                (224)                    5.480e+02                (52)                     ['74-W-184_n-tot']       
167                      4.700e+03                (232)                    2.474e+01                5.526e+01                1.220e+00                (135)                    1.641e+02                (176)                    []                       
168                      2.144e+03                (154)                    3.662e+01                5.516e+01                1.650e+00                (109)                    1.247e+02                (229)                    []                       
169                      1.418e+03                (116)                    4.503e+01                5.445e+01                5.300e-01                (195)                    3.487e+02                (73)                     []                       
170                      1.370e+03                (113)                    4.582e+01                5.435e+01                1.040e+00                (153)                    1.736e+02                (165)                    ['74-W-184_n-tot']       
171                      5.100e+03                (235)                    2.375e+01                5.280e+01                1.220e+00                (137)                    1.735e+02                (166)                    []                       
172                      2.105e+03                (153)                    3.696e+01                5.192e+01                7.300e-01                (179)                    2.953e+02                (91)                     []                       
173                      3.996e+03                (217)                    2.683e+01                5.156e+01                1.130e+00                (147)                    1.553e+02                (183)                    []                       
174                      1.287e+03                (109)                    4.727e+01                5.049e+01                6.400e-01                (190)                    2.858e+02                (95)                     []                       
175                      1.993e+03                (146)                    3.799e+01                5.015e+01                1.370e+00                (125)                    1.248e+02                (228)                    []                       
176                      6.000e+03                (245)                    2.189e+01                4.991e+01                1.430e+00                (124)                    1.289e+02                (220)                    []                       
177                      4.212e+03                (221)                    2.613e+01                4.985e+01                1.250e+00                (132)                    1.416e+02                (198)                    []                       
178                      5.500e+03                (240)                    2.287e+01                4.973e+01                1.350e+00                (127)                    1.367e+02                (206)                    []                       
179                      6.200e+03                (247)                    2.154e+01                4.938e+01                1.490e+00                (120)                    1.256e+02                (227)                    []                       
180                      5.900e+03                (244)                    2.208e+01                4.935e+01                1.370e+00                (126)                    1.310e+02                (215)                    ['74-W-183_n-tot']       
181                      2.412e+03                (166)                    3.453e+01                4.933e+01                1.000e+00                (155)                    3.653e+02                (70)                     []                       
182                      5.600e+03                (241)                    2.266e+01                4.920e+01                1.220e+00                (136)                    1.569e+02                (180)                    []                       
183                      6.100e+03                (246)                    2.171e+01                4.861e+01                1.430e+00                (123)                    1.244e+02                (230)                    []                       
184                      1.313e+03                (110)                    4.680e+01                4.842e+01                9.200e-01                (159)                    1.794e+02                (158)                    []                       
185                      6.600e+03                (251)                    2.087e+01                4.689e+01                1.540e+00                (117)                    1.156e+02                (241)                    []                       
186                      1.866e+03                (140)                    3.926e+01                4.663e+01                1.210e+00                (139)                    1.334e+02                (213)                    []                       
187                      7.100e+03                (256)                    2.013e+01                4.472e+01                1.500e+00                (119)                    1.115e+02                (247)                    []                       
188                      7.400e+03                (260)                    1.971e+01                4.347e+01                1.530e+00                (118)                    1.054e+02                (258)                    []                       
189                      3.119e+03                (186)                    3.036e+01                3.835e+01                7.600e-01                (177)                    1.746e+02                (163)                    []                       
190                      5.582e+02                (57)                     7.178e+01                3.705e+01                8.620e-01                (167)                    1.486e+02                (189)                    ['74-W-184_n-tot']       
191                      3.713e+03                (206)                    2.783e+01                3.620e+01                8.800e-01                (164)                    1.490e+02                (188)                    []                       
192                      3.343e+03                (195)                    2.933e+01                3.602e+01                7.600e-01                (176)                    1.700e+02                (171)                    []                       
193                      5.500e+02                (56)                     7.231e+01                3.575e+01                9.710e-01                (157)                    1.352e+02                (210)                    []                       
194                      1.820e+03                (137)                    3.975e+01                3.511e+01                9.500e-01                (158)                    1.326e+02                (214)                    []                       
195                      4.266e+03                (223)                    2.596e+01                3.494e+01                9.000e-01                (161)                    1.365e+02                (207)                    []                       
196                      1.552e+03                (123)                    4.305e+01                3.415e+01                4.000e-01                (215)                    2.884e+02                (92)                     []                       
197                      6.030e+02                (62)                     6.906e+01                3.415e+01                1.050e+00                (152)                    1.145e+02                (245)                    ['74-W-184_n-tot']       
198                      1.582e+03                (125)                    4.264e+01                3.360e+01                4.200e-01                (213)                    2.755e+02                (102)                    ['74-W-183_n-tot']       
199                      2.977e+03                (182)                    3.108e+01                3.018e+01                6.700e-01                (181)                    1.656e+02                (175)                    []                       
200                      3.539e+03                (201)                    2.851e+01                2.994e+01                5.900e-01                (191)                    1.756e+02                (161)                    []                       
201                      2.386e+03                (164)                    3.472e+01                2.905e+01                3.800e-01                (222)                    2.969e+02                (90)                     ['74-W-183_n-tot']       
202                      8.940e+02                (86)                     5.672e+01                2.882e+01                5.160e-01                (197)                    1.979e+02                (145)                    ['74-W-184_n-tot']       
203                      6.699e+03                (252)                    2.072e+01                2.852e+01                1.030e+00                (154)                    1.081e+02                (254)                    []                       
204                      7.140e+02                (72)                     6.346e+01                2.792e+01                2.680e-01                (246)                    3.550e+02                (72)                     []                       
205                      1.663e+03                (128)                    4.158e+01                2.787e+01                7.500e-01                (178)                    1.340e+02                (211)                    []                       
206                      3.604e+02                (40)                     8.933e+01                2.728e+01                3.830e-01                (220)                    2.571e+02                (110)                    ['74-W-184_n-tot']       
207                      1.017e+02                (11)                     1.682e+02                2.702e+01                1.910e-01                (263)                    5.517e+02                (50)                     ['74-W-182_n-tot',       '74-W-186_n-tot']        
208                      5.700e+02                (59)                     7.103e+01                2.659e+01                6.680e-01                (182)                    1.438e+02                (193)                    []                       
209                      1.646e+03                (126)                    4.180e+01                2.612e+01                4.800e-01                (202)                    1.899e+02                (149)                    []                       
210                      4.178e+02                (45)                     8.296e+01                2.581e+01                3.190e-01                (234)                    2.805e+02                (100)                    ['74-W-184_n-tot']       
211                      8.311e+02                (81)                     5.882e+01                2.517e+01                2.700e-01                (244)                    3.189e+02                (83)                     []                       
212                      1.955e+03                (145)                    3.835e+01                2.464e+01                7.700e-01                (175)                    1.138e+02                (246)                    ['74-W-184_n-tot']       
213                      9.409e+02                (88)                     5.528e+01                2.456e+01                4.650e-01                (207)                    1.889e+02                (150)                    ['74-W-184_n-tot']       
214                      3.909e+02                (43)                     8.577e+01                2.334e+01                3.970e-01                (218)                    2.077e+02                (137)                    ['74-W-184_n-tot']       
215                      6.740e+02                (66)                     6.532e+01                2.278e+01                3.660e-01                (227)                    2.144e+02                (131)                    []                       
216                      1.921e+03                (143)                    3.869e+01                2.271e+01                3.900e-01                (219)                    2.102e+02                (134)                    ['74-W-186_n-tot']       
217                      2.963e+02                (35)                     9.852e+01                2.260e+01                4.310e-01                (212)                    1.887e+02                (151)                    ['74-W-184_n-tot']       
218                      1.738e+03                (130)                    4.068e+01                2.227e+01                6.500e-01                (189)                    1.188e+02                (238)                    ['74-W-184_n-tot']       
219                      1.275e+03                (108)                    4.749e+01                2.094e+01                2.900e-01                (240)                    2.421e+02                (116)                    []                       
220                      8.625e+02                (82)                     5.774e+01                2.016e+01                3.570e-01                (228)                    2.013e+02                (142)                    []                       
221                      1.062e+03                (94)                     5.204e+01                2.003e+01                4.600e-01                (208)                    1.547e+02                (184)                    []                       
222                      7.600e+02                (76)                     6.151e+01                1.903e+01                8.940e-01                (162)                    1.287e+02                (221)                    ['74-W-183_n-tot']       
223                      4.060e+01                (6)                      2.661e+02                1.902e+01                2.622e-01                (248)                    2.679e+02                (104)                    ['74-W-184_n-tot']       
224                      3.596e+03                (204)                    2.828e+01                1.850e+01                4.500e-01                (210)                    1.396e+02                (200)                    []                       
225                      3.786e+03                (209)                    2.756e+01                1.762e+01                5.600e-01                (193)                    1.098e+02                (252)                    []                       
226                      8.628e+02                (83)                     5.773e+01                1.697e+01                2.370e-01                (254)                    2.613e+02                (107)                    []                       
227                      7.841e+02                (78)                     6.056e+01                1.678e+01                2.540e-01                (250)                    2.313e+02                (122)                    []                       
228                      4.240e+02                (47)                     8.235e+01                1.540e+01                4.680e-01                (205)                    1.298e+02                (217)                    []                       
229                      1.754e+03                (131)                    4.049e+01                1.475e+01                4.800e-01                (201)                    1.050e+02                (259)                    []                       
230                      8.077e+02                (80)                     5.967e+01                1.449e+01                3.340e-01                (231)                    1.718e+02                (170)                    []                       
231                      1.541e+03                (122)                    4.320e+01                1.411e+01                4.400e-01                (211)                    1.182e+02                (239)                    []                       
232                      5.879e+02                (61)                     6.994e+01                1.406e+01                4.890e-01                (200)                    1.040e+02                (262)                    ['74-W-184_n-tot']       
233                      5.677e+02                (58)                     7.117e+01                1.385e+01                2.930e-01                (239)                    1.683e+02                (172)                    ['74-W-184_n-tot']       
234                      1.151e+03                (102)                    4.998e+01                1.381e+01                3.800e-01                (221)                    1.299e+02                (216)                    ['74-W-184_n-tot']       
235                      1.176e+03                (104)                    4.945e+01                1.346e+01                3.700e-01                (225)                    1.266e+02                (224)                    []                       
236                      1.326e+03                (111)                    4.657e+01                1.325e+01                3.300e-01                (232)                    1.373e+02                (204)                    []                       
237                      1.795e+03                (135)                    4.003e+01                1.323e+01                2.600e-01                (249)                    2.179e+02                (126)                    []                       
238                      3.146e+02                (37)                     9.561e+01                1.282e+01                1.990e-01                (262)                    2.248e+02                (125)                    []                       
239                      6.890e+02                (68)                     6.460e+01                1.245e+01                3.090e-01                (236)                    1.499e+02                (185)                    []                       
240                      1.567e+03                (124)                    4.284e+01                1.138e+01                4.100e-01                (214)                    1.026e+02                (264)                    []                       
241                      2.403e+02                (27)                     1.094e+02                1.135e+01                2.790e-01                (242)                    1.464e+02                (191)                    ['74-W-184_n-tot']       
242                      1.114e+03                (98)                     5.081e+01                1.067e+01                3.200e-01                (233)                    1.230e+02                (232)                    []                       
243                      1.451e+03                (118)                    4.452e+01                1.040e+01                3.700e-01                (226)                    1.033e+02                (263)                    []                       
244                      1.335e+03                (112)                    4.641e+01                1.002e+01                2.500e-01                (252)                    1.379e+02                (203)                    []                       
245                      8.040e+03                (266)                    1.891e+01                9.954e+00                4.000e-01                (217)                    1.041e+02                (261)                    []                       
246                      8.673e+02                (84)                     5.758e+01                9.783e+00                2.860e-01                (241)                    1.199e+02                (237)                    []                       
247                      5.330e+02                (54)                     7.345e+01                9.255e+00                2.510e-01                (251)                    1.294e+02                (219)                    []                       
248                      2.128e+02                (21)                     1.162e+02                9.027e+00                2.120e-01                (257)                    1.730e+02                (167)                    []                       
249                      6.534e+01                (9)                      2.098e+02                8.698e+00                3.007e-01                (237)                    1.103e+02                (250)                    ['74-W-184_n-tot']       
250                      6.990e+02                (70)                     6.414e+01                8.589e+00                2.690e-01                (245)                    1.175e+02                (240)                    []                       
251                      7.817e+02                (77)                     6.065e+01                8.232e+00                2.060e-01                (260)                    1.386e+02                (202)                    []                       
252                      4.457e+03                (228)                    2.540e+01                7.946e+00                3.000e-01                (238)                    1.104e+02                (249)                    []                       
253                      4.590e+02                (50)                     7.915e+01                7.858e+00                2.040e-01                (261)                    1.386e+02                (201)                    []                       
254                      7.037e+02                (71)                     6.393e+01                7.552e+00                2.280e-01                (255)                    1.204e+02                (236)                    []                       
255                      1.039e+02                (12)                     1.664e+02                7.510e+00                2.060e-01                (259)                    1.367e+02                (205)                    ['74-W-184_n-tot']       
256                      2.420e+02                (28)                     1.090e+02                7.134e+00                2.080e-01                (258)                    1.334e+02                (212)                    []                       
257                      2.351e+02                (26)                     1.106e+02                6.880e+00                2.460e-01                (253)                    1.047e+02                (260)                    ['74-W-184_n-tot']       
258                      1.817e+03                (136)                    3.978e+01                6.347e+00                1.800e-01                (264)                    1.228e+02                (234)                    []                       
259                      2.434e+02                (29)                     1.087e+02                5.520e+00                2.140e-01                (256)                    1.153e+02                (244)                    []                       
260                      2.200e+02                (25)                     1.143e+02                4.754e+00                2.680e-01                (247)                    2.178e+02                (127)                    []                       
261                      2.178e+02                (23)                     1.149e+02                1.106e+00                6.600e-02                (266)                    3.676e+03                (9)                      []                       
262                      1.590e+01                (2)                      4.253e+02                6.374e-01                5.719e-01                (192)                    1.267e+02                (223)                    ['74-W-180_n-tot']       
263                      2.460e+02                (30)                     1.081e+02                -6.911e+00               8.670e-01                (166)                    1.565e+02                (181)                    []                       
264                      2.180e+02                (24)                     1.149e+02                -1.159e+02               1.222e+00                (134)                    3.779e+03                (8)                      []                       
265                      2.175e+02                (22)                     1.150e+02                -2.244e+02               1.135e+00                (146)                    3.878e+03                (7)                      []                       
266                      4.280e+02                (48)                     8.197e+01                -4.855e+02               1.553e+00                (116)                    7.143e+02                (34)                     []                       
