26-Fe_n-tot   PEAKS: ================================================================================================================================================================
Rank by Integral         Energy (eV)              Rank by Energy           TOF (us)                 Integral                 Peak Width               Rank by Peak Width       Peak Height              Rank by Peak Height      Relevant Isotope         
0                        2.792e+04                (1)                      1.015e+01                1.527e+04                1.017e+03                (0)                      8.956e+01                (3)                      ['26-Fe-56_n-tot']       
1                        5.214e+04                (7)                      7.427e+00                1.520e+03                5.090e+01                (3)                      9.801e+01                (2)                      ['26-Fe-56_n-tot']       
2                        9.034e+04                (11)                     5.642e+00                1.130e+03                6.590e+01                (2)                      5.892e+01                (9)                      ['26-Fe-56_n-tot']       
3                        1.027e+05                (12)                     5.292e+00                1.127e+03                7.000e+01                (1)                      5.087e+01                (12)                     ['26-Fe-56_n-tot']       
4                        8.084e+04                (10)                     5.964e+00                1.021e+03                3.700e+01                (4)                      8.796e+01                (4)                      ['26-Fe-56_n-tot']       
5                        4.605e+04                (6)                      7.902e+00                5.030e+02                1.510e+01                (6)                      1.068e+02                (1)                      ['26-Fe-56_n-tot']       
6                        5.923e+04                (8)                      6.968e+00                3.954e+02                1.700e+01                (5)                      8.018e+01                (6)                      ['26-Fe-56_n-tot']       
7                        1.151e+03                (0)                      4.998e+01                1.244e+02                1.850e+00                (10)                     2.176e+02                (0)                      ['26-Fe-56_n-tot']       
8                        6.347e+04                (9)                      6.731e+00                5.482e+01                3.500e+00                (8)                      5.140e+01                (11)                     ['26-Fe-56_n-tot']       
9                        3.672e+04                (5)                      8.849e+00                3.616e+01                1.600e+00                (12)                     7.877e+01                (8)                      ['26-Fe-56_n-tot']       
10                       2.822e+04                (3)                      1.009e+01                1.025e+00                2.100e+00                (9)                      8.038e+01                (5)                      []                       
11                       2.863e+04                (4)                      1.002e+01                1.532e-01                3.800e+00                (7)                      5.555e+01                (10)                     ['26-Fe-57_n-tot']       
12                       2.822e+04                (2)                      1.009e+01                -7.126e-01               1.800e+00                (11)                     7.903e+01                (7)                      []                       
