80-Hg_n-tot   PEAKS: ================================================================================================================================================================
Rank by Integral         Energy (eV)              Rank by Energy           TOF (us)                 Integral                 Peak Width               Rank by Peak Width       Peak Height              Rank by Peak Height      Relevant Isotope         
0                        1.325e+03                (16)                     4.658e+01                3.919e+03                2.847e+01                (3)                      4.440e+02                (4)                      ['80-Hg-200_n-tot']      
1                        4.106e+03                (19)                     2.646e+01                3.325e+03                5.587e+01                (1)                      1.978e+02                (16)                     ['80-Hg-202_n-tot']      
2                        2.711e+03                (18)                     3.257e+01                2.592e+03                3.793e+01                (2)                      2.267e+02                (13)                     ['80-Hg-200_n-tot']      
3                        1.710e+03                (17)                     4.100e+01                2.445e+03                1.867e+01                (4)                      4.196e+02                (5)                      ['80-Hg-202_n-tot']      
4                        5.062e+03                (20)                     2.384e+01                2.115e+03                5.674e+01                (0)                      1.312e+02                (20)                     ['80-Hg-200_n-tot']      
5                        1.751e+02                (4)                      1.282e+02                1.694e+03                4.024e+00                (11)                     1.286e+03                (0)                      ['80-Hg-199_n-tot']      
6                        8.801e+02                (15)                     5.716e+01                1.089e+03                1.066e+01                (5)                      3.272e+02                (8)                      ['80-Hg-199_n-tot']      
7                        3.025e+02                (6)                      9.750e+01                7.001e+02                3.539e+00                (13)                     5.845e+02                (3)                      ['80-Hg-198_n-tot']      
8                        3.145e+02                (8)                      9.562e+01                6.298e+02                3.604e+00                (12)                     7.416e+02                (2)                      ['80-Hg-199_n-tot']      
9                        4.916e+02                (11)                     7.648e+01                5.666e+02                8.873e+00                (6)                      2.132e+02                (14)                     ['80-Hg-199_n-tot']      
10                       6.856e+02                (13)                     6.476e+01                4.814e+02                6.860e+00                (7)                      2.075e+02                (15)                     ['80-Hg-199_n-tot']      
11                       3.350e+01                (1)                      2.930e+02                4.790e+02                1.262e+00                (18)                     1.130e+03                (1)                      ['80-Hg-199_n-tot']      
12                       5.640e+02                (12)                     7.140e+01                4.534e+02                5.249e+00                (8)                      2.692e+02                (11)                     ['80-Hg-201_n-tot']      
13                       4.450e+02                (10)                     8.038e+01                2.860e+02                5.189e+00                (9)                      1.772e+02                (18)                     ['80-Hg-201_n-tot']      
14                       2.103e+02                (5)                      1.169e+02                2.695e+02                3.014e+00                (14)                     2.757e+02                (9)                      ['80-Hg-201_n-tot']      
15                       8.080e+02                (14)                     5.966e+01                2.693e+02                4.229e+00                (10)                     1.920e+02                (17)                     ['80-Hg-199_n-tot']      
16                       1.297e+02                (3)                      1.489e+02                1.701e+02                1.833e+00                (17)                     2.721e+02                (10)                     ['80-Hg-199_n-tot']      
17                       4.174e+02                (9)                      8.300e+01                1.199e+02                2.358e+00                (15)                     1.440e+02                (19)                     ['80-Hg-198_n-tot']      
18                       8.982e+01                (2)                      1.789e+02                1.014e+02                1.144e+00                (19)                     2.437e+02                (12)                     ['80-Hg-198_n-tot']      
19                       2.306e+01                (0)                      3.531e+02                8.682e+01                6.835e-01                (20)                     3.595e+02                (7)                      ['80-Hg-198_n-tot']      
20                       3.128e+02                (7)                      9.588e+01                5.771e+01                2.222e+00                (16)                     4.005e+02                (6)                      ['80-Hg-201_n-tot']      
