Recomputed-U_n-g   PEAKS: ================================================================================================================================================================
Rank by Integral         Energy (eV)              Rank by Energy           TOF (us)                 Integral                 Peak Width               Rank by Peak Width       Peak Height              Rank by Peak Height      Relevant Isotope         
0                        1.929e+01                (8)                      3.762e+02                8.991e+01                5.871e-01                (7)                      4.419e+02                (8)                      ['92-U-238_n-g']         
1                        1.239e+01                (6)                      4.695e+02                8.123e+01                4.208e-01                (18)                     5.138e+02                (5)                      ['92-U-238_n-g']         
2                        1.166e+01                (5)                      4.838e+02                6.458e+01                3.632e-01                (20)                     4.603e+02                (7)                      ['92-U-238_n-g']         
3                        3.516e+01                (14)                     2.786e+02                6.076e+01                8.589e-01                (0)                      2.059e+02                (51)                     ['92-U-238_n-g']         
4                        2.106e+01                (9)                      3.600e+02                5.815e+01                5.007e-01                (12)                     3.045e+02                (21)                     ['92-U-238_n-g']         
5                        3.352e+01                (12)                     2.854e+02                5.410e+01                5.804e-01                (8)                      2.380e+02                (36)                     ['92-U-238_n-g']         
6                        8.770e+00                (4)                      5.579e+02                5.028e+01                4.957e-01                (13)                     2.973e+02                (23)                     ['92-U-238_n-g']         
7                        9.037e+01                (21)                     1.738e+02                4.904e+01                1.563e-01                (91)                     9.891e+02                (0)                      ['92-U-238_n-g']         
8                        3.435e+01                (13)                     2.819e+02                4.856e+01                5.549e-01                (10)                     2.306e+02                (39)                     ['92-U-238_n-g']         
9                        6.392e+00                (2)                      6.535e+02                4.645e+01                2.949e-01                (32)                     4.226e+02                (10)                     ['92-U-238_n-g']         
10                       5.509e+01                (17)                     2.226e+02                4.375e+01                7.819e-01                (1)                      1.454e+02                (80)                     ['92-U-238_n-g']         
11                       2.340e+01                (10)                     3.415e+02                4.360e+01                5.945e-01                (6)                      2.182e+02                (45)                     ['92-U-238_n-g']         
12                       3.940e+01                (15)                     2.632e+02                4.221e+01                7.029e-01                (4)                      1.630e+02                (67)                     ['92-U-238_n-g']         
13                       1.076e+02                (26)                     1.593e+02                3.844e+01                1.580e-01                (89)                     7.412e+02                (3)                      ['92-U-238_n-g']         
14                       3.208e+01                (11)                     2.917e+02                3.782e+01                6.266e-01                (5)                      1.567e+02                (71)                     ['92-U-238_n-g']         
15                       2.726e+02                (69)                     1.001e+02                3.662e+01                5.490e-01                (11)                     2.086e+02                (50)                     ['92-U-238_n-g']         
16                       9.407e+01                (23)                     1.704e+02                3.650e+01                1.536e-01                (93)                     7.508e+02                (2)                      ['92-U-238_n-g']         
17                       7.334e+02                (101)                    6.101e+01                3.493e+01                7.390e-01                (3)                      1.497e+02                (78)                     ['92-U-238_n-g']         
18                       4.186e+01                (16)                     2.554e+02                3.367e+01                5.799e-01                (9)                      1.568e+02                (70)                     ['92-U-238_n-g']         
19                       2.096e+02                (59)                     1.141e+02                3.310e+01                1.260e-01                (111)                    7.877e+02                (1)                      ['92-U-238_n-g']         
20                       1.609e+02                (47)                     1.302e+02                3.192e+01                1.650e-01                (83)                     5.923e+02                (4)                      ['92-U-238_n-g']         
21                       5.648e+01                (18)                     2.199e+02                2.920e+01                7.754e-01                (2)                      1.129e+02                (117)                    ['92-U-238_n-g']         
22                       1.336e+02                (35)                     1.429e+02                2.912e+01                2.460e-01                (43)                     3.776e+02                (13)                     ['92-U-238_n-g']         
23                       2.003e+02                (57)                     1.168e+02                2.460e+01                3.150e-01                (26)                     2.466e+02                (35)                     ['92-U-238_n-g']         
24                       2.309e+02                (65)                     1.087e+02                2.450e+01                2.360e-01                (47)                     3.198e+02                (20)                     ['92-U-238_n-g']         
25                       2.617e+02                (67)                     1.021e+02                2.398e+01                4.930e-01                (14)                     1.539e+02                (76)                     ['92-U-238_n-g']         
26                       6.450e+02                (99)                     6.506e+01                2.388e+01                1.910e-01                (73)                     3.912e+02                (12)                     ['92-U-238_n-g']         
27                       1.363e+02                (36)                     1.415e+02                2.207e+01                2.250e-01                (54)                     3.010e+02                (22)                     ['92-U-238_n-g']         
28                       1.609e+01                (7)                      4.120e+02                2.186e+01                4.360e-01                (17)                     1.323e+02                (93)                     ['92-U-238_n-g']         
29                       1.923e+02                (56)                     1.191e+02                2.185e+01                3.190e-01                (24)                     2.146e+02                (47)                     ['92-U-238_n-g']         
30                       1.775e+02                (49)                     1.240e+02                2.132e+01                4.360e-01                (16)                     1.540e+02                (75)                     ['92-U-238_n-g']         
31                       4.619e+02                (87)                     7.688e+01                2.087e+01                2.830e-01                (34)                     2.505e+02                (34)                     ['92-U-238_n-g']         
32                       3.331e+02                (76)                     9.053e+01                2.021e+01                1.820e-01                (77)                     3.501e+02                (16)                     ['92-U-238_n-g']         
33                       1.219e+02                (31)                     1.496e+02                2.000e+01                4.590e-01                (15)                     1.373e+02                (87)                     ['92-U-238_n-g']         
34                       2.478e+02                (66)                     1.050e+02                1.998e+01                2.210e-01                (57)                     2.848e+02                (27)                     ['92-U-238_n-g']         
35                       2.264e+02                (64)                     1.098e+02                1.978e+01                1.450e-01                (99)                     4.261e+02                (9)                      ['92-U-238_n-g']         
36                       1.375e+02                (37)                     1.409e+02                1.840e+01                1.510e-01                (96)                     3.720e+02                (14)                     ['92-U-238_n-g']         
37                       1.421e+02                (38)                     1.386e+02                1.821e+01                2.920e-01                (33)                     1.971e+02                (55)                     ['92-U-238_n-g']         
38                       1.256e+02                (33)                     1.475e+02                1.785e+01                1.180e-01                (120)                    4.649e+02                (6)                      ['92-U-238_n-g']         
39                       2.985e+02                (70)                     9.563e+01                1.773e+01                2.570e-01                (39)                     2.163e+02                (46)                     ['92-U-238_n-g']         
40                       5.422e+02                (91)                     7.096e+01                1.743e+01                2.980e-01                (29)                     1.811e+02                (57)                     ['92-U-238_n-g']         
41                       1.895e+02                (55)                     1.200e+02                1.688e+01                2.340e-01                (48)                     2.271e+02                (41)                     ['92-U-238_n-g']         
42                       4.851e+00                (0)                      7.502e+02                1.686e+01                2.515e-01                (41)                     1.791e+02                (58)                     ['92-U-235_n-g',         '92-U-238_n-g']          
43                       1.786e+02                (50)                     1.236e+02                1.671e+01                1.820e-01                (76)                     3.211e+02                (19)                     ['92-U-238_n-g']         
44                       9.258e+01                (22)                     1.717e+02                1.664e+01                2.305e-01                (50)                     2.281e+02                (40)                     ['92-U-238_n-g']         
45                       6.354e+02                (96)                     6.555e+01                1.655e+01                3.040e-01                (28)                     1.681e+02                (63)                     ['92-U-238_n-g']         
46                       1.534e+02                (42)                     1.334e+02                1.614e+01                2.970e-01                (30)                     1.713e+02                (60)                     ['92-U-238_n-g']         
47                       1.098e+02                (28)                     1.577e+02                1.541e+01                1.160e-01                (124)                    3.954e+02                (11)                     ['92-U-238_n-g']         
48                       5.160e+00                (1)                      7.274e+02                1.528e+01                2.397e-01                (46)                     1.681e+02                (64)                     ['92-U-235_n-g']         
49                       2.251e+02                (63)                     1.101e+02                1.523e+01                1.390e-01                (102)                    3.340e+02                (18)                     ['92-U-238_n-g']         
50                       3.440e+02                (78)                     8.909e+01                1.511e+01                2.070e-01                (69)                     2.260e+02                (42)                     ['92-U-238_n-g']         
51                       1.568e+02                (45)                     1.320e+02                1.450e+01                2.190e-01                (60)                     2.142e+02                (48)                     ['92-U-238_n-g']         
52                       7.085e+00                (3)                      6.208e+02                1.440e+01                3.426e-01                (22)                     1.165e+02                (111)                    ['92-U-238_n-g']         
53                       1.803e+02                (52)                     1.231e+02                1.421e+01                3.160e-01                (25)                     1.387e+02                (86)                     ['92-U-238_n-g']         
54                       1.656e+02                (48)                     1.284e+02                1.407e+01                2.120e-01                (65)                     2.026e+02                (52)                     ['92-U-238_n-g']         
55                       8.263e+01                (19)                     1.818e+02                1.398e+01                1.511e-01                (95)                     2.955e+02                (24)                     ['92-U-238_n-g']         
56                       1.430e+03                (118)                    4.369e+01                1.360e+01                3.500e-01                (21)                     1.213e+02                (106)                    ['92-U-238_n-g']         
57                       5.724e+02                (93)                     6.906e+01                1.343e+01                2.950e-01                (31)                     1.425e+02                (82)                     ['92-U-238_n-g']         
58                       3.816e+02                (83)                     8.458e+01                1.337e+01                1.730e-01                (81)                     2.613e+02                (31)                     ['92-U-238_n-g']         
59                       1.186e+02                (30)                     1.517e+02                1.332e+01                1.210e-01                (116)                    3.416e+02                (17)                     ['92-U-238_n-g']         
60                       8.034e+02                (103)                    5.829e+01                1.322e+01                3.920e-01                (19)                     1.065e+02                (120)                    ['92-U-238_n-g']         
61                       9.611e+02                (108)                    5.330e+01                1.303e+01                2.160e-01                (63)                     1.870e+02                (56)                     ['92-U-238_n-g']         
62                       1.299e+02                (34)                     1.450e+02                1.270e+01                1.340e-01                (104)                    2.885e+02                (26)                     ['92-U-238_n-g']         
63                       5.244e+02                (90)                     7.215e+01                1.267e+01                1.630e-01                (86)                     2.371e+02                (37)                     ['92-U-238_n-g']         
64                       3.272e+02                (75)                     9.134e+01                1.231e+01                1.300e-01                (107)                    2.835e+02                (28)                     ['92-U-238_n-g']         
65                       1.035e+02                (25)                     1.624e+02                1.208e+01                2.440e-01                (44)                     1.560e+02                (73)                     ['92-U-238_n-g']         
66                       2.247e+02                (62)                     1.102e+02                1.199e+01                1.890e-01                (75)                     2.777e+02                (29)                     ['92-U-238_n-g']         
67                       7.417e+02                (102)                    6.067e+01                1.187e+01                2.110e-01                (67)                     1.789e+02                (59)                     ['92-U-238_n-g']         
68                       1.015e+03                (111)                    5.187e+01                1.169e+01                2.700e-01                (35)                     1.392e+02                (85)                     ['92-U-238_n-g']         
69                       1.018e+03                (112)                    5.179e+01                1.162e+01                2.200e-01                (58)                     1.674e+02                (65)                     ['92-U-238_n-g']         
70                       3.703e+02                (80)                     8.586e+01                1.155e+01                2.220e-01                (56)                     1.635e+02                (66)                     ['92-U-238_n-g']         
71                       3.561e+02                (79)                     8.756e+01                1.146e+01                1.370e-01                (103)                    2.537e+02                (32)                     ['92-U-238_n-g']         
72                       3.132e+02                (72)                     9.336e+01                1.145e+01                1.640e-01                (84)                     2.195e+02                (44)                     ['92-U-238_n-g']         
73                       3.090e+02                (71)                     9.400e+01                1.129e+01                1.280e-01                (110)                    2.681e+02                (30)                     ['92-U-238_n-g']         
74                       1.794e+02                (51)                     1.233e+02                1.115e+01                9.300e-02                (125)                    3.603e+02                (15)                     ['92-U-238_n-g']         
75                       1.473e+02                (40)                     1.361e+02                1.112e+01                2.630e-01                (37)                     1.311e+02                (94)                     ['92-U-238_n-g']         
76                       4.966e+02                (89)                     7.414e+01                1.092e+01                2.120e-01                (66)                     1.590e+02                (68)                     ['92-U-238_n-g']         
77                       5.462e+02                (92)                     7.070e+01                1.086e+01                3.260e-01                (23)                     1.064e+02                (121)                    ['92-U-238_n-g']         
78                       2.246e+02                (61)                     1.103e+02                1.082e+01                1.520e-01                (94)                     2.913e+02                (25)                     ['92-U-238_n-g']         
79                       9.011e+02                (106)                    5.504e+01                1.079e+01                2.520e-01                (40)                     1.363e+02                (89)                     ['92-U-238_n-g']         
80                       1.424e+03                (117)                    4.379e+01                1.055e+01                2.400e-01                (45)                     1.403e+02                (84)                     ['92-U-238_n-g']         
81                       2.114e+02                (60)                     1.136e+02                1.025e+01                2.140e-01                (64)                     1.500e+02                (77)                     ['92-U-238_n-g']         
82                       3.802e+02                (82)                     8.474e+01                1.022e+01                1.450e-01                (100)                    2.098e+02                (49)                     ['92-U-238_n-g']         
83                       4.183e+02                (85)                     8.079e+01                1.007e+01                3.110e-01                (27)                     1.003e+02                (126)                    ['92-U-238_n-g']         
84                       4.253e+02                (86)                     8.012e+01                9.900e+00                2.510e-01                (42)                     1.229e+02                (102)                    ['92-U-238_n-g']         
85                       3.432e+02                (77)                     8.919e+01                9.649e+00                1.470e-01                (98)                     2.004e+02                (53)                     ['92-U-238_n-g']         
86                       3.226e+02                (73)                     9.200e+01                9.487e+00                1.170e-01                (122)                    2.523e+02                (33)                     ['92-U-238_n-g']         
87                       6.412e+02                (98)                     6.525e+01                9.251e+00                2.300e-01                (51)                     1.274e+02                (96)                     ['92-U-238_n-g']         
88                       1.823e+02                (53)                     1.224e+02                9.237e+00                2.330e-01                (49)                     1.264e+02                (97)                     ['92-U-235_n-g',         '92-U-238_n-g']          
89                       1.089e+02                (27)                     1.584e+02                9.162e+00                1.970e-01                (72)                     1.477e+02                (79)                     ['92-U-238_n-g']         
90                       1.458e+02                (39)                     1.368e+02                9.071e+00                1.540e-01                (92)                     1.979e+02                (54)                     ['92-U-238_n-g']         
91                       1.337e+03                (116)                    4.519e+01                9.011e+00                2.600e-01                (38)                     1.109e+02                (119)                    ['92-U-238_n-g']         
92                       1.556e+02                (43)                     1.325e+02                8.963e+00                1.250e-01                (112)                    2.326e+02                (38)                     ['92-U-238_n-g']         
93                       2.019e+02                (58)                     1.163e+02                8.947e+00                2.280e-01                (53)                     1.230e+02                (101)                    ['92-U-238_n-g']         
94                       3.726e+02                (81)                     8.560e+01                8.871e+00                1.220e-01                (114)                    2.210e+02                (43)                     ['92-U-238_n-g']         
95                       3.237e+02                (74)                     9.183e+01                8.843e+00                2.650e-01                (36)                     1.042e+02                (125)                    ['92-U-238_n-g']         
96                       6.772e+02                (100)                    6.349e+01                8.722e+00                2.180e-01                (61)                     1.237e+02                (100)                    ['92-U-238_n-g']         
97                       1.011e+03                (110)                    5.196e+01                8.457e+00                2.000e-01                (70)                     1.354e+02                (91)                     ['92-U-238_n-g']         
98                       1.675e+03                (121)                    4.037e+01                8.311e+00                2.000e-01                (71)                     1.364e+02                (88)                     ['92-U-238_n-g']         
99                       4.767e+02                (88)                     7.568e+01                8.137e+00                1.650e-01                (82)                     1.546e+02                (74)                     ['92-U-238_n-g']         
100                      1.604e+03                (120)                    4.125e+01                8.102e+00                2.100e-01                (68)                     1.253e+02                (98)                     ['92-U-238_n-g']         
101                      9.295e+02                (107)                    5.420e+01                8.060e+00                2.160e-01                (62)                     1.156e+02                (113)                    ['92-U-238_n-g']         
102                      1.062e+03                (113)                    5.070e+01                7.951e+00                2.300e-01                (52)                     1.131e+02                (116)                    ['92-U-238_n-g']         
103                      6.338e+02                (95)                     6.563e+01                7.868e+00                1.420e-01                (101)                    1.707e+02                (61)                     ['92-U-238_n-g']         
104                      2.224e+03                (125)                    3.503e+01                7.831e+00                2.200e-01                (59)                     1.131e+02                (115)                    ['92-U-238_n-g']         
105                      8.355e+01                (20)                     1.808e+02                7.724e+00                2.228e-01                (55)                     1.125e+02                (118)                    ['92-U-238_n-g']         
106                      2.248e+03                (126)                    3.485e+01                7.602e+00                1.800e-01                (79)                     1.358e+02                (90)                     ['92-U-238_n-g']         
107                      1.562e+02                (44)                     1.322e+02                7.210e+00                1.570e-01                (90)                     1.422e+02                (83)                     ['92-U-238_n-g']         
108                      1.206e+03                (115)                    4.758e+01                6.943e+00                1.300e-01                (106)                    1.705e+02                (62)                     ['92-U-238_n-g']         
109                      1.010e+02                (24)                     1.644e+02                6.643e+00                1.750e-01                (80)                     1.165e+02                (110)                    ['92-U-238_n-g']         
110                      1.552e+03                (119)                    4.195e+01                6.511e+00                1.900e-01                (74)                     1.164e+02                (112)                    ['92-U-238_n-g']         
111                      2.647e+02                (68)                     1.016e+02                6.248e+00                1.320e-01                (105)                    1.432e+02                (81)                     ['92-U-238_n-g']         
112                      1.085e+03                (114)                    5.017e+01                6.203e+00                1.300e-01                (108)                    1.563e+02                (72)                     ['92-U-238_n-g']         
113                      1.517e+02                (41)                     1.342e+02                6.195e+00                1.600e-01                (87)                     1.227e+02                (103)                    ['92-U-238_n-g']         
114                      9.980e+02                (109)                    5.230e+01                6.160e+00                1.480e-01                (97)                     1.225e+02                (104)                    ['92-U-238_n-g']         
115                      5.876e+02                (94)                     6.816e+01                5.958e+00                1.640e-01                (85)                     1.243e+02                (99)                     ['92-U-238_n-g']         
116                      2.212e+03                (124)                    3.513e+01                5.794e+00                1.800e-01                (78)                     1.049e+02                (124)                    ['92-U-238_n-g']         
117                      8.402e+02                (104)                    5.700e+01                5.306e+00                1.220e-01                (115)                    1.335e+02                (92)                     ['92-U-238_n-g']         
118                      1.128e+02                (29)                     1.556e+02                5.208e+00                1.580e-01                (88)                     1.052e+02                (123)                    ['92-U-238_n-g']         
119                      1.599e+02                (46)                     1.307e+02                4.945e+00                1.200e-01                (118)                    1.281e+02                (95)                     ['92-U-238_n-g']         
120                      8.967e+02                (105)                    5.518e+01                4.694e+00                1.290e-01                (109)                    1.139e+02                (114)                    ['92-U-238_n-g']         
121                      1.229e+02                (32)                     1.491e+02                4.595e+00                1.180e-01                (121)                    1.202e+02                (107)                    ['92-U-238_n-g']         
122                      1.841e+02                (54)                     1.218e+02                4.595e+00                1.170e-01                (123)                    1.181e+02                (109)                    ['92-U-238_n-g']         
123                      6.360e+02                (97)                     6.552e+01                4.376e+00                8.700e-02                (126)                    1.581e+02                (69)                     ['92-U-238_n-g']         
124                      4.058e+02                (84)                     8.202e+01                4.257e+00                1.240e-01                (113)                    1.052e+02                (122)                    ['92-U-238_n-g']         
125                      1.771e+03                (122)                    3.926e+01                4.237e+00                1.200e-01                (119)                    1.219e+02                (105)                    ['92-U-238_n-g']         
126                      2.001e+03                (123)                    3.693e+01                4.155e+00                1.200e-01                (117)                    1.188e+02                (108)                    ['92-U-238_n-g']         
