Ne-22(n,g) ENDFB-8.0
Energy(eV) XS(b)
1.00000E-05 2.28853
1.03125E-05 2.25359
1.06250E-05 2.22020
1.09375E-05 2.18825
1.12500E-05 2.15765
1.15625E-05 2.12829
1.18750E-05 2.10010
1.21875E-05 2.07300
1.25000E-05 2.04692
1.28125E-05 2.02181
1.31250E-05 1.99759
1.34375E-05 1.97423
1.37500E-05 1.95166
1.43750E-05 1.90876
1.50000E-05 1.86858
1.56250E-05 1.83082
1.62500E-05 1.79527
1.68750E-05 1.76171
1.75000E-05 1.72996
1.81250E-05 1.69988
1.87500E-05 1.67130
1.93750E-05 1.64413
2.00000E-05 1.61823
2.09375E-05 1.58159
2.18750E-05 1.54733
2.28125E-05 1.51520
2.37500E-05 1.48499
2.46875E-05 1.45652
2.56250E-05 1.42963
2.65625E-05 1.40418
2.75000E-05 1.38003
2.84375E-05 1.35710
2.93750E-05 1.33526
3.03125E-05 1.31445
3.12500E-05 1.29459
3.21875E-05 1.27559
3.31250E-05 1.25741
3.40625E-05 1.23999
3.50000E-05 1.22327
3.59375E-05 1.20721
3.68750E-05 1.19176
3.78125E-05 1.17690
3.87500E-05 1.16257
3.96875E-05 1.14876
4.06250E-05 1.13543
4.25000E-05 1.11010
4.43750E-05 1.08639
4.62500E-05 1.06414
4.81250E-05 1.04321
5.00000E-05 1.02346
5.15625E-05 1.00783
5.31250E-05 0.992903
5.46875E-05 0.978616
5.62500E-05 0.964928
5.78125E-05 0.951799
5.93750E-05 0.939192
6.09375E-05 0.927073
6.25000E-05 0.915411
6.40625E-05 0.904179
6.56250E-05 0.893350
6.71875E-05 0.882901
6.87500E-05 0.872810
7.18750E-05 0.853625
7.50000E-05 0.835652
7.81250E-05 0.818769
8.12500E-05 0.802869
8.43750E-05 0.787860
8.75000E-05 0.773664
9.06250E-05 0.760207
9.37500E-05 0.747430
9.68750E-05 0.735276
0.000100000 0.723696
0.000103125 0.712646
0.000106250 0.702088
0.000109375 0.691986
0.000112500 0.682307
0.000115625 0.673024
0.000118750 0.664109
0.000121875 0.655539
0.000125000 0.647293
0.000128125 0.639351
0.000131250 0.631694
0.000134375 0.624305
0.000137500 0.617170
0.000143750 0.603604
0.000150000 0.590895
0.000156250 0.578957
0.000162500 0.567714
0.000168750 0.557101
0.000175000 0.547063
0.000181250 0.537548
0.000187500 0.528513
0.000193750 0.519918
0.000200000 0.511730
0.000209375 0.500142
0.000218750 0.489308
0.000228125 0.479148
0.000237500 0.469596
0.000246875 0.460593
0.000256250 0.452089
0.000265625 0.444040
0.000275000 0.436405
0.000284375 0.429151
0.000293750 0.422248
0.000303125 0.415667
0.000312500 0.409384
0.000321875 0.403378
0.000331250 0.397629
0.000340625 0.392119
0.000350000 0.386832
0.000359375 0.381753
0.000368750 0.376869
0.000378125 0.372167
0.000387500 0.367638
0.000396875 0.363270
0.000406250 0.359054
0.000425000 0.351044
0.000443750 0.343548
0.000462500 0.336512
0.000481250 0.329891
0.000500000 0.323647
0.000515625 0.318705
0.000531250 0.313983
0.000546875 0.309465
0.000562500 0.305137
0.000578125 0.300985
0.000593750 0.296998
0.000609375 0.293166
0.000625000 0.289478
0.000640625 0.285926
0.000656250 0.282502
0.000671875 0.279198
0.000687500 0.276007
0.000718750 0.269940
0.000750000 0.264256
0.000781250 0.258917
0.000812500 0.253889
0.000843750 0.249143
0.000875000 0.244654
0.000906250 0.240399
0.000937500 0.236358
0.000968750 0.232514
0.00100000 0.228853
0.00103125 0.225358
0.00106250 0.222020
0.00109375 0.218825
0.00112500 0.215764
0.00115625 0.212828
0.00118750 0.210009
0.00121875 0.207300
0.00125000 0.204692
0.00128125 0.202180
0.00131250 0.199759
0.00134375 0.197422
0.00137500 0.195166
0.00143750 0.190876
0.00150000 0.186857
0.00156250 0.183082
0.00162500 0.179527
0.00168750 0.176171
0.00175000 0.172996
0.00181250 0.169987
0.00187500 0.167130
0.00193750 0.164412
0.00200000 0.161823
0.00209375 0.158159
0.00218750 0.154732
0.00228125 0.151519
0.00237500 0.148499
0.00246875 0.145652
0.00256250 0.142963
0.00265625 0.140417
0.00275000 0.138003
0.00284375 0.135709
0.00293750 0.133526
0.00303125 0.131445
0.00312500 0.129458
0.00321875 0.127559
0.00331250 0.125741
0.00340625 0.123998
0.00350000 0.122326
0.00359375 0.120720
0.00368750 0.119176
0.00378125 0.117689
0.00387500 0.116257
0.00396875 0.114875
0.00406250 0.113542
0.00425000 0.111009
0.00443750 0.108639
0.00462500 0.106414
0.00481250 0.104320
0.00500000 0.102345
0.00515625 0.100783
0.00531250 0.0992895
0.00546875 0.0978608
0.00562500 0.0964920
0.00578125 0.0951791
0.00593750 0.0939184
0.00609375 0.0927065
0.00625000 0.0915403
0.00640625 0.0904170
0.00656250 0.0893342
0.00671875 0.0882893
0.00687500 0.0872802
0.00718750 0.0853617
0.00750000 0.0835644
0.00781250 0.0818760
0.00812500 0.0802860
0.00843750 0.0787852
0.00875000 0.0773655
0.00906250 0.0760199
0.00937500 0.0747421
0.00968750 0.0735267
0.0100000 0.0723687
0.0103125 0.0712638
0.0106250 0.0702079
0.0109375 0.0691977
0.0112500 0.0682298
0.0115625 0.0673015
0.0118750 0.0664100
0.0121875 0.0655530
0.0125000 0.0647284
0.0128125 0.0639341
0.0131250 0.0631684
0.0134375 0.0624296
0.0137500 0.0617160
0.0143750 0.0603594
0.0150000 0.0590885
0.0156250 0.0578946
0.0162500 0.0567703
0.0168750 0.0557090
0.0175000 0.0547051
0.0181250 0.0537536
0.0187500 0.0528501
0.0193750 0.0519906
0.0200000 0.0511718
0.0206625 0.0503447
0.0213250 0.0495565
0.0219875 0.0488042
0.0226500 0.0480851
0.0233125 0.0473969
0.0239750 0.0467374
0.0246375 0.0461048
0.0253000 0.0454971
0.0264578 0.0444905
0.0276156 0.0435478
0.0287734 0.0426627
0.0299313 0.0418294
0.0310891 0.0410432
0.0322469 0.0402996
0.0334047 0.0395951
0.0345625 0.0389262
0.0355274 0.0383940
0.0364922 0.0378830
0.0374570 0.0373919
0.0384219 0.0369194
0.0393867 0.0364643
0.0403516 0.0360257
0.0413164 0.0356025
0.0422813 0.0351939
0.0442109 0.0344172
0.0461406 0.0336897
0.0480703 0.0330065
0.0500000 0.0323632
0.0515625 0.0318690
0.0531250 0.0313968
0.0546875 0.0309449
0.0562500 0.0305121
0.0578125 0.0300969
0.0593750 0.0296983
0.0609375 0.0293150
0.0625000 0.0289463
0.0640625 0.0285911
0.0656250 0.0282487
0.0671875 0.0279183
0.0687500 0.0275992
0.0718750 0.0269926
0.0750000 0.0264242
0.0781250 0.0258903
0.0812500 0.0253875
0.0843750 0.0249128
0.0875000 0.0244638
0.0906250 0.0240382
0.0937500 0.0236340
0.0968750 0.0232496
0.100000 0.0228833
0.103125 0.0225338
0.106250 0.0221999
0.109375 0.0218803
0.112500 0.0215742
0.115625 0.0212807
0.118750 0.0209987
0.121875 0.0207278
0.125000 0.0204670
0.128125 0.0202159
0.131250 0.0199738
0.134375 0.0197402
0.137500 0.0195146
0.143750 0.0190857
0.150000 0.0186839
0.156250 0.0183063
0.162500 0.0179507
0.168750 0.0176151
0.175000 0.0172976
0.181250 0.0169967
0.187500 0.0167110
0.193750 0.0164392
0.200000 0.0161803
0.209375 0.0158138
0.218750 0.0154711
0.228125 0.0151498
0.237500 0.0148476
0.246875 0.0145628
0.256250 0.0142937
0.265625 0.0140390
0.275000 0.0137975
0.284375 0.0135680
0.293750 0.0133496
0.303125 0.0131414
0.312500 0.0129426
0.321875 0.0127526
0.331250 0.0125707
0.340625 0.0123964
0.350000 0.0122292
0.359375 0.0120685
0.368750 0.0119141
0.378125 0.0117654
0.387500 0.0116222
0.396875 0.0114842
0.406250 0.0113509
0.425000 0.0110977
0.443750 0.0108607
0.462500 0.0106382
0.500000 0.0102317
0.531250 0.00992622
0.562500 0.00964633
0.593750 0.00938869
0.625000 0.00915060
0.687500 0.00872411
0.750000 0.00835214
0.812500 0.00802410
0.875000 0.00773249
0.937500 0.00747046
1.00000 0.00723279
1.06250 0.00701632
1.12500 0.00681816
1.18750 0.00663587
1.25000 0.00646743
1.37500 0.00616571
1.50000 0.00590255
1.62500 0.00567039
1.75000 0.00546413
1.87500 0.00527878
2.00000 0.00511029
2.18750 0.00488530
2.37500 0.00468776
2.56250 0.00451231
2.75000 0.00435555
2.93750 0.00421399
3.12500 0.00408493
3.31250 0.00396698
3.50000 0.00385864
3.87500 0.00366604
4.25000 0.00349951
4.62500 0.00335364
5.00000 0.00322469
5.31250 0.00312785
5.62500 0.00303895
5.93750 0.00295716
6.25000 0.00288156
6.87500 0.00274612
7.50000 0.00262793
8.12500 0.00252362
8.75000 0.00243086
9.37500 0.00234750
10.0000 0.00227185
10.6250 0.00220295
11.2500 0.00213985
11.8750 0.00208178
12.5000 0.00202810
13.7500 0.00193188
15.0000 0.00184789
16.2500 0.00177373
17.5000 0.00170771
18.7500 0.00164836
20.0000 0.00159447
21.8750 0.00152243
23.7500 0.00145905
25.6250 0.00140270
27.5000 0.00135221
29.3750 0.00130658
31.2500 0.00126501
33.1250 0.00122698
35.0000 0.00119200
36.8750 0.00115969
38.7500 0.00112972
42.5000 0.00107575
46.2500 0.00102837
50.0000 0.000986361
53.1250 0.000954744
56.2500 0.000925720
59.3750 0.000898970
62.5000 0.000874208
68.7500 0.000829734
75.0000 0.000790807
81.2500 0.000756346
87.5000 0.000725565
93.7500 0.000697826
100.000 0.000672631
106.250 0.000649622
112.500 0.000628497
125.000 0.000590943
137.500 0.000558457
150.000 0.000529973
162.500 0.000504717
175.000 0.000482124
187.500 0.000461740
200.000 0.000443205
218.750 0.000418324
237.500 0.000396337
256.250 0.000376713
275.000 0.000359060
312.500 0.000328463
350.000 0.000302752
387.500 0.000280757
425.000 0.000261668
462.500 0.000244905
500.000 0.000230042
562.500 0.000208641
625.000 0.000190552
687.500 0.000175036
750.000 0.000161567
812.500 0.000149757
875.000 0.000139317
1000.00 0.000121688
1125.00 0.000107389
1250.00 9.55799E-05
1375.00 8.56889E-05
1500.00 7.73098E-05
1750.00 6.39921E-05
2000.00 5.41392E-05
2167.38 4.92339E-05
2334.75 4.63407E-05
2355.67 4.62557E-05
2407.98 4.66342E-05
2460.28 4.84602E-05
2486.44 5.05483E-05
2512.59 5.41246E-05
2538.74 6.03573E-05
2551.82 6.50862E-05
2564.89 7.20826E-05
2573.39 7.83497E-05
2581.89 8.66628E-05
2590.39 9.78803E-05
2598.89 0.000112711
2607.39 0.000134805
2611.64 0.000149747
2615.89 0.000168429
2620.14 0.000192218
2624.39 0.000223028
2628.64 0.000263269
2632.89 0.000318886
2635.67 0.000367531
2638.45 0.000430042
2641.23 0.000512257
2644.00 0.000623326
2646.78 0.000778079
2648.17 0.000879456
2649.56 0.00100354
2650.95 0.00115845
2652.34 0.00135533
2653.73 0.00161125
2655.12 0.00195311
2656.26 0.00233082
2657.41 0.00284306
2657.98 0.00317431
2658.55 0.00357851
2659.12 0.00408491
2659.69 0.00474071
2660.27 0.00562366
2660.84 0.00686178
2661.12 0.00767471
2661.41 0.00866232
2661.70 0.00986914
2661.98 0.0113497
2662.27 0.0131700
2662.55 0.0154084
2662.84 0.0181561
2663.13 0.0215178
2663.41 0.0256103
2663.70 0.0305606
2663.98 0.0365030
2664.27 0.0435738
2664.68 0.0559056
2665.09 0.0711468
2665.50 0.0895203
2665.91 0.111017
2666.31 0.135550
2666.72 0.162521
2667.54 0.220557
2667.91 0.246382
2668.28 0.270507
2668.64 0.291796
2669.01 0.309176
2669.23 0.317176
2669.44 0.323353
2669.66 0.327587
2669.88 0.329797
2670.00 0.330131
2670.32 0.327797
2670.64 0.320991
2670.89 0.312813
2671.14 0.302327
2671.39 0.289796
2671.64 0.275582
2671.96 0.255223
2672.28 0.233278
2672.92 0.187546
2673.24 0.165083
2673.56 0.143621
2673.88 0.123570
2674.20 0.105220
2674.54 0.0878781
2674.87 0.0727090
2675.21 0.0596850
2675.55 0.0487235
2675.89 0.0395883
2676.22 0.0321279
2676.56 0.0260765
2676.90 0.0212500
2677.24 0.0174116
2677.58 0.0143890
2677.91 0.0120179
2678.25 0.0101647
2678.59 0.00870458
2678.93 0.00755498
2679.26 0.00663698
2679.60 0.00590041
2680.10 0.00505138
2680.60 0.00440427
2681.09 0.00389578
2681.59 0.00348568
2682.59 0.00285911
2683.58 0.00240186
2684.58 0.00205259
2685.57 0.00177852
2686.57 0.00155861
2687.56 0.00137918
2689.55 0.00110595
2691.54 0.000909583
2693.54 0.000762778
2695.53 0.000650185
2697.94 0.000545539
2700.36 0.000465715
2702.78 0.000403413
2705.19 0.000353999
2707.61 0.000314266
2710.03 0.000281506
2714.86 0.000230673
2719.70 0.000194003
2724.53 0.000166742
2729.36 0.000145918
2734.20 0.000129849
2741.59 0.000111278
2748.99 9.73761E-05
2756.38 8.68291E-05
2763.77 7.86463E-05
2778.56 6.70376E-05
2793.35 5.94810E-05
2808.13 5.39358E-05
2822.92 4.97998E-05
2852.49 4.41984E-05
2884.34 4.04657E-05
2916.19 3.78604E-05
2979.89 3.44028E-05
3107.28 3.04230E-05
3180.08 2.88715E-05
3453.07 2.46808E-05
3726.06 2.16636E-05
3999.04 1.92672E-05
4272.03 1.73610E-05
4490.42 1.61963E-05
4708.81 1.55161E-05
4745.21 1.54855E-05
4872.61 1.57770E-05
4936.30 1.63353E-05
5000.00 1.74812E-05
5053.20 1.94656E-05
5079.79 2.09239E-05
5106.39 2.32002E-05
5132.99 2.65865E-05
5146.29 2.90435E-05
5159.59 3.21257E-05
5172.89 3.60592E-05
5186.19 4.14156E-05
5199.48 4.89442E-05
5212.78 5.98251E-05
5220.34 6.83312E-05
5227.89 7.93242E-05
5235.45 9.34829E-05
5243.01 0.000113136
5246.78 0.000125787
5250.56 0.000140979
5254.34 0.000159444
5258.12 0.000182199
5261.90 0.000210685
5265.67 0.000246910
5269.45 0.000293694
5273.23 0.000356003
5275.95 0.000415216
5278.67 0.000491673
5281.39 0.000592688
5284.11 0.000730049
5285.47 0.000818194
5286.83 0.000923940
5288.19 0.00105269
5289.55 0.00121220
5290.91 0.00141428
5292.27 0.00167801
5293.63 0.00203822
5294.31 0.00227478
5294.99 0.00256878
5295.56 0.00287603
5296.13 0.00326344
5296.69 0.00376416
5297.26 0.00442490
5297.83 0.00531648
5298.39 0.00653366
5298.96 0.00820684
5299.53 0.0105034
5299.81 0.0119582
5300.09 0.0136506
5300.38 0.0156276
5300.66 0.0179133
5301.23 0.0236051
5301.79 0.0310562
5302.36 0.0406458
5302.93 0.0526878
5303.49 0.0674320
5304.06 0.0849646
5304.50 0.100316
5304.93 0.117130
5305.80 0.154334
5306.67 0.193717
5307.54 0.231118
5307.93 0.246232
5308.33 0.259437
5308.73 0.270382
5309.12 0.278656
5309.53 0.284128
5309.94 0.286306
5310.00 0.286342
5310.20 0.285939
5310.39 0.284750
5310.79 0.280066
5311.15 0.273260
5311.50 0.264219
5311.86 0.253185
5312.22 0.240486
5312.65 0.223394
5313.08 0.204942
5313.94 0.166139
5314.80 0.128360
5315.23 0.110923
5315.65 0.0948221
5316.19 0.0768097
5316.73 0.0613161
5317.27 0.0483251
5317.80 0.0377062
5318.34 0.0291827
5318.88 0.0224910
5319.41 0.0173307
5319.95 0.0134185
5320.49 0.0104783
5321.02 0.00829272
5321.56 0.00667574
5322.10 0.00548113
5322.63 0.00459042
5323.17 0.00392159
5323.71 0.00340951
5324.24 0.00301123
5324.89 0.00263781
5325.53 0.00234465
5326.82 0.00191129
5328.11 0.00160251
5329.39 0.00136934
5330.68 0.00118672
5331.97 0.00104006
5333.26 0.000920025
5334.55 0.000820284
5337.12 0.000665112
5339.70 0.000551237
5342.27 0.000465171
5344.85 0.000398590
5348.43 0.000328506
5352.01 0.000275945
5355.58 0.000235278
5359.16 0.000203286
5362.74 0.000177721
5366.32 0.000156969
5369.90 0.000139888
5373.47 0.000125661
5380.63 0.000103541
5387.78 8.75527E-05
5394.94 7.51543E-05
5402.09 6.55290E-05
5408.39 5.87599E-05
5414.69 5.31691E-05
5427.28 4.45787E-05
5439.88 3.84321E-05
5452.47 3.38745E-05
5465.06 3.02782E-05
5477.66 2.73945E-05
5502.85 2.33298E-05
5528.03 2.05251E-05
5553.22 1.86379E-05
5578.41 1.71079E-05
5603.60 1.59258E-05
5640.23 1.46792E-05
5676.87 1.37540E-05
5750.14 1.24686E-05
5896.69 1.09726E-05
5969.96 1.04753E-05
6153.15 9.55739E-06
6336.33 8.87186E-06
6739.33 7.74818E-06
7142.34 6.88395E-06
7948.35 5.57646E-06
8461.26 4.94078E-06
8974.17 4.40754E-06
10000.0 3.56947E-06
12500.0 2.31680E-06
15000.0 1.63772E-06
17500.0 1.24204E-06
19687.5 1.06341E-06
20000.0 1.05806E-06
20859.5 1.12458E-06
21719.1 1.76204E-06
22312.5 8.98521E-06
22334.3 1.02906E-05
22356.0 1.19343E-05
22377.8 1.40463E-05
22399.5 1.68203E-05
22421.3 2.05675E-05
22443.0 2.56785E-05
22453.9 2.90669E-05
22464.7 3.32107E-05
22475.6 3.83394E-05
22486.5 4.47926E-05
22496.1 5.19886E-05
22505.7 6.11037E-05
22515.3 7.28986E-05
22524.9 8.83965E-05
22534.5 0.000109514
22539.3 0.000123175
22544.1 0.000139617
22548.9 0.000159718
22553.6 0.000184537
22558.4 0.000215828
22563.2 0.000255872
22567.4 0.000300626
22571.6 0.000358627
22575.7 0.000436112
22579.9 0.000543531
22581.9 0.000614497
22584.0 0.000702567
22586.1 0.000816071
22588.2 0.000970744
22589.2 0.00107402
22590.3 0.00120372
22591.3 0.00137115
22592.3 0.00159295
22593.4 0.00189327
22594.4 0.00230655
22595.5 0.00288092
22596.0 0.00324827
22596.5 0.00367315
22597.4 0.00458974
22598.2 0.00579777
22599.1 0.00737932
22600.0 0.00943212
22600.9 0.0120695
22601.8 0.0154191
22602.6 0.0196198
22603.5 0.0247517
22604.4 0.0310758
22605.3 0.0386734
22606.2 0.0476574
22607.0 0.0581064
22607.9 0.0700507
22608.8 0.0834592
22610.5 0.113982
22613.3 0.167275
22614.6 0.193264
22616.0 0.216233
22617.2 0.232427
22618.4 0.243592
22619.5 0.248717
22620.0 0.249280
22620.3 0.249140
22620.5 0.248704
22621.1 0.246428
22621.8 0.242546
22623.2 0.227352
22624.7 0.205353
22626.4 0.174654
22628.0 0.141581
22629.7 0.109491
22631.4 0.0808904
22632.4 0.0660733
22633.4 0.0532851
22634.4 0.0423778
22635.3 0.0332714
22636.3 0.0257545
22637.3 0.0197909
22638.3 0.0150934
22639.3 0.0114559
22640.3 0.00865899
22640.8 0.00753390
22641.3 0.00658135
22641.8 0.00574399
22642.3 0.00503891
22643.3 0.00390476
22644.3 0.00307625
22645.3 0.00247265
22646.3 0.00203211
22647.2 0.00170835
22648.3 0.00145491
22649.3 0.00126752
22650.4 0.00112276
22651.4 0.00101003
22653.5 0.000842411
22655.6 0.000722200
22657.7 0.000629898
22659.8 0.000555953
22661.9 0.000495131
22664.0 0.000444247
22668.1 0.000364172
22672.3 0.000304504
22676.5 0.000258765
22680.7 0.000222952
22686.1 0.000186618
22691.5 0.000158608
22697.0 0.000136476
22702.4 0.000118704
22707.8 0.000104227
22713.3 9.22800E-05
22724.1 7.38823E-05
22735.0 6.05718E-05
22745.9 5.07018E-05
22756.7 4.30421E-05
22767.6 3.69871E-05
22781.8 3.08505E-05
22796.0 2.61579E-05
22810.2 2.24836E-05
22824.4 1.95595E-05
22838.6 1.72379E-05
22852.8 1.53149E-05
22867.0 1.36634E-05
22881.2 1.22969E-05
22909.6 1.01303E-05
22938.0 8.52209E-06
22966.4 7.29539E-06
22994.8 6.33840E-06
23038.3 5.23756E-06
23081.7 4.45586E-06
23125.2 3.83898E-06
23168.6 3.35904E-06
23342.4 2.24204E-06
23690.0 1.40091E-06
24759.5 8.32045E-07
25829.0 6.90388E-07
26470.8 6.42305E-07
28075.0 5.61746E-07
29679.3 5.06134E-07
32887.8 4.26943E-07
44866.4 2.79654E-07
50000.0 2.47277E-07
62500.0 1.99185E-07
75000.0 1.73109E-07
87500.0 1.57796E-07
100000 1.48705E-07
129441 1.41884E-07
162563 1.51866E-07
195684 1.82439E-07
215925 2.17758E-07
236166 2.75666E-07
269287 4.86736E-07
279408 6.19652E-07
284468 7.11069E-07
289528 8.27138E-07
293208 9.33022E-07
296889 1.06295E-06
299649 1.18081E-06
302409 1.32118E-06
305169 1.49017E-06
307929 1.69609E-06
310459 1.92765E-06
311724 2.06189E-06
312989 2.21214E-06
314254 2.37856E-06
315519 2.56640E-06
316784 2.77767E-06
318049 3.01448E-06
319027 3.22092E-06
320005 3.44959E-06
320982 3.70344E-06
321960 3.98606E-06
322937 4.30178E-06
323915 4.65183E-06
324892 5.04834E-06
325381 5.26519E-06
325870 5.49582E-06
326502 5.81800E-06
327135 6.16587E-06
327767 6.54369E-06
328400 6.95682E-06
329032 7.40420E-06
329665 7.89463E-06
330297 8.42978E-06
330930 9.01140E-06
331572 9.66302E-06
331893 1.00077E-05
332214 1.03722E-05
332855 1.11499E-05
333176 1.15650E-05
333497 1.20029E-05
334139 1.29290E-05
334781 1.39469E-05
335102 1.44829E-05
335423 1.50471E-05
336064 1.62352E-05
336465 1.70282E-05
336866 1.78517E-05
337668 1.95813E-05
338469 2.14160E-05
339271 2.32893E-05
340874 2.68841E-05
341275 2.76599E-05
341675 2.83619E-05
342076 2.89836E-05
342477 2.95115E-05
342878 2.98917E-05
343279 3.01516E-05
343679 3.03079E-05
344080 3.03073E-05
344614 3.00863E-05
345015 2.97510E-05
345416 2.93046E-05
345817 2.87596E-05
346218 2.81203E-05
346618 2.73768E-05
347019 2.65746E-05
347821 2.48392E-05
351027 1.76846E-05
351824 1.61453E-05
352622 1.47290E-05
353419 1.34611E-05
353817 1.28667E-05
354216 1.23165E-05
355013 1.12862E-05
355811 1.03775E-05
356209 9.95351E-06
356608 9.56268E-06
357405 8.83233E-06
358226 8.17110E-06
359047 7.57870E-06
359867 7.05080E-06
360688 6.58341E-06
361509 6.16265E-06
362329 5.78892E-06
363150 5.45410E-06
363971 5.15196E-06
364791 4.88393E-06
365612 4.64158E-06
366433 4.42366E-06
367254 4.22907E-06
368074 4.05285E-06
368895 3.89557E-06
369716 3.75437E-06
370536 3.62710E-06
371879 3.44969E-06
373222 3.30338E-06
374565 3.18440E-06
375237 3.13252E-06
375908 3.08991E-06
376580 3.04951E-06
377251 3.01763E-06
378594 2.96577E-06
379937 2.93294E-06
381280 2.91819E-06
382325 2.91982E-06
383369 2.93153E-06
384414 2.95302E-06
384936 2.96598E-06
385458 2.98261E-06
386503 3.02359E-06
387547 3.07405E-06
388070 3.10279E-06
388592 3.13385E-06
389114 3.16723E-06
389636 3.20295E-06
390233 3.24674E-06
391052 3.31198E-06
391462 3.34628E-06
391872 3.38235E-06
392691 3.45800E-06
393100 3.49786E-06
393510 3.53900E-06
393919 3.58111E-06
394329 3.62444E-06
395148 3.71447E-06
395558 3.76083E-06
395967 3.80835E-06
396786 3.90529E-06
397196 3.95495E-06
397605 4.00501E-06
398015 4.05543E-06
398424 4.10626E-06
399243 4.20815E-06
399653 4.25900E-06
400062 4.30949E-06
400472 4.35963E-06
400881 4.40915E-06
401700 4.50537E-06
402110 4.55201E-06
402519 4.59680E-06
403338 4.68226E-06
404008 4.74582E-06
404678 4.80301E-06
406019 4.89356E-06
407359 4.95206E-06
408699 4.97145E-06
410337 4.93274E-06
411156 4.89449E-06
411975 4.83626E-06
412794 4.76529E-06
413613 4.68391E-06
414432 4.58839E-06
415251 4.48267E-06
416070 4.37020E-06
416889 4.25002E-06
417708 4.12392E-06
418527 3.99502E-06
419346 3.86350E-06
420165 3.73075E-06
421803 3.46644E-06
423589 3.18764E-06
425376 2.92249E-06
427332 2.65578E-06
429288 2.41281E-06
431243 2.19458E-06
433199 1.99842E-06
441021 1.40983E-06
445170 1.19394E-06
449320 1.02337E-06
453469 8.87143E-07
457619 7.77136E-07
461768 6.87741E-07
465917 6.13802E-07
470067 5.52034E-07
474216 4.99979E-07
478366 4.56215E-07
482515 4.18292E-07
490814 3.57354E-07
499113 3.10811E-07
507411 2.74567E-07
516464 2.43698E-07
525518 2.19427E-07
534571 2.00124E-07
543624 1.84660E-07
560222 1.63838E-07
576819 1.50019E-07
593417 1.41431E-07
610014 1.37080E-07
616050 1.36466E-07
632647 1.37340E-07
649245 1.42013E-07
682440 1.65355E-07
724688 2.43874E-07
741286 3.06784E-07
749584 3.51172E-07
757883 4.08328E-07
763919 4.60979E-07
769200 5.17380E-07
774481 5.85069E-07
779762 6.68658E-07
782402 7.17468E-07
785043 7.71827E-07
789192 8.71214E-07
791267 9.27945E-07
793342 9.90577E-07
795416 1.05897E-06
797491 1.13473E-06
799566 1.21820E-06
801640 1.30970E-06
803727 1.41253E-06
805814 1.52539E-06
807901 1.65011E-06
808945 1.71733E-06
809988 1.78832E-06
812075 1.93935E-06
814162 2.10623E-06
815206 2.19434E-06
816249 2.28782E-06
818336 2.48344E-06
820479 2.70033E-06
821550 2.81266E-06
822621 2.92853E-06
824764 3.16469E-06
826906 3.40245E-06
831191 3.84525E-06
833333 4.02630E-06
835476 4.16729E-06
836644 4.21802E-06
837813 4.25251E-06
838982 4.27066E-06
840150 4.27168E-06
841709 4.24000E-06
843268 4.17629E-06
844826 4.08347E-06
846385 3.96558E-06
847624 3.85590E-06
848862 3.73691E-06
850101 3.61072E-06
851339 3.47912E-06
852578 3.34377E-06
853816 3.20719E-06
856293 2.93640E-06
866201 2.00410E-06
869256 1.78360E-06
872312 1.59230E-06
875367 1.42702E-06
878422 1.28458E-06
881478 1.16302E-06
884533 1.05704E-06
887588 9.65328E-07
890644 8.86569E-07
893699 8.17463E-07
896754 7.57798E-07
899809 7.05710E-07
902865 6.59787E-07
908975 5.85285E-07
915086 5.28106E-07
921196 4.84525E-07
927307 4.51953E-07
937306 4.18304E-07
947305 4.04818E-07
971748 4.57614E-07
983969 5.47121E-07
990079 6.16992E-07
993135 6.60486E-07
996190 7.10181E-07
998968 7.62669E-07
1.00036E+06 7.91123E-07
1.00175E+06 8.21978E-07
1.00313E+06 8.54075E-07
1.00452E+06 8.88752E-07
1.00730E+06 9.63623E-07
1.00889E+06 1.01098E-06
1.01049E+06 1.06140E-06
1.01208E+06 1.11484E-06
1.01288E+06 1.14245E-06
1.01368E+06 1.17095E-06
1.01527E+06 1.23030E-06
1.01686E+06 1.29208E-06
1.01766E+06 1.32377E-06
1.01846E+06 1.35606E-06
1.01925E+06 1.38879E-06
1.02005E+06 1.42183E-06
1.02087E+06 1.45625E-06
1.02170E+06 1.49082E-06
1.02252E+06 1.52540E-06
1.02334E+06 1.55970E-06
1.02416E+06 1.59384E-06
1.02499E+06 1.62730E-06
1.02581E+06 1.66043E-06
1.02663E+06 1.69203E-06
1.02746E+06 1.72321E-06
1.02828E+06 1.75226E-06
1.02992E+06 1.80608E-06
1.03157E+06 1.85164E-06
1.03321E+06 1.88703E-06
1.03541E+06 1.91395E-06
1.03760E+06 1.91974E-06
1.03979E+06 1.89923E-06
1.04089E+06 1.88130E-06
1.04199E+06 1.85842E-06
1.04309E+06 1.82931E-06
1.04418E+06 1.79638E-06
1.04638E+06 1.72076E-06
1.04857E+06 1.63359E-06
1.05076E+06 1.54093E-06
1.05296E+06 1.44590E-06
1.05515E+06 1.35121E-06
1.05808E+06 1.22994E-06
1.06243E+06 1.06571E-06
1.06678E+06 9.23884E-07
1.07548E+06 7.03826E-07
1.08381E+06 5.57476E-07
1.09214E+06 4.54297E-07
1.09972E+06 3.86922E-07
1.10729E+06 3.36180E-07
1.11487E+06 2.98390E-07
1.12245E+06 2.69429E-07
1.13078E+06 2.45754E-07
1.13911E+06 2.28343E-07
1.15578E+06 2.07399E-07
1.17093E+06 2.00631E-07
1.19517E+06 2.09793E-07
1.21941E+06 2.46015E-07
1.23608E+06 2.93507E-07
1.24441E+06 3.27318E-07
1.25274E+06 3.70243E-07
1.25729E+06 3.98735E-07
1.25956E+06 4.14323E-07
1.26070E+06 4.22587E-07
1.26127E+06 4.26719E-07
1.26155E+06 4.28786E-07
1.26169E+06 4.82485E-07
1.26173E+06 7.27140E-07
1.26175E+06 1.04089E-06
1.26176E+06 1.53755E-06
1.26178E+06 2.33491E-06
1.26179E+06 2.84787E-06
1.26180E+06 3.43495E-06
1.26182E+06 4.79818E-06
1.26183E+06 6.22987E-06
1.26184E+06 1.22020E-05
1.30000E+06 1.08410E-05
1.33304E+06 9.66277E-06
1.33304E+06 9.66274E-06
1.40000E+06 7.27497E-06
1.50000E+06 6.19387E-06
1.60000E+06 5.11276E-06
1.70000E+06 4.82737E-06
1.80000E+06 4.54197E-06
1.90000E+06 4.43795E-06
2.00000E+06 4.33392E-06
2.05718E+06 4.33065E-06
2.10000E+06 4.32820E-06
2.20000E+06 4.32247E-06
2.30000E+06 4.38417E-06
2.40000E+06 4.44587E-06
2.50000E+06 4.56013E-06
2.60000E+06 4.67439E-06
2.70000E+06 4.83351E-06
2.80000E+06 4.99262E-06
2.90000E+06 5.19303E-06
3.00000E+06 5.39344E-06
3.10000E+06 5.63677E-06
3.20000E+06 5.88010E-06
3.30000E+06 6.17283E-06
3.40000E+06 6.46555E-06
3.50000E+06 6.68519E-06
3.51171E+06 6.71091E-06
3.60000E+06 6.90483E-06
3.70000E+06 7.10911E-06
3.80000E+06 7.31339E-06
3.90000E+06 7.57922E-06
4.00000E+06 7.84505E-06
4.20000E+06 8.45100E-06
4.40000E+06 9.17192E-06
4.60000E+06 9.95758E-06
4.66017E+06 1.00458E-05
4.66017E+06 1.00458E-05
4.80000E+06 1.02509E-05
5.00000E+06 1.06360E-05
5.20000E+06 1.10371E-05
5.38234E+06 1.15173E-05
5.38234E+06 1.15173E-05
5.40000E+06 1.15638E-05
5.57635E+06 1.16843E-05
5.57635E+06 1.16843E-05
5.60000E+06 1.17004E-05
5.60919E+06 1.16776E-05
5.60919E+06 1.16776E-05
5.77705E+06 1.12606E-05
5.77705E+06 1.12606E-05
5.80000E+06 1.12036E-05
5.90015E+06 1.10503E-05
5.90015E+06 1.10503E-05
5.97311E+06 1.09387E-05
5.97311E+06 1.09387E-05
6.00000E+06 1.08975E-05
6.07351E+06 1.08270E-05
6.18117E+06 1.07237E-05
6.18118E+06 1.07237E-05
6.20000E+06 1.07056E-05
6.40000E+06 1.05245E-05
6.40081E+06 1.05237E-05
6.52024E+06 1.04114E-05
6.52025E+06 1.04114E-05
6.59973E+06 1.03367E-05
6.59973E+06 1.03367E-05
6.60000E+06 1.03364E-05
6.63759E+06 1.03405E-05
6.63759E+06 1.03405E-05
6.80000E+06 1.03581E-05
6.93974E+06 1.04584E-05
6.93974E+06 1.04584E-05
6.99789E+06 1.05002E-05
6.99789E+06 1.05002E-05
7.00000E+06 1.05017E-05
7.13218E+06 1.04433E-05
7.13218E+06 1.04433E-05
7.16994E+06 1.04267E-05
7.20000E+06 1.04134E-05
7.21679E+06 1.04000E-05
7.21679E+06 1.04000E-05
7.37430E+06 1.02738E-05
7.40000E+06 1.02532E-05
7.51231E+06 1.02511E-05
7.60000E+06 1.02494E-05
7.67739E+06 1.02741E-05
7.67739E+06 1.02741E-05
7.67959E+06 1.02748E-05
7.74558E+06 1.02958E-05
7.74558E+06 1.02958E-05
7.76252E+06 1.03012E-05
7.76253E+06 1.03012E-05
7.80000E+06 1.03131E-05
7.81158E+06 1.03123E-05
7.83459E+06 1.03108E-05
7.99356E+06 1.03001E-05
8.00000E+06 1.02997E-05
8.01636E+06 1.05643E-05
8.07618E+06 1.15315E-05
8.28598E+06 1.49239E-05
8.28598E+06 1.49240E-05
8.44683E+06 1.75249E-05
8.44684E+06 1.75250E-05
8.45338E+06 1.76308E-05
8.50000E+06 1.83846E-05
8.87957E+06 1.98411E-05
9.00000E+06 2.03032E-05
9.18120E+06 2.11029E-05
9.27125E+06 2.15003E-05
9.35293E+06 2.18608E-05
9.50000E+06 2.25099E-05
1.00000E+07 2.47007E-05
1.00257E+07 2.48776E-05
1.00258E+07 2.48780E-05
1.00990E+07 2.53822E-05
1.02709E+07 2.65655E-05
1.04960E+07 2.81151E-05
1.04960E+07 2.81151E-05
1.04997E+07 2.81405E-05
1.05000E+07 2.81426E-05
1.05709E+07 2.87005E-05
1.08203E+07 3.06629E-05
1.08396E+07 3.08148E-05
1.08397E+07 3.08154E-05
1.10000E+07 3.20769E-05
1.12376E+07 3.40474E-05
1.15000E+07 3.62235E-05
1.19812E+07 4.05160E-05
1.20000E+07 4.06837E-05
1.21983E+07 4.25593E-05
1.25000E+07 4.54129E-05
1.26035E+07 4.63581E-05
1.30000E+07 4.99790E-05
1.31862E+07 5.20219E-05
1.35000E+07 5.54647E-05
1.36232E+07 5.70610E-05
1.36397E+07 5.72747E-05
1.38114E+07 5.94994E-05
1.39324E+07 6.10671E-05
1.40000E+07 6.19430E-05
1.40311E+07 6.23477E-05
1.45000E+07 6.84495E-05
1.47911E+07 7.35316E-05
1.50000E+07 7.71786E-05
1.53495E+07 8.51879E-05
1.53496E+07 8.51893E-05
1.54494E+07 8.74772E-05
1.54750E+07 8.80639E-05
1.55000E+07 8.86368E-05
1.55685E+07 9.02066E-05
1.57730E+07 9.48930E-05
1.59663E+07 9.93227E-05
1.59663E+07 9.93230E-05
1.60000E+07 0.000100095
1.62546E+07 0.000117252
1.64289E+07 0.000128997
1.65000E+07 0.000133789
1.65972E+07 0.000140339
1.66738E+07 0.000145500
1.67159E+07 0.000148337
1.69377E+07 0.000163284
1.70000E+07 0.000167482
1.75000E+07 0.000187314
1.78146E+07 0.000199792
1.80000E+07 0.000207145
1.84455E+07 0.000222456
1.84455E+07 0.000222457
1.85000E+07 0.000224329
1.90000E+07 0.000241512
1.95000E+07 0.000250366
1.95376E+07 0.000251032
1.95376E+07 0.000251032
2.00000E+07 0.000259220
2.10000E+07 0.000273929
2.20000E+07 0.000271252
2.21128E+07 0.000268977
2.24266E+07 0.000262646
2.28575E+07 0.000253953
2.30000E+07 0.000251079
2.36295E+07 0.000218171
2.38253E+07 0.000207936
2.40000E+07 0.000198803
2.44393E+07 0.000188029
2.44567E+07 0.000187603
2.50000E+07 0.000174277
2.51758E+07 0.000169828
2.52830E+07 0.000167114
2.60000E+07 0.000148967
2.66958E+07 0.000134747
2.67833E+07 0.000132959
2.70000E+07 0.000128530
2.74946E+07 0.000120707
2.76096E+07 0.000118887
2.80000E+07 0.000112712
2.89708E+07 0.000100409
2.90000E+07 0.000100039
3.00000E+07 9.01846E-05
3.00000E+07 0.00000
3.00000E+07 0.00000
3.10000E+07 0.00000
3.20000E+07 0.00000
3.30000E+07 0.00000
3.40000E+07 0.00000
3.50000E+07 0.00000
3.60000E+07 0.00000
3.70000E+07 0.00000
3.80000E+07 0.00000
3.90000E+07 0.00000
4.00000E+07 0.00000
4.10000E+07 0.00000
4.20000E+07 0.00000
4.30000E+07 0.00000
4.40000E+07 0.00000
4.50000E+07 0.00000
4.60000E+07 0.00000
4.70000E+07 0.00000
4.80000E+07 0.00000
4.90000E+07 0.00000
5.00000E+07 0.00000
5.10000E+07 0.00000
5.20000E+07 0.00000
5.30000E+07 0.00000
5.40000E+07 0.00000
5.50000E+07 0.00000
5.60000E+07 0.00000
5.70000E+07 0.00000
5.80000E+07 0.00000
5.90000E+07 0.00000
6.00000E+07 0.00000
6.10000E+07 0.00000
6.20000E+07 0.00000
6.30000E+07 0.00000
6.40000E+07 0.00000
6.50000E+07 0.00000
6.60000E+07 0.00000
6.70000E+07 0.00000
6.80000E+07 0.00000
6.90000E+07 0.00000
7.00000E+07 0.00000
7.10000E+07 0.00000
7.20000E+07 0.00000
7.30000E+07 0.00000
7.40000E+07 0.00000
7.50000E+07 0.00000
7.60000E+07 0.00000
7.70000E+07 0.00000
7.80000E+07 0.00000
7.90000E+07 0.00000
8.00000E+07 0.00000
8.10000E+07 0.00000
8.20000E+07 0.00000
8.30000E+07 0.00000
8.40000E+07 0.00000
8.50000E+07 0.00000
8.60000E+07 0.00000
8.70000E+07 0.00000
8.80000E+07 0.00000
8.90000E+07 0.00000
9.00000E+07 0.00000
9.10000E+07 0.00000
9.20000E+07 0.00000
9.30000E+07 0.00000
9.40000E+07 0.00000
9.50000E+07 0.00000
9.60000E+07 0.00000
9.70000E+07 0.00000
9.80000E+07 0.00000
9.90000E+07 0.00000
1.00000E+08 0.00000
1.02000E+08 0.00000
1.04000E+08 0.00000
1.06000E+08 0.00000
1.08000E+08 0.00000
1.10000E+08 0.00000
1.12000E+08 0.00000
1.14000E+08 0.00000
1.16000E+08 0.00000
1.18000E+08 0.00000
1.20000E+08 0.00000
1.22000E+08 0.00000
1.24000E+08 0.00000
1.26000E+08 0.00000
1.28000E+08 0.00000
1.30000E+08 0.00000
1.32000E+08 0.00000
1.34000E+08 0.00000
1.36000E+08 0.00000
1.38000E+08 0.00000
1.40000E+08 0.00000
1.42000E+08 0.00000
1.44000E+08 0.00000
1.46000E+08 0.00000
1.48000E+08 0.00000
1.50000E+08 0.00000
1.52000E+08 0.00000
1.54000E+08 0.00000
1.56000E+08 0.00000
1.58000E+08 0.00000
1.60000E+08 0.00000
1.62000E+08 0.00000
1.64000E+08 0.00000
1.66000E+08 0.00000
1.68000E+08 0.00000
1.70000E+08 0.00000
1.72000E+08 0.00000
1.74000E+08 0.00000
1.76000E+08 0.00000
1.78000E+08 0.00000
1.80000E+08 0.00000
1.82000E+08 0.00000
1.84000E+08 0.00000
1.86000E+08 0.00000
1.88000E+08 0.00000
1.90000E+08 0.00000
1.92000E+08 0.00000
1.94000E+08 0.00000
1.96000E+08 0.00000
1.98000E+08 0.00000
2.00000E+08 0.00000
