Mg-25(n,g) ENDFB-8.0
Energy(eV) XS(b)
1.00000E-05 9.57616
1.03125E-05 9.42995
1.06250E-05 9.29024
1.09375E-05 9.15656
1.12500E-05 9.02849
1.15625E-05 8.90565
1.18750E-05 8.78769
1.21875E-05 8.67429
1.25000E-05 8.56518
1.28125E-05 8.46008
1.31250E-05 8.35876
1.34375E-05 8.26099
1.37500E-05 8.16658
1.43750E-05 7.98707
1.50000E-05 7.81890
1.56250E-05 7.66093
1.62500E-05 7.51216
1.68750E-05 7.37173
1.75000E-05 7.23890
1.81250E-05 7.11299
1.87500E-05 6.99344
1.93750E-05 6.87972
2.00000E-05 6.77137
2.09375E-05 6.61803
2.18750E-05 6.47467
2.28125E-05 6.34023
2.37500E-05 6.21383
2.46875E-05 6.09471
2.56250E-05 5.98218
2.65625E-05 5.87566
2.75000E-05 5.77464
2.84375E-05 5.67866
2.93750E-05 5.58731
3.03125E-05 5.50023
3.12500E-05 5.41709
3.21875E-05 5.33762
3.31250E-05 5.26155
3.40625E-05 5.18863
3.50000E-05 5.11867
3.59375E-05 5.05147
3.68750E-05 4.98684
3.78125E-05 4.92463
3.87500E-05 4.86469
3.96875E-05 4.80689
4.06250E-05 4.75111
4.25000E-05 4.64512
4.43750E-05 4.54592
4.62500E-05 4.45282
4.81250E-05 4.36522
5.00000E-05 4.28259
5.15625E-05 4.21720
5.31250E-05 4.15472
5.46875E-05 4.09494
5.62500E-05 4.03766
5.78125E-05 3.98273
5.93750E-05 3.92997
6.09375E-05 3.87926
6.25000E-05 3.83046
6.40625E-05 3.78346
6.56250E-05 3.73815
6.71875E-05 3.69443
6.87500E-05 3.65220
7.18750E-05 3.57193
7.50000E-05 3.49672
7.81250E-05 3.42607
8.12500E-05 3.35954
8.43750E-05 3.29674
8.75000E-05 3.23733
9.06250E-05 3.18103
9.37500E-05 3.12756
9.68750E-05 3.07670
0.000100000 3.02825
0.000103125 2.98201
0.000106250 2.93783
0.000109375 2.89556
0.000112500 2.85506
0.000115625 2.81621
0.000118750 2.77891
0.000121875 2.74305
0.000125000 2.70855
0.000128125 2.67531
0.000131250 2.64327
0.000134375 2.61235
0.000137500 2.58250
0.000143750 2.52573
0.000150000 2.47255
0.000156250 2.42260
0.000162500 2.37555
0.000168750 2.33115
0.000175000 2.28914
0.000181250 2.24933
0.000187500 2.21152
0.000193750 2.17556
0.000200000 2.14129
0.000209375 2.09281
0.000218750 2.04747
0.000228125 2.00496
0.000237500 1.96499
0.000246875 1.92732
0.000256250 1.89173
0.000265625 1.85805
0.000275000 1.82610
0.000284375 1.79575
0.000293750 1.76686
0.000303125 1.73932
0.000312500 1.71304
0.000321875 1.68790
0.000331250 1.66385
0.000340625 1.64079
0.000350000 1.61867
0.000359375 1.59741
0.000368750 1.57698
0.000378125 1.55731
0.000387500 1.53835
0.000396875 1.52007
0.000406250 1.50243
0.000425000 1.46892
0.000443750 1.43755
0.000462500 1.40811
0.000481250 1.38040
0.000500000 1.35427
0.000515625 1.33360
0.000531250 1.31384
0.000546875 1.29493
0.000562500 1.27682
0.000578125 1.25945
0.000593750 1.24277
0.000609375 1.22673
0.000625000 1.21130
0.000640625 1.19644
0.000656250 1.18211
0.000671875 1.16828
0.000687500 1.15493
0.000718750 1.12954
0.000750000 1.10576
0.000781250 1.08342
0.000812500 1.06238
0.000843750 1.04252
0.000875000 1.02373
0.000906250 1.00593
0.000937500 0.989021
0.000968750 0.972939
0.00100000 0.957616
0.00103125 0.942995
0.00106250 0.929024
0.00109375 0.915656
0.00112500 0.902849
0.00115625 0.890564
0.00118750 0.878768
0.00121875 0.867429
0.00125000 0.856517
0.00128125 0.846007
0.00131250 0.835875
0.00134375 0.826099
0.00137500 0.816657
0.00143750 0.798706
0.00150000 0.781890
0.00156250 0.766092
0.00162500 0.751215
0.00168750 0.737172
0.00175000 0.723889
0.00181250 0.711299
0.00187500 0.699343
0.00193750 0.687971
0.00200000 0.677136
0.00209375 0.661803
0.00218750 0.647466
0.00228125 0.634022
0.00237500 0.621382
0.00246875 0.609470
0.00256250 0.598217
0.00265625 0.587565
0.00275000 0.577463
0.00284375 0.567865
0.00293750 0.558729
0.00303125 0.550021
0.00312500 0.541708
0.00321875 0.533761
0.00331250 0.526153
0.00340625 0.518862
0.00350000 0.511866
0.00359375 0.505145
0.00368750 0.498683
0.00378125 0.492462
0.00387500 0.486468
0.00396875 0.480688
0.00406250 0.475109
0.00425000 0.464511
0.00443750 0.454591
0.00462500 0.445281
0.00481250 0.436520
0.00500000 0.428257
0.00515625 0.421719
0.00531250 0.415471
0.00546875 0.409492
0.00562500 0.403765
0.00578125 0.398271
0.00593750 0.392996
0.00609375 0.387925
0.00625000 0.383045
0.00640625 0.378345
0.00656250 0.373813
0.00671875 0.369441
0.00687500 0.365219
0.00718750 0.357191
0.00750000 0.349670
0.00781250 0.342606
0.00812500 0.335952
0.00843750 0.329672
0.00875000 0.323732
0.00906250 0.318101
0.00937500 0.312755
0.00968750 0.307669
0.0100000 0.302823
0.0103125 0.298200
0.0106250 0.293782
0.0109375 0.289555
0.0112500 0.285505
0.0115625 0.281620
0.0118750 0.277890
0.0121875 0.274304
0.0125000 0.270853
0.0128125 0.267530
0.0131250 0.264326
0.0134375 0.261234
0.0137500 0.258249
0.0143750 0.252572
0.0150000 0.247254
0.0156250 0.242258
0.0162500 0.237554
0.0168750 0.233113
0.0175000 0.228912
0.0181250 0.224931
0.0187500 0.221150
0.0193750 0.217554
0.0200000 0.214127
0.0206625 0.210667
0.0213250 0.207368
0.0219875 0.204220
0.0226500 0.201211
0.0233125 0.198332
0.0239750 0.195572
0.0246375 0.192925
0.0253000 0.190382
0.0264578 0.186170
0.0276156 0.182226
0.0287734 0.178522
0.0299313 0.175036
0.0310891 0.171746
0.0322469 0.168635
0.0334047 0.165687
0.0345625 0.162888
0.0355274 0.160661
0.0364922 0.158523
0.0374570 0.156468
0.0384219 0.154491
0.0393867 0.152587
0.0403516 0.150751
0.0413164 0.148981
0.0422813 0.147271
0.0442109 0.144021
0.0461406 0.140977
0.0480703 0.138118
0.0500000 0.135426
0.0515625 0.133358
0.0531250 0.131382
0.0546875 0.129492
0.0562500 0.127681
0.0578125 0.125943
0.0593750 0.124275
0.0609375 0.122672
0.0625000 0.121129
0.0640625 0.119643
0.0656250 0.118210
0.0671875 0.116828
0.0687500 0.115493
0.0718750 0.112955
0.0750000 0.110576
0.0781250 0.108343
0.0812500 0.106239
0.0843750 0.104252
0.0875000 0.102374
0.0906250 0.100593
0.0937500 0.0989017
0.0968750 0.0972931
0.100000 0.0957605
0.103125 0.0942981
0.106250 0.0929008
0.109375 0.0915639
0.112500 0.0902832
0.115625 0.0890548
0.118750 0.0878753
0.121875 0.0867415
0.125000 0.0856506
0.128125 0.0845999
0.131250 0.0835870
0.134375 0.0826097
0.137500 0.0816658
0.143750 0.0798713
0.150000 0.0781900
0.156250 0.0766104
0.162500 0.0751227
0.168750 0.0737183
0.175000 0.0723899
0.181250 0.0711309
0.187500 0.0699355
0.193750 0.0687984
0.200000 0.0677152
0.209375 0.0661821
0.218750 0.0647485
0.228125 0.0634040
0.237500 0.0621397
0.246875 0.0609481
0.256250 0.0598224
0.265625 0.0587569
0.275000 0.0577464
0.284375 0.0567863
0.293750 0.0558726
0.303125 0.0550015
0.312500 0.0541700
0.321875 0.0533752
0.331250 0.0526143
0.340625 0.0518851
0.350000 0.0511854
0.359375 0.0505134
0.368750 0.0498672
0.378125 0.0492454
0.387500 0.0486464
0.396875 0.0480688
0.406250 0.0475114
0.425000 0.0464523
0.443750 0.0454608
0.462500 0.0445303
0.500000 0.0428297
0.531250 0.0415522
0.562500 0.0403814
0.593750 0.0393038
0.625000 0.0383079
0.687500 0.0365242
0.750000 0.0349685
0.812500 0.0335966
0.875000 0.0323773
0.937500 0.0312817
1.00000 0.0302878
1.06250 0.0293827
1.12500 0.0285542
1.18750 0.0277921
1.25000 0.0270879
1.37500 0.0258266
1.50000 0.0247266
1.62500 0.0237563
1.75000 0.0228943
1.87500 0.0221198
2.00000 0.0214158
2.18750 0.0204758
2.37500 0.0196506
2.56250 0.0189178
2.75000 0.0182631
2.93750 0.0176720
3.12500 0.0171332
3.31250 0.0166409
3.50000 0.0161887
3.87500 0.0153850
4.25000 0.0146902
4.62500 0.0140819
5.00000 0.0135442
5.31250 0.0131405
5.62500 0.0127701
5.93750 0.0124293
6.25000 0.0121144
6.87500 0.0115504
7.50000 0.0110585
8.12500 0.0106245
8.75000 0.0102387
9.37500 0.00989220
10.0000 0.00957790
10.6250 0.00929179
11.2500 0.00902989
11.8750 0.00878896
12.5000 0.00856635
13.7500 0.00816760
15.0000 0.00781982
16.2500 0.00751301
17.5000 0.00724009
18.7500 0.00699495
20.0000 0.00677262
21.8750 0.00647568
23.7500 0.00621481
25.6250 0.00598314
27.5000 0.00577583
29.3750 0.00558871
31.2500 0.00541846
33.1250 0.00526288
35.0000 0.00511998
38.7500 0.00486599
42.5000 0.00464641
46.2500 0.00445413
50.0000 0.00428402
53.1250 0.00415627
56.2500 0.00403922
59.3750 0.00393154
62.5000 0.00383205
68.7500 0.00365383
75.0000 0.00349840
81.2500 0.00336128
87.5000 0.00323921
93.7500 0.00312957
100.000 0.00303030
106.250 0.00293993
112.500 0.00285721
118.750 0.00278111
125.000 0.00271080
137.500 0.00258486
150.000 0.00247503
162.500 0.00237814
175.000 0.00229187
187.500 0.00221439
200.000 0.00214425
218.750 0.00205056
237.500 0.00196823
256.250 0.00189513
275.000 0.00182968
293.750 0.00177060
312.500 0.00171692
331.250 0.00166787
350.000 0.00162284
387.500 0.00154280
425.000 0.00147364
462.500 0.00141311
500.000 0.00135956
531.250 0.00131937
562.500 0.00128258
593.750 0.00124875
625.000 0.00121751
687.500 0.00116159
750.000 0.00111287
812.500 0.00106995
875.000 0.00103177
937.500 0.000997527
1000.00 0.000966585
1062.50 0.000938461
1125.00 0.000912759
1250.00 0.000867388
1375.00 0.000828510
1500.00 0.000794748
1625.00 0.000765102
1750.00 0.000738834
1875.00 0.000715372
2000.00 0.000694271
2187.50 0.000666313
2375.00 0.000642012
2562.50 0.000620697
2750.00 0.000601870
2937.50 0.000585138
3125.00 0.000570194
3500.00 0.000544755
3875.00 0.000524116
4250.00 0.000507303
4625.00 0.000493638
5000.00 0.000482639
5625.00 0.000469333
6250.00 0.000461447
6875.00 0.000458418
7500.00 0.000460023
8125.00 0.000466321
8750.00 0.000477632
9375.00 0.000494561
10000.0 0.000518049
10721.8 0.000555328
11082.7 0.000578757
11443.6 0.000606376
11804.5 0.000638276
12165.4 0.000675944
12526.3 0.000720067
12887.2 0.000771393
13313.7 0.000845627
13526.9 0.000887820
13740.2 0.000935594
13953.5 0.000988543
14166.7 0.00104800
14380.0 0.00111467
14593.2 0.00118928
14773.7 0.00126065
14954.1 0.00133950
15134.6 0.00142741
15315.0 0.00152648
15495.5 0.00163687
15675.9 0.00176233
15766.1 0.00183037
15856.4 0.00190438
16036.8 0.00206468
16159.8 0.00218794
16282.9 0.00232358
16405.9 0.00247302
16528.9 0.00263811
16652.0 0.00281925
16775.0 0.00302175
16898.0 0.00324735
17021.1 0.00349971
17111.3 0.00370507
17201.5 0.00392790
17291.7 0.00417123
17382.0 0.00443887
17472.2 0.00473060
17562.4 0.00505296
17652.6 0.00540789
17742.8 0.00579766
17830.7 0.00622082
17874.7 0.00644595
17918.6 0.00668679
18006.5 0.00720118
18094.4 0.00777724
18138.3 0.00808484
18182.3 0.00841488
18270.2 0.00912269
18314.1 0.00951108
18358.0 0.00991916
18402.0 0.0103449
18445.9 0.0107991
18510.4 0.0115156
18574.9 0.0122894
18639.4 0.0131278
18703.9 0.0140383
18768.4 0.0150178
18832.9 0.0160773
18897.4 0.0172158
18961.9 0.0184302
19005.9 0.0193055
19049.8 0.0202160
19137.8 0.0221364
19225.7 0.0241524
19313.7 0.0262144
19401.6 0.0282477
19489.6 0.0301782
19533.6 0.0310583
19577.5 0.0318636
19621.5 0.0325785
19665.5 0.0331873
19712.4 0.0337050
19759.3 0.0340741
19806.2 0.0342851
19853.1 0.0343323
19900.0 0.0342148
19950.0 0.0339129
20000.0 0.0334397
20052.0 0.0327789
20104.0 0.0319689
20156.0 0.0310378
20208.0 0.0299916
20260.0 0.0289048
20312.0 0.0277445
20415.9 0.0253929
20519.9 0.0230319
20623.9 0.0208006
20675.9 0.0197513
20727.9 0.0187444
20779.9 0.0177757
20831.9 0.0168609
20892.1 0.0158701
20952.3 0.0149413
21012.5 0.0140748
21072.7 0.0132702
21132.9 0.0125187
21193.1 0.0118222
21253.3 0.0111749
21313.4 0.0105717
21387.2 0.00989264
21461.0 0.00927020
21534.8 0.00870261
21608.6 0.00818042
21682.4 0.00770056
21756.2 0.00726243
21829.9 0.00685802
21903.7 0.00648469
22008.5 0.00600556
22113.2 0.00557735
22217.9 0.00519322
22322.7 0.00484992
22427.4 0.00453723
22532.1 0.00425449
22636.9 0.00399820
22741.6 0.00376555
22895.2 0.00346303
22972.0 0.00332361
23048.8 0.00319544
23202.4 0.00295930
23356.0 0.00275167
23509.6 0.00256538
23663.2 0.00240008
23816.9 0.00225177
23970.5 0.00211749
24152.0 0.00197681
24333.5 0.00185090
24515.1 0.00173835
24696.6 0.00163779
24878.1 0.00154673
25059.7 0.00146589
25241.2 0.00139096
25422.7 0.00132274
25730.0 0.00122233
26037.2 0.00113492
26344.4 0.00105903
26651.6 0.000993349
26958.8 0.000935159
27266.0 0.000884219
27573.3 0.000839053
27880.5 0.000798573
28355.3 0.000744778
28830.1 0.000699259
29304.8 0.000660865
29779.6 0.000627492
30254.4 0.000598776
30729.2 0.000573974
31204.0 0.000552492
31678.8 0.000533867
32516.6 0.000506933
33354.5 0.000485944
34192.4 0.000469734
35030.2 0.000457685
35868.1 0.000448642
36705.9 0.000442468
38381.7 0.000437414
39610.5 0.000439400
40839.4 0.000445173
42068.3 0.000454844
43297.1 0.000468675
44526.0 0.000486287
45754.9 0.000508544
46983.7 0.000535622
48212.6 0.000567773
50000.0 0.000626646
51608.3 0.000694235
53216.6 0.000779805
54020.7 0.000831063
54824.8 0.000889215
55629.0 0.000955484
56433.1 0.00103138
57388.0 0.00113718
58342.9 0.00126357
59297.9 0.00141812
60252.8 0.00161482
60667.4 0.00172206
61082.0 0.00185317
61496.7 0.00202993
61704.0 0.00215477
61911.3 0.00232940
62112.3 0.00260566
62206.6 0.00280957
62300.8 0.00310717
62395.0 0.00357269
62442.2 0.00392076
62489.3 0.00439708
62519.1 0.00479752
62549.0 0.00530897
62578.8 0.00597794
62608.6 0.00687815
62638.5 0.00813263
62653.4 0.00895537
62668.3 0.00995756
62683.2 0.0111830
62698.2 0.0127038
62713.1 0.0146783
62728.0 0.0172814
62740.6 0.0201559
62753.1 0.0239166
62760.2 0.0265806
62767.3 0.0297787
62774.3 0.0336625
62781.4 0.0384286
62788.5 0.0443795
62795.5 0.0519371
62799.1 0.0565171
62802.6 0.0617535
62806.1 0.0677976
62809.7 0.0748258
62813.0 0.0825862
62816.4 0.0916790
62819.7 0.102428
62821.4 0.108551
62823.0 0.115217
62824.7 0.122579
62826.4 0.130686
62828.0 0.139640
62829.7 0.149554
62831.4 0.160563
62833.0 0.172819
62834.7 0.186496
62836.4 0.201693
62838.4 0.223212
62839.5 0.235114
62840.5 0.247894
62841.5 0.261615
62842.6 0.276345
62843.6 0.292154
62844.6 0.309111
62845.7 0.327285
62846.7 0.346744
62847.7 0.367553
62848.7 0.389772
62849.8 0.413452
62850.8 0.438640
62851.8 0.465366
62852.9 0.493649
62853.9 0.524981
62855.0 0.558008
62856.1 0.592683
62857.2 0.628930
62858.3 0.666640
62859.3 0.705671
62860.4 0.745842
62861.5 0.786552
62863.8 0.874352
62866.0 0.962203
62868.3 1.04668
62870.5 1.12367
62871.7 1.16020
62872.9 1.19286
62874.1 1.22168
62875.3 1.24574
62876.5 1.26504
62877.6 1.27893
62878.8 1.28743
62880.0 1.29022
62880.9 1.28867
62881.7 1.28413
62883.1 1.27035
62884.5 1.24917
62885.9 1.22102
62887.3 1.18654
62888.7 1.14650
62890.1 1.10175
62891.5 1.05319
62892.9 1.00177
62895.2 0.915815
62897.4 0.828785
62899.6 0.743316
62901.9 0.661799
62904.3 0.579793
62906.7 0.505783
62907.9 0.471973
62909.1 0.440313
62910.3 0.410778
62911.5 0.383533
62912.7 0.360082
62913.8 0.338243
62914.9 0.317939
62916.0 0.299086
62917.1 0.281600
62918.2 0.265391
62920.4 0.236587
62922.6 0.211750
62924.8 0.190498
62927.1 0.172102
62929.3 0.156265
62930.9 0.145995
62932.5 0.136763
62934.1 0.128389
62935.7 0.120774
62939.0 0.107445
62942.2 0.0962919
62945.4 0.0868121
62948.6 0.0787339
62951.8 0.0717714
62955.1 0.0657270
62959.5 0.0586165
62963.9 0.0526593
62968.4 0.0476070
62972.8 0.0432848
62977.2 0.0395505
62981.7 0.0363160
62986.1 0.0334896
62990.5 0.0310048
62999.4 0.0268513
63008.3 0.0235443
63017.1 0.0208618
63026.0 0.0186616
63034.9 0.0168314
63043.7 0.0152959
63061.4 0.0128800
63077.6 0.0112343
63093.7 0.00994839
63109.8 0.00892240
63125.9 0.00809335
63158.2 0.00685182
63190.4 0.00598209
63217.8 0.00543311
63245.2 0.00500650
63300.0 0.00439796
63354.8 0.00399278
63409.6 0.00371381
63461.2 0.00352592
63603.0 0.00322509
63744.9 0.00308769
63886.7 0.00303283
64028.6 0.00301864
64273.6 0.00305635
64518.6 0.00313694
64763.6 0.00324330
65008.6 0.00337066
65253.6 0.00351417
65498.6 0.00367257
65743.6 0.00384551
65988.6 0.00403346
66272.3 0.00427261
66414.1 0.00439899
66556.0 0.00453296
66839.7 0.00481746
66981.5 0.00496999
67123.3 0.00512991
67265.2 0.00529554
67407.0 0.00546903
67548.9 0.00565191
67690.7 0.00584131
67832.6 0.00603857
67974.4 0.00624742
68116.3 0.00646376
68258.1 0.00668805
68394.9 0.00691736
68531.7 0.00715434
68668.5 0.00739915
68805.3 0.00765810
68942.1 0.00792522
69078.9 0.00820094
69215.8 0.00849161
69352.6 0.00879064
69489.4 0.00909873
69626.2 0.00941948
69763.0 0.00975232
69899.8 0.0100959
70036.6 0.0104474
70173.4 0.0108079
70447.0 0.0115548
70610.5 0.0120166
70773.9 0.0124833
70937.4 0.0129541
71100.8 0.0134263
71427.7 0.0143558
71754.6 0.0152294
72081.5 0.0160117
72408.4 0.0166381
72571.9 0.0168906
72735.4 0.0170728
72898.8 0.0172086
73062.3 0.0172950
73300.0 0.0172942
73537.8 0.0171634
73775.5 0.0169093
74013.3 0.0165436
74251.0 0.0160826
74414.5 0.0157144
74577.9 0.0153235
74741.4 0.0149126
74904.8 0.0144792
75231.7 0.0135923
75558.6 0.0127073
75885.5 0.0118584
76212.4 0.0110832
76539.4 0.0104049
76866.3 0.00984449
77034.8 0.00962255
77203.4 0.00945248
77372.0 0.00934198
77540.6 0.00930833
77731.6 0.00939534
77922.6 0.00966024
78113.6 0.0101871
78209.1 0.0105934
78304.6 0.0111233
78386.5 0.0117145
78468.3 0.0124653
78550.2 0.0134242
78632.0 0.0146603
78700.2 0.0159741
78768.5 0.0176317
78836.7 0.0197463
78904.9 0.0225053
78954.9 0.0250821
79004.9 0.0282899
79055.0 0.0323394
79080.0 0.0347693
79105.0 0.0375323
79143.6 0.0426016
79182.3 0.0489005
79201.6 0.0526248
79221.0 0.0568023
79240.3 0.0615255
79259.6 0.0668779
79284.6 0.0749035
79309.6 0.0844133
79322.1 0.0898250
79334.6 0.0957282
79347.1 0.102182
79359.6 0.109227
79372.7 0.117266
79385.7 0.126070
79398.7 0.135714
79411.7 0.146240
79424.8 0.157712
79437.8 0.170137
79450.8 0.183517
79463.8 0.197815
79480.9 0.217711
79497.9 0.238454
79514.9 0.259368
79531.9 0.279432
79548.9 0.297282
79557.5 0.304914
79566.0 0.311438
79574.5 0.316689
79583.0 0.320523
79591.5 0.322833
79600.0 0.323552
79608.5 0.322657
79617.0 0.320171
79625.6 0.316168
79634.1 0.310767
79642.6 0.304101
79651.1 0.296354
79668.1 0.278326
79685.2 0.258149
79702.2 0.237199
79719.2 0.216465
79736.3 0.196620
79752.5 0.179025
79768.7 0.162882
79784.9 0.148225
79801.1 0.135023
79817.3 0.123181
79833.5 0.112599
79849.7 0.103156
79865.9 0.0947377
79882.8 0.0869231
79899.7 0.0799776
79916.6 0.0737900
79933.5 0.0682663
79950.3 0.0633213
79967.2 0.0588888
80001.0 0.0513108
80034.7 0.0451229
80068.5 0.0400197
80102.3 0.0357708
80136.0 0.0322018
80166.7 0.0294423
80197.4 0.0270487
80258.8 0.0231306
80320.2 0.0200963
80381.6 0.0177019
80449.1 0.0156099
80516.6 0.0139411
80584.1 0.0125917
80651.7 0.0114896
80737.6 0.0103681
80823.5 0.00950684
80909.5 0.00886391
80995.4 0.00848815
81044.5 0.00843760
81096.7 0.00860219
81148.9 0.00923456
81175.0 0.00991340
81201.1 0.0110725
81214.1 0.0119381
81227.2 0.0131246
81240.2 0.0148190
81253.3 0.0173109
81259.4 0.0189105
81265.5 0.0209100
81271.7 0.0234554
81277.8 0.0267676
81284.0 0.0311990
81290.1 0.0373394
81293.2 0.0413467
81296.2 0.0462195
81299.3 0.0522160
81302.4 0.0596508
81304.9 0.0671088
81307.4 0.0760868
81309.9 0.0870034
81312.3 0.100160
81314.8 0.116078
81317.3 0.135039
81319.8 0.157458
81322.3 0.183574
81323.8 0.200395
81325.2 0.218445
81328.1 0.257939
81331.0 0.301058
81333.8 0.345954
81337.9 0.407816
81339.9 0.435953
81341.9 0.460701
81343.9 0.481391
81346.0 0.496864
81348.0 0.506422
81350.0 0.509625
81351.4 0.508150
81353.6 0.499673
81355.8 0.484101
81358.0 0.462263
81360.2 0.435272
81362.6 0.401181
81365.0 0.364252
81369.8 0.288736
81372.9 0.243382
81376.0 0.202836
81379.1 0.167763
81382.2 0.138563
81385.2 0.115659
81388.1 0.0971854
81391.1 0.0823777
81394.0 0.0705603
81397.0 0.0610935
81399.9 0.0535236
81402.9 0.0473982
81405.8 0.0423914
81410.9 0.0357091
81416.0 0.0307472
81421.0 0.0269387
81426.1 0.0239538
81431.2 0.0215559
81436.2 0.0196038
81446.4 0.0166334
81455.9 0.0146047
81465.5 0.0130768
81475.1 0.0118915
81484.6 0.0109515
81503.7 0.00956312
81522.9 0.00860022
81543.1 0.00786427
81563.4 0.00731788
81603.9 0.00655514
81644.4 0.00604725
81684.9 0.00568134
81801.9 0.00500852
81918.9 0.00458764
82152.9 0.00403014
82323.9 0.00373467
82494.9 0.00349199
82837.0 0.00310445
83179.0 0.00280248
83521.0 0.00255592
83863.0 0.00235047
84205.1 0.00217480
84889.1 0.00188747
85573.2 0.00166107
86257.2 0.00147663
87049.3 0.00130298
87841.3 0.00116012
88633.4 0.00104077
89425.5 0.000939972
90217.5 0.000854886
91009.6 0.000781007
91801.7 0.000717142
92593.7 0.000662263
94177.8 0.000572727
95762.0 0.000506384
96914.0 0.000472229
98066.1 0.000455272
98408.2 0.000457920
98750.2 0.000473027
98921.2 0.000486464
99092.2 0.000516973
99263.2 0.000581195
99348.7 0.000645314
99434.2 0.000759242
99463.5 0.000819158
99492.7 0.000898713
99522.0 0.00100498
99551.2 0.00114752
99580.5 0.00135514
99595.1 0.00149525
99609.8 0.00166973
99624.4 0.00189089
99639.0 0.00217533
99653.6 0.00255063
99668.3 0.00306514
99677.8 0.00351434
99687.4 0.00409145
99696.9 0.00485085
99706.5 0.00587967
99711.3 0.00653993
99716.1 0.00733134
99720.9 0.00829630
99725.6 0.00949489
99730.4 0.0110186
99735.2 0.0130146
99740.0 0.0157321
99742.4 0.0174880
99744.8 0.0196115
99746.9 0.0218789
99749.0 0.0246163
99751.1 0.0279479
99753.2 0.0320284
99755.3 0.0370475
99757.4 0.0432318
99759.5 0.0508450
99761.6 0.0601844
99763.7 0.0715709
99765.9 0.0853345
99768.0 0.101790
99770.1 0.121209
99772.2 0.143781
99774.3 0.169572
99776.4 0.198486
99778.5 0.230070
99781.3 0.275949
99784.1 0.323838
99786.9 0.371323
99789.8 0.415341
99791.4 0.438527
99793.1 0.458575
99794.8 0.475131
99796.4 0.487496
99798.2 0.495849
99800.0 0.498644
99800.4 0.498529
99801.2 0.497316
99802.1 0.494825
99803.8 0.486022
99805.6 0.472420
99807.3 0.454594
99809.6 0.425349
99811.8 0.391168
99814.1 0.353776
99816.4 0.314888
99819.2 0.266568
99822.1 0.221076
99824.9 0.179900
99827.8 0.144354
99829.2 0.128658
99830.6 0.114524
99832.0 0.101796
99833.5 0.0904119
99836.3 0.0712820
99839.2 0.0565171
99842.4 0.0439256
99845.6 0.0347816
99848.8 0.0281081
99852.1 0.0232301
99855.3 0.0195861
99858.5 0.0168239
99861.7 0.0146673
99865.0 0.0129547
99868.2 0.0115571
99871.4 0.0104026
99877.9 0.00860024
99884.3 0.00726572
99890.7 0.00624566
99897.6 0.00540200
99904.4 0.00473436
99911.2 0.00419550
99918.1 0.00375306
99931.7 0.00307427
99945.4 0.00258494
99959.0 0.00222108
99972.7 0.00194458
99986.4 0.00172885
100000 0.00155477
100020 0.00135172
100041 0.00120028
100061 0.00108371
100081 0.000993105
100127 0.000846659
100173 0.000749910
100218 0.000683629
100264 0.000638201
100356 0.000576258
100447 0.000539276
100630 0.000500539
100813 0.000483643
101056 0.000476128
101584 0.000487298
102113 0.000523717
102397 0.000555567
102681 0.000598254
102966 0.000656676
103250 0.000736630
103463 0.000817072
103677 0.000921857
103783 0.000986564
103890 0.00106103
103997 0.00114827
104103 0.00124971
104215 0.00137621
104327 0.00152775
104383 0.00161489
104438 0.00171072
104494 0.00181663
104550 0.00193349
104606 0.00206330
104662 0.00220737
104718 0.00236766
104774 0.00254607
104829 0.00274543
104885 0.00296796
104941 0.00321726
104997 0.00349549
105051 0.00379372
105104 0.00412421
105158 0.00448994
105211 0.00489281
105265 0.00533346
105318 0.00581032
105372 0.00631901
105425 0.00685063
105613 0.00864422
105659 0.00898597
105706 0.00924454
105730 0.00933756
105753 0.00940309
105777 0.00944069
105800 0.00945016
105838 0.00940503
105875 0.00928839
105906 0.00914428
105936 0.00896054
105967 0.00874242
105997 0.00849630
106027 0.00822619
106058 0.00793863
106119 0.00733391
106241 0.00612065
106302 0.00555516
106363 0.00503556
106431 0.00451401
106498 0.00405078
106566 0.00364428
106634 0.00328830
106702 0.00297629
106770 0.00270460
106838 0.00246671
106906 0.00225786
106976 0.00207036
107045 0.00190531
107115 0.00175974
107184 0.00163128
107254 0.00151683
107323 0.00141510
107393 0.00132403
107462 0.00124234
107602 0.00110252
107741 0.000987909
107880 0.000892868
108019 0.000813416
108158 0.000746439
108297 0.000688883
108436 0.000639370
108575 0.000596740
108854 0.000526510
109132 0.000471802
109347 0.000437375
109562 0.000408174
109992 0.000361628
110422 0.000325955
110852 0.000298036
111256 0.000276811
111661 0.000259180
112470 0.000231528
113280 0.000210678
114089 0.000194271
115809 0.000168478
117529 0.000150004
119249 0.000135682
120968 0.000124154
124206 0.000107377
127443 9.47548E-05
130681 8.48808E-05
133918 7.69741E-05
138369 6.84751E-05
142821 6.19722E-05
147272 5.69818E-05
151724 5.31853E-05
161436 4.81393E-05
171148 4.66216E-05
181670 4.86554E-05
186930 5.12590E-05
192191 5.51623E-05
200000 6.41841E-05
204061 7.11885E-05
206092 7.59328E-05
207107 7.94767E-05
208122 8.49905E-05
208493 8.93648E-05
208864 9.72628E-05
209050 0.000104771
209235 0.000118031
209328 0.000129122
209421 0.000145869
209467 0.000157751
209514 0.000172831
209560 0.000192596
209606 0.000220482
209638 0.000246267
209670 0.000279900
209702 0.000324971
209733 0.000386233
209749 0.000426542
209765 0.000475902
209781 0.000536985
209797 0.000613127
209813 0.000710905
209828 0.000837518
209844 0.00100869
209860 0.00124661
209871 0.00145988
209881 0.00174133
209891 0.00212621
209897 0.00237644
209902 0.00267652
209907 0.00306142
209912 0.00356584
209917 0.00426032
209920 0.00471500
209922 0.00524697
209925 0.00592850
209928 0.00678019
209930 0.00785335
209933 0.00921308
209935 0.0109407
209938 0.0131355
209941 0.0159169
209943 0.0192739
209945 0.0228944
209947 0.0270328
209950 0.0321901
209952 0.0380006
209954 0.0451266
209956 0.0530167
209960 0.0723017
209964 0.0972192
209969 0.126566
209977 0.197448
209984 0.258836
209991 0.307286
209995 0.323194
209998 0.331116
210000 0.332076
210004 0.328014
210007 0.316143
210013 0.284004
210018 0.240429
210027 0.165217
210031 0.130350
210035 0.0997991
210039 0.0781664
210042 0.0602409
210045 0.0498824
210047 0.0414278
210050 0.0345727
210052 0.0288101
210054 0.0240097
210057 0.0200431
210059 0.0167885
210061 0.0141335
210063 0.0119772
210066 0.0102993
210068 0.00887364
210070 0.00771966
210073 0.00678326
210075 0.00601999
210077 0.00539391
210079 0.00487622
210084 0.00409440
210089 0.00351226
210093 0.00307142
210098 0.00272453
210102 0.00244851
210111 0.00201480
210121 0.00169972
210133 0.00138943
210145 0.00116317
210157 0.000992623
210169 0.000860460
210182 0.000755528
210194 0.000670566
210218 0.000542775
210243 0.000452914
210267 0.000387672
210291 0.000338936
210316 0.000300833
210345 0.000265156
210374 0.000237661
210404 0.000216056
210433 0.000198781
210492 0.000173807
210550 0.000155892
210609 0.000143035
210667 0.000133428
210784 0.000120426
210902 0.000112614
211019 0.000107166
211253 0.000100655
211565 9.66871E-05
211878 9.49506E-05
212503 9.42065E-05
213752 9.63388E-05
215002 0.000100046
217501 0.000109489
218750 0.000115023
219375 0.000118063
219688 0.000119585
219844 0.000120346
219922 0.000120836
219941 0.000123367
219946 0.000125822
219951 0.000130149
219956 0.000137399
219961 0.000148655
219966 0.000165977
219971 0.000190879
219976 0.000224864
219980 0.000267898
219985 0.000321862
219990 0.000384940
219995 0.000454934
220000 0.000527143
220000 0.000936288
230000 0.000904639
240000 0.000875340
250000 0.000848129
260000 0.000822783
280000 0.000776940
300000 0.000736561
312500 0.000714851
325000 0.000694596
350000 0.000657876
375000 0.000625438
400000 0.000596544
425000 0.000572171
450000 0.000550104
475000 0.000530014
500000 0.000511634
525000 0.000495907
550000 0.000481361
600000 0.000455291
608720 0.000451288
610146 0.000449953
611573 0.000448625
614425 0.000445989
620130 0.000440801
625835 0.000435719
631540 0.000430742
642950 0.000421086
654360 0.000411812
665770 0.000402896
677180 0.000394321
688590 0.000386066
700000 0.000378116
725000 0.000368747
750000 0.000359916
775000 0.000351576
800000 0.000343685
825000 0.000337157
850000 0.000330943
900000 0.000319362
950000 0.000313550
1.00000E+06 0.000308134
1.01415E+06 0.000306018
1.01415E+06 0.000306018
1.01795E+06 0.000305158
1.02174E+06 0.000304304
1.02934E+06 0.000302613
1.03693E+06 0.000300943
1.04452E+06 0.000299295
1.05970E+06 0.000296060
1.07488E+06 0.000292906
1.09007E+06 0.000289829
1.10525E+06 0.000286826
1.13561E+06 0.000281032
1.16598E+06 0.000275503
1.19634E+06 0.000270222
1.22671E+06 0.000265169
1.25708E+06 0.000260332
1.28744E+06 0.000255695
1.31781E+06 0.000251246
1.37854E+06 0.000242866
1.43927E+06 0.000235109
1.50000E+06 0.000227905
1.58844E+06 0.000222896
1.67687E+06 0.000218259
1.68192E+06 0.000217176
1.68697E+06 0.000216101
1.69707E+06 0.000213977
1.71726E+06 0.000209827
1.73746E+06 0.000205806
1.75765E+06 0.000201906
1.77785E+06 0.000198124
1.79804E+06 0.000194454
1.83844E+06 0.000187434
1.87883E+06 0.000180811
1.91922E+06 0.000174556
1.95961E+06 0.000168641
2.00000E+06 0.000163041
2.04401E+06 0.000160413
2.04402E+06 0.000160413
2.05114E+06 0.000159923
2.05827E+06 0.000159437
2.07251E+06 0.000158473
2.08676E+06 0.000157522
2.10101E+06 0.000156583
2.12951E+06 0.000154741
2.15801E+06 0.000152944
2.18651E+06 0.000151191
2.21501E+06 0.000149481
2.27201E+06 0.000146181
2.32900E+06 0.000143033
2.38600E+06 0.000140027
2.44300E+06 0.000137152
2.50000E+06 0.000134401
2.58365E+06 0.000132671
2.66730E+06 0.000131018
2.67295E+06 0.000130902
2.67861E+06 0.000130787
2.68992E+06 0.000130558
2.71253E+06 0.000130103
2.73515E+06 0.000129653
2.75776E+06 0.000129209
2.80299E+06 0.000128336
2.84822E+06 0.000127482
2.85647E+06 0.000126986
2.86471E+06 0.000126493
2.88120E+06 0.000125517
2.91418E+06 0.000123604
2.92491E+06 0.000123078
2.93564E+06 0.000122557
2.95709E+06 0.000121526
2.97855E+06 0.000120512
3.00000E+06 0.000119513
3.04407E+06 0.000118631
3.08814E+06 0.000117767
3.13221E+06 0.000116922
3.17628E+06 0.000116095
3.25721E+06 0.000114620
3.26939E+06 0.000114403
3.33814E+06 0.000113199
3.41907E+06 0.000111830
3.50000E+06 0.000110508
3.54267E+06 0.000110293
3.55151E+06 0.000109349
3.56553E+06 0.000109039
3.57954E+06 0.000108732
3.60757E+06 0.000108123
3.63560E+06 0.000107522
3.66363E+06 0.000106929
3.71969E+06 0.000105766
3.77576E+06 0.000104633
3.83182E+06 0.000103528
3.88788E+06 0.000102451
4.00000E+06 0.000100375
4.06556E+06 9.99320E-05
4.07374E+06 9.97826E-05
4.08192E+06 9.96338E-05
4.09828E+06 9.93376E-05
4.13100E+06 9.87515E-05
4.14256E+06 9.85488E-05
4.15412E+06 9.83472E-05
4.17724E+06 9.79467E-05
4.22348E+06 9.71572E-05
4.23762E+06 9.68474E-05
4.25175E+06 9.65396E-05
4.28003E+06 9.59301E-05
4.30830E+06 9.53283E-05
4.33657E+06 9.47343E-05
4.39312E+06 9.35685E-05
4.44966E+06 9.24318E-05
4.46225E+06 9.22442E-05
4.47483E+06 9.20575E-05
4.50000E+06 9.16868E-05
4.53539E+06 9.12627E-05
4.54684E+06 9.11493E-05
4.55828E+06 9.10364E-05
4.58117E+06 9.08118E-05
4.62694E+06 9.03677E-05
4.67272E+06 8.99300E-05
4.71850E+06 8.94987E-05
4.81005E+06 8.86545E-05
4.90160E+06 8.78340E-05
4.91262E+06 8.76206E-05
4.92354E+06 8.75258E-05
4.93447E+06 8.74314E-05
4.95631E+06 8.72434E-05
5.00000E+06 8.68712E-05
5.05364E+06 8.61544E-05
5.10727E+06 8.54510E-05
5.21454E+06 8.40829E-05
5.23238E+06 8.38547E-05
5.25022E+06 8.36279E-05
5.28591E+06 8.31785E-05
5.32159E+06 8.27344E-05
5.35727E+06 8.22957E-05
5.42864E+06 8.14338E-05
5.50000E+06 8.05920E-05
5.62500E+06 7.98018E-05
5.75000E+06 7.90365E-05
5.87500E+06 7.82948E-05
6.00000E+06 7.75754E-05
6.25000E+06 8.07234E-05
6.50000E+06 8.38681E-05
6.75000E+06 8.80107E-05
7.00000E+06 9.21961E-05
7.50000E+06 0.000101701
7.62787E+06 0.000104536
8.00000E+06 0.000112956
8.32296E+06 0.000117814
8.34412E+06 0.000117286
8.36528E+06 0.000116763
8.40759E+06 0.000115726
8.49222E+06 0.000113695
8.57685E+06 0.000111719
8.66148E+06 0.000109797
8.83074E+06 0.000106104
9.00000E+06 0.000102602
9.05172E+06 9.93398E-05
9.12500E+06 9.49243E-05
9.25000E+06 8.79141E-05
9.37500E+06 8.15054E-05
9.50000E+06 7.56398E-05
9.62500E+06 7.02648E-05
9.75000E+06 6.53339E-05
9.87500E+06 6.08054E-05
1.00000E+07 5.66419E-05
1.00711E+07 5.41808E-05
1.01422E+07 5.18432E-05
1.02132E+07 4.96214E-05
1.02843E+07 4.75096E-05
1.03738E+07 4.49974E-05
1.04632E+07 4.26382E-05
1.05527E+07 4.04213E-05
1.06422E+07 3.83369E-05
1.07316E+07 3.63758E-05
1.07757E+07 3.54526E-05
1.08211E+07 3.45304E-05
1.09105E+07 3.27926E-05
1.10000E+07 3.11554E-05
1.11250E+07 2.90602E-05
1.12500E+07 2.71269E-05
1.13750E+07 2.53416E-05
1.15000E+07 2.36913E-05
1.16250E+07 2.21647E-05
1.17500E+07 2.07512E-05
1.18750E+07 1.94414E-05
1.20000E+07 1.82267E-05
1.21378E+07 1.69225E-05
1.22755E+07 1.57249E-05
1.24133E+07 1.46239E-05
1.25510E+07 1.36110E-05
1.26633E+07 1.28451E-05
1.27755E+07 1.21285E-05
1.28878E+07 1.14576E-05
1.30000E+07 1.08292E-05
1.30424E+07 1.06210E-05
1.31250E+07 1.02286E-05
1.32500E+07 9.66654E-06
1.33750E+07 9.14021E-06
1.35000E+07 8.64704E-06
1.36250E+07 8.18466E-06
1.37500E+07 7.75090E-06
1.38750E+07 7.34374E-06
1.40000E+07 6.96134E-06
1.41250E+07 6.63004E-06
1.42500E+07 6.31721E-06
1.43750E+07 6.02169E-06
1.45000E+07 5.74237E-06
1.46250E+07 5.47825E-06
1.47500E+07 5.22836E-06
1.48750E+07 4.99184E-06
1.50000E+07 4.76787E-06
1.51250E+07 4.57577E-06
1.52500E+07 4.39290E-06
1.55000E+07 4.05282E-06
1.57500E+07 3.74388E-06
1.60000E+07 3.46282E-06
1.62500E+07 3.21646E-06
1.65000E+07 2.99099E-06
1.67500E+07 2.78437E-06
1.70000E+07 2.59477E-06
1.71250E+07 2.48862E-06
1.72500E+07 2.38753E-06
1.75000E+07 2.19947E-06
1.77500E+07 2.02859E-06
1.80000E+07 1.87310E-06
1.82500E+07 1.76195E-06
1.85000E+07 1.65877E-06
1.87500E+07 1.56291E-06
1.90000E+07 1.47374E-06
1.92500E+07 1.38745E-06
1.95000E+07 1.30723E-06
1.97500E+07 1.23258E-06
2.00000E+07 1.16306E-06
