Ti-50(n,tot) ENDFB-8.0
Energy(eV) XS(b)
1.00000E-05 39.5393
1.03125E-05 38.9415
1.06250E-05 38.3704
1.09375E-05 37.8240
1.12500E-05 37.3007
1.15625E-05 36.7988
1.18750E-05 36.3169
1.21875E-05 35.8537
1.25000E-05 35.4081
1.28125E-05 34.9789
1.31250E-05 34.5652
1.34375E-05 34.1661
1.37500E-05 33.7808
1.43750E-05 33.0483
1.50000E-05 32.3623
1.56250E-05 31.7181
1.62500E-05 31.1116
1.68750E-05 30.5392
1.75000E-05 29.9980
1.81250E-05 29.4852
1.87500E-05 28.9984
1.93750E-05 28.5354
2.00000E-05 28.0945
2.09375E-05 27.4708
2.18750E-05 26.8878
2.28125E-05 26.3415
2.37500E-05 25.8280
2.46875E-05 25.3443
2.56250E-05 24.8876
2.65625E-05 24.4555
2.75000E-05 24.0458
2.84375E-05 23.6568
2.93750E-05 23.2867
3.03125E-05 22.9341
3.12500E-05 22.5976
3.21875E-05 22.2761
3.31250E-05 21.9684
3.40625E-05 21.6737
3.50000E-05 21.3910
3.59375E-05 21.1196
3.68750E-05 20.8587
3.78125E-05 20.6077
3.87500E-05 20.3660
3.96875E-05 20.1330
4.06250E-05 19.9082
4.25000E-05 19.4814
4.43750E-05 19.0823
4.62500E-05 18.7081
4.81250E-05 18.3563
5.00000E-05 18.0247
5.15625E-05 17.7626
5.31250E-05 17.5123
5.46875E-05 17.2730
5.62500E-05 17.0439
5.78125E-05 16.8243
5.93750E-05 16.6136
6.09375E-05 16.4112
6.25000E-05 16.2165
6.40625E-05 16.0292
6.56250E-05 15.8488
6.71875E-05 15.6748
6.87500E-05 15.5069
7.18750E-05 15.1880
7.50000E-05 14.8897
7.81250E-05 14.6099
8.12500E-05 14.3467
8.43750E-05 14.0987
8.75000E-05 13.8645
9.06250E-05 13.6428
9.37500E-05 13.4325
9.68750E-05 13.2329
0.000100000 13.0429
0.000103125 12.8619
0.000106250 12.6892
0.000109375 12.5241
0.000112500 12.3663
0.000115625 12.2150
0.000118750 12.0700
0.000121875 11.9309
0.000125000 11.7971
0.000128125 11.6685
0.000131250 11.5446
0.000134375 11.4253
0.000137500 11.3102
0.000143750 11.0919
0.000150000 10.8879
0.000156250 10.6969
0.000162500 10.5174
0.000168750 10.3485
0.000175000 10.1892
0.000181250 10.0386
0.000187500 9.89593
0.000193750 9.76063
0.000200000 9.63207
0.000209375 9.45074
0.000218750 9.28187
0.000228125 9.12416
0.000237500 8.97647
0.000246875 8.83781
0.000256250 8.70735
0.000265625 8.58434
0.000275000 8.46813
0.000284375 8.35813
0.000293750 8.25384
0.000303125 8.15480
0.000312500 8.06061
0.000321875 7.97091
0.000331250 7.88535
0.000340625 7.80366
0.000350000 7.72556
0.000359375 7.65081
0.000368750 7.57919
0.000378125 7.51050
0.000387500 7.44455
0.000396875 7.38118
0.000406250 7.32023
0.000425000 7.20505
0.000443750 7.09799
0.000462500 6.99820
0.000481250 6.90494
0.000500000 6.81755
0.000515625 6.74882
0.000531250 6.68351
0.000546875 6.62135
0.000562500 6.56211
0.000578125 6.50559
0.000593750 6.45160
0.000609375 6.39997
0.000625000 6.35054
0.000640625 6.30318
0.000656250 6.25774
0.000671875 6.21411
0.000687500 6.17219
0.000718750 6.09306
0.000750000 6.01962
0.000781250 5.95129
0.000812500 5.88751
0.000843750 5.82786
0.000875000 5.77192
0.000906250 5.71936
0.000937500 5.66986
0.000968750 5.62317
0.00100000 5.57904
0.00103125 5.53727
0.00106250 5.49767
0.00109375 5.46006
0.00112500 5.42430
0.00115625 5.39025
0.00118750 5.35779
0.00121875 5.32681
0.00125000 5.29720
0.00128125 5.26888
0.00131250 5.24175
0.00134375 5.21575
0.00137500 5.19080
0.00143750 5.14380
0.00150000 5.10031
0.00156250 5.05993
0.00162500 5.02233
0.00168750 4.98723
0.00175000 4.95437
0.00181250 4.92355
0.00187500 4.89457
0.00193750 4.86726
0.00200000 4.84148
0.00209375 4.80541
0.00218750 4.77210
0.00228125 4.74126
0.00237500 4.71259
0.00246875 4.68587
0.00256250 4.66091
0.00265625 4.63752
0.00275000 4.61555
0.00284375 4.59488
0.00293750 4.57538
0.00303125 4.55696
0.00312500 4.53952
0.00321875 4.52298
0.00331250 4.50728
0.00340625 4.49234
0.00350000 4.47812
0.00359375 4.46455
0.00368750 4.45159
0.00378125 4.43920
0.00387500 4.42734
0.00396875 4.41597
0.00406250 4.40507
0.00425000 4.38453
0.00443750 4.36553
0.00462500 4.34789
0.00481250 4.33145
0.00500000 4.31610
0.00515625 4.30405
0.00531250 4.29262
0.00546875 4.28176
0.00562500 4.27143
0.00578125 4.26159
0.00593750 4.25220
0.00609375 4.24322
0.00625000 4.23464
0.00640625 4.22642
0.00656250 4.21854
0.00671875 4.21098
0.00687500 4.20372
0.00718750 4.19001
0.00750000 4.17729
0.00781250 4.16545
0.00812500 4.15440
0.00843750 4.14406
0.00875000 4.13435
0.00906250 4.12521
0.00937500 4.11660
0.00968750 4.10846
0.0100000 4.10077
0.0103125 4.09346
0.0106250 4.08653
0.0109375 4.07993
0.0112500 4.07365
0.0115625 4.06766
0.0118750 4.06193
0.0121875 4.05645
0.0125000 4.05121
0.0128125 4.04618
0.0131250 4.04136
0.0134375 4.03672
0.0137500 4.03227
0.0143750 4.02385
0.0150000 4.01602
0.0156250 4.00872
0.0162500 4.00189
0.0168750 3.99549
0.0175000 3.98948
0.0181250 3.98381
0.0187500 3.97846
0.0193750 3.97340
0.0200000 3.96861
0.0206625 3.96379
0.0213250 3.95922
0.0219875 3.95488
0.0226500 3.95075
0.0233125 3.94682
0.0239750 3.94306
0.0246375 3.93948
0.0253000 3.93605
0.0264578 3.93040
0.0276156 3.92514
0.0287734 3.92024
0.0299313 3.91564
0.0310891 3.91133
0.0322469 3.90728
0.0334047 3.90346
0.0345625 3.89985
0.0355274 3.89698
0.0364922 3.89424
0.0374570 3.89162
0.0384219 3.88911
0.0393867 3.88669
0.0403516 3.88437
0.0413164 3.88214
0.0422813 3.87999
0.0442109 3.87593
0.0461406 3.87214
0.0480703 3.86860
0.0500000 3.86528
0.0515625 3.86274
0.0531250 3.86032
0.0546875 3.85802
0.0562500 3.85582
0.0578125 3.85371
0.0593750 3.85170
0.0609375 3.84977
0.0625000 3.84792
0.0640625 3.84614
0.0656250 3.84442
0.0671875 3.84278
0.0687500 3.84119
0.0718750 3.83818
0.0750000 3.83538
0.0781250 3.83275
0.0812500 3.83029
0.0843750 3.82798
0.0875000 3.82579
0.0906250 3.82373
0.0937500 3.82178
0.0968750 3.81993
0.100000 3.81817
0.103125 3.81650
0.106250 3.81490
0.109375 3.81338
0.112500 3.81192
0.115625 3.81053
0.118750 3.80920
0.121875 3.80792
0.125000 3.80669
0.128125 3.80551
0.131250 3.80438
0.134375 3.80328
0.137500 3.80223
0.143750 3.80023
0.150000 3.79836
0.156250 3.79661
0.162500 3.79497
0.168750 3.79343
0.175000 3.79197
0.181250 3.79059
0.187500 3.78928
0.193750 3.78804
0.200000 3.78686
0.209375 3.78520
0.218750 3.78365
0.228125 3.78220
0.237500 3.78084
0.246875 3.77956
0.256250 3.77835
0.265625 3.77721
0.275000 3.77613
0.284375 3.77511
0.293750 3.77414
0.303125 3.77321
0.312500 3.77233
0.321875 3.77149
0.331250 3.77069
0.340625 3.76992
0.350000 3.76918
0.359375 3.76848
0.368750 3.76780
0.378125 3.76714
0.387500 3.76652
0.396875 3.76591
0.406250 3.76533
0.425000 3.76422
0.443750 3.76319
0.462500 3.76222
0.500000 3.76046
0.531250 3.75914
0.562500 3.75793
0.593750 3.75682
0.625000 3.75579
0.687500 3.75396
0.750000 3.75237
0.812500 3.75097
0.875000 3.74973
0.937500 3.74862
1.00000 3.74761
1.06250 3.74670
1.12500 3.74586
1.18750 3.74509
1.25000 3.74438
1.37500 3.74310
1.50000 3.74199
1.62500 3.74102
1.75000 3.74015
1.87500 3.73937
2.00000 3.73866
2.18750 3.73771
2.37500 3.73688
2.56250 3.73614
2.75000 3.73548
2.93750 3.73488
3.12500 3.73434
3.31250 3.73384
3.50000 3.73338
3.87500 3.73255
4.25000 3.73184
4.62500 3.73121
5.00000 3.73065
5.31250 3.73023
5.62500 3.72984
5.93750 3.72947
6.25000 3.72914
6.87500 3.72853
7.50000 3.72799
8.12500 3.72751
8.75000 3.72708
9.37500 3.72668
10.0000 3.72632
10.6250 3.72598
11.2500 3.72567
11.8750 3.72537
12.5000 3.72510
13.7500 3.72459
15.0000 3.72413
16.2500 3.72371
17.5000 3.72333
18.7500 3.72297
20.0000 3.72263
21.8750 3.72216
23.7500 3.72173
25.6250 3.72132
27.5000 3.72094
29.3750 3.72058
31.2500 3.72023
33.1250 3.71989
35.0000 3.71957
38.7500 3.71896
42.5000 3.71838
46.2500 3.71783
50.0000 3.71730
53.1250 3.71687
56.2500 3.71645
59.3750 3.71604
62.5000 3.71564
68.7500 3.71486
75.0000 3.71409
81.2500 3.71335
87.5000 3.71262
93.7500 3.71190
100.000 3.71120
106.250 3.71050
112.500 3.70981
118.750 3.70913
125.000 3.70845
137.500 3.70711
150.000 3.70579
162.500 3.70448
175.000 3.70319
187.500 3.70190
200.000 3.70062
218.750 3.69872
237.500 3.69683
256.250 3.69495
275.000 3.69308
293.750 3.69123
312.500 3.68938
331.250 3.68754
350.000 3.68571
368.750 3.68388
387.500 3.68206
425.000 3.67844
462.500 3.67484
500.000 3.67125
531.250 3.66828
562.500 3.66533
593.750 3.66238
625.000 3.65944
687.500 3.65361
750.000 3.64781
812.500 3.64206
875.000 3.63634
937.500 3.63067
1000.00 3.62503
1062.50 3.61942
1125.00 3.61386
1250.00 3.60282
1375.00 3.59193
1500.00 3.58116
1625.00 3.57053
1750.00 3.56002
1875.00 3.54963
2000.00 3.53936
2187.50 3.52417
2375.00 3.50925
2562.50 3.49457
2750.00 3.48013
2937.50 3.46593
3125.00 3.45195
3500.00 3.42466
3875.00 3.39821
4250.00 3.37256
4625.00 3.34767
5000.00 3.32350
5625.00 3.28471
6250.00 3.24768
6875.00 3.21227
7500.00 3.17835
8125.00 3.14581
8750.00 3.11455
10000.0 3.05550
11201.4 3.00267
12402.8 2.95310
13604.1 2.90637
14805.5 2.86213
16006.9 2.82009
16334.5 2.80896
16498.4 2.80344
16580.3 2.80070
16662.2 2.79796
16721.9 2.79597
16751.8 2.79498
16781.6 2.79399
16796.6 2.79350
16811.5 2.79302
16826.4 2.79253
16841.4 2.79205
16856.3 2.79157
16871.2 2.79111
16878.7 2.79088
16886.2 2.79066
16893.6 2.79044
16901.1 2.79024
16907.9 2.79006
16914.7 2.78991
16921.6 2.78978
16928.4 2.78968
16935.2 2.78964
16938.6 2.78965
16942.0 2.78969
16945.5 2.78977
16948.9 2.78991
16952.3 2.79014
16955.7 2.79047
16958.3 2.79083
16960.8 2.79134
16963.4 2.79204
16965.9 2.79307
16967.2 2.79376
16968.5 2.79464
16969.8 2.79578
16971.1 2.79738
16971.7 2.79847
16972.3 2.79987
16973.0 2.80175
16973.6 2.80435
16974.3 2.80807
16974.6 2.81052
16974.9 2.81348
16975.2 2.81708
16975.5 2.82144
16975.9 2.82675
16976.2 2.83298
16976.7 2.84612
16977.2 2.86388
16977.7 2.88768
16978.2 2.91854
16978.7 2.95974
16979.2 3.01311
16979.7 3.08130
16980.2 3.16531
16980.7 3.27140
16981.2 3.40099
16981.8 3.55668
16982.3 3.73669
16982.8 3.94950
16983.3 4.19206
16983.8 4.46324
16984.3 4.75432
16984.7 5.02150
16985.1 5.30051
16986.0 5.86874
16986.4 6.15367
16986.8 6.42240
16987.3 6.68124
16987.7 6.91189
16988.0 7.07845
16988.4 7.21989
16988.7 7.33901
16989.0 7.43375
16989.3 7.48639
16989.5 7.52475
16989.8 7.54980
16990.0 7.55720
16990.0 7.55744
16990.2 7.55423
16990.4 7.53997
16990.8 7.47770
16991.1 7.41461
16991.3 7.33759
16991.6 7.24547
16991.8 7.13922
16992.2 6.97588
16992.5 6.79755
16992.9 6.59698
16993.2 6.38892
16993.9 5.94025
16994.6 5.48494
16995.1 5.18140
16995.5 4.88859
16996.0 4.61147
16996.4 4.35385
16996.9 4.11836
16997.4 3.90654
16997.8 3.71891
16998.3 3.55517
16998.6 3.44598
16999.0 3.35198
16999.3 3.26686
16999.7 3.19468
17000.0 3.13027
17000.3 3.07642
17000.7 3.02903
17001.0 2.98993
17001.4 2.95596
17001.7 2.92827
17002.1 2.90450
17002.4 2.88534
17002.8 2.86905
17003.1 2.85604
17003.4 2.84536
17003.8 2.83661
17004.1 2.82927
17004.5 2.82347
17004.8 2.81861
17005.2 2.81477
17005.5 2.81155
17005.9 2.80898
17006.5 2.80506
17007.2 2.80233
17007.9 2.80035
17008.6 2.79886
17009.3 2.79769
17010.9 2.79570
17012.4 2.79427
17014.0 2.79316
17015.5 2.79227
17017.1 2.79153
17018.7 2.79091
17021.8 2.78994
17024.9 2.78919
17028.0 2.78861
17031.2 2.78813
17034.3 2.78773
17038.9 2.78724
17043.5 2.78683
17048.1 2.78648
17052.7 2.78617
17057.3 2.78589
17061.8 2.78563
17071.0 2.78517
17080.2 2.78475
17089.4 2.78436
17098.6 2.78399
17107.8 2.78363
17123.9 2.78303
17140.1 2.78245
17156.3 2.78188
17172.4 2.78133
17204.8 2.78023
17237.1 2.77914
17269.4 2.77807
17301.8 2.77700
17366.4 2.77487
17448.7 2.77218
17531.0 2.76951
17695.6 2.76419
18024.8 2.75364
18683.2 2.73290
20000.0 2.69257
21875.0 2.63741
23750.0 2.58423
27500.0 2.48101
30312.5 2.40354
32656.3 2.33670
35000.0 2.26590
38046.9 2.16304
39570.3 2.10468
41093.8 2.03964
42500.0 1.97158
43437.5 1.92070
44375.0 1.86425
45312.5 1.80094
46250.0 1.72903
46894.5 1.67337
47539.1 1.61163
48183.6 1.54261
48828.1 1.46482
49414.1 1.38449
49707.0 1.34054
50000.0 1.29373
50376.4 1.22847
50752.8 1.15703
51129.2 1.07858
51505.6 0.992117
51685.2 0.947536
51864.8 0.900830
52044.5 0.851909
52224.1 0.800305
52403.8 0.746153
52583.4 0.689465
52763.0 0.629879
52942.7 0.567667
53148.0 0.493154
53353.3 0.415463
53558.6 0.335326
53763.9 0.254134
53900.7 0.200576
53969.2 0.174359
54037.6 0.148759
54106.0 0.123979
54140.3 0.111977
54174.5 0.100301
54208.7 0.0889757
54242.9 0.0780533
54277.1 0.0675859
54311.3 0.0576751
54324.2 0.0541678
54330.6 0.0525010
54337.0 0.0509460
54343.4 0.0496185
54346.6 0.0491934
54348.2 0.0491539
54349.8 0.0493673
54351.4 0.0500676
54352.2 0.0507185
54353.0 0.0516699
54353.9 0.0530459
54354.7 0.0549494
54355.5 0.0575679
54356.3 0.0611191
54357.1 0.0659411
54357.9 0.0722465
54358.7 0.0804791
54359.5 0.0910983
54360.3 0.104631
54361.1 0.121665
54361.9 0.142844
54362.7 0.168848
54363.3 0.194845
54364.0 0.225112
54364.7 0.260029
54365.3 0.299931
54366.7 0.395712
54368.0 0.512594
54369.4 0.651480
54370.7 0.806993
54373.4 1.14541
54374.4 1.26999
54375.4 1.38392
54376.4 1.48442
54377.4 1.56483
54378.2 1.61282
54379.0 1.64460
54379.7 1.65826
54380.0 1.66001
54380.5 1.65689
54381.4 1.63505
54382.4 1.58656
54383.3 1.51588
54384.6 1.39267
54385.9 1.24622
54388.5 0.921041
54389.6 0.780794
54390.7 0.649732
54391.9 0.531370
54393.0 0.427808
54394.1 0.339848
54395.2 0.267210
54396.4 0.208810
54397.5 0.163036
54398.1 0.144148
54398.6 0.128016
54399.2 0.113819
54399.8 0.101825
54400.3 0.0913800
54400.9 0.0826440
54401.5 0.0751076
54402.0 0.0688588
54402.6 0.0635106
54403.2 0.0591071
54403.7 0.0553603
54404.3 0.0522895
54404.9 0.0496848
54405.4 0.0475529
54406.0 0.0457434
54406.5 0.0442580
54407.8 0.0417550
54409.0 0.0400201
54410.3 0.0387468
54411.5 0.0377795
54414.0 0.0363270
54416.4 0.0352052
54421.4 0.0333615
54426.3 0.0317939
54436.2 0.0290875
54446.0 0.0267059
54465.7 0.0225330
54485.5 0.0188333
54502.7 0.0159594
54520.0 0.0133859
54537.3 0.0110972
54554.5 0.00913192
54571.8 0.00751472
54580.4 0.00683322
54589.1 0.00623567
54597.7 0.00572572
54606.3 0.00531177
54615.0 0.00499343
54623.6 0.00477153
54628.5 0.00468878
54633.5 0.00463889
54638.4 0.00462215
54643.3 0.00463904
54649.1 0.00470203
54654.9 0.00481239
54660.6 0.00497093
54666.4 0.00517808
54672.1 0.00543542
54677.9 0.00574299
54689.4 0.00651690
54700.9 0.00751177
54712.4 0.00872128
54723.9 0.0101556
54735.4 0.0118264
54746.1 0.0135974
54756.8 0.0155870
54778.2 0.0203076
54799.6 0.0259540
54820.9 0.0326097
54842.3 0.0402694
54863.7 0.0491828
54885.1 0.0593514
54906.4 0.0708493
54924.5 0.0816925
54942.6 0.0936156
54960.7 0.106681
54978.8 0.120947
54996.9 0.136500
55015.0 0.153407
55033.0 0.171747
55051.1 0.191593
55069.2 0.213058
55087.3 0.236227
55105.4 0.261200
55123.5 0.288072
55141.6 0.316987
55159.7 0.348054
55177.7 0.381403
55195.8 0.417155
55213.9 0.455498
55232.0 0.496571
55250.1 0.540546
55268.2 0.587576
55286.3 0.637908
55304.4 0.691724
55322.4 0.749246
55340.5 0.810676
55358.6 0.876337
55376.7 0.946467
55394.8 1.02136
55412.9 1.10128
55431.0 1.18665
55449.0 1.27774
55467.1 1.37504
55485.2 1.47884
55503.3 1.58971
55521.4 1.70807
55539.5 1.83443
55557.6 1.96928
55575.7 2.11334
55593.7 2.26718
55611.8 2.43150
55629.9 2.60691
55648.0 2.79442
55666.1 2.99477
55684.2 3.20888
55702.3 3.43760
55720.4 3.68224
55738.4 3.94381
55756.5 4.22352
55774.6 4.52250
55792.7 4.84249
55810.8 5.18480
55828.9 5.55103
55847.0 5.94265
55865.1 6.36191
55883.1 6.81050
55901.2 7.29046
55919.3 7.80361
55937.4 8.35277
55955.5 8.94000
55973.6 9.56771
55991.7 10.2380
56009.8 10.9542
56027.8 11.7180
56045.9 12.5328
56064.0 13.4003
56077.6 14.0908
56091.3 14.8130
56104.9 15.5689
56118.5 16.3582
56132.1 17.1828
56145.8 18.0450
56173.0 19.8721
56200.3 21.8344
56227.5 23.9293
56254.8 26.1438
56282.0 28.4576
56336.5 33.2572
56363.8 35.6574
56391.0 37.9875
56418.3 40.1876
56445.5 42.1970
56472.8 43.9580
56500.0 45.4213
56527.3 46.5498
56554.5 47.3218
56581.8 47.7326
56609.0 47.7932
56629.4 47.6200
56649.9 47.2798
56670.3 46.7940
56690.8 46.1743
56711.2 45.4364
56731.6 44.6054
56772.5 42.7336
56854.3 38.5692
56895.1 36.4576
56936.0 34.4054
56988.4 31.9153
57040.9 29.6194
57093.3 27.5289
57145.8 25.6402
57191.1 24.1624
57236.3 22.8198
57281.6 21.5922
57326.9 20.4758
57372.2 19.4573
57417.5 18.5259
57462.8 17.6729
57508.0 16.8920
57560.5 16.0696
57612.9 15.3209
57665.4 14.6392
57717.8 14.0188
57770.2 13.4488
57822.7 12.9272
57875.1 12.4473
57927.5 12.0039
57980.0 11.5954
58032.4 11.2161
58084.9 10.8641
58137.3 10.5374
58189.7 10.2320
58242.2 9.94733
58347.0 9.43112
58437.6 9.03548
58528.2 8.67970
58618.8 8.35673
58709.3 8.06460
58799.9 7.79787
58890.5 7.55327
58981.0 7.32832
59071.6 7.12127
59176.5 6.90243
59281.4 6.70122
59386.2 6.51635
59491.1 6.34678
59700.8 6.04386
59910.6 5.78250
60158.5 5.51707
60406.4 5.28892
60654.2 5.09159
60902.1 4.91722
61111.9 4.78706
61321.6 4.66857
61531.4 4.56079
61741.1 4.46295
62160.6 4.29011
62580.1 4.14289
62999.6 4.01639
63419.1 3.90611
63838.5 3.80907
64258.0 3.72304
65020.7 3.58988
65783.5 3.47860
66546.2 3.38527
67308.9 3.30493
67995.3 3.24220
68681.8 3.18657
69368.2 3.13694
70054.6 3.09250
70703.0 3.05485
71351.3 3.02093
71999.6 2.99046
72647.9 2.96361
73334.3 2.93962
73677.5 2.92969
74020.7 2.92158
74478.4 2.91484
74707.2 2.91407
74936.0 2.91603
75088.5 2.91954
75241.1 2.92566
75393.6 2.93562
75546.2 2.95175
75632.0 2.96509
75717.8 2.98313
75803.6 3.00809
75889.4 3.04382
75939.4 3.07244
75989.5 3.10952
76039.5 3.15881
76089.6 3.22621
76115.8 3.27211
76142.0 3.32810
76168.3 3.39735
76194.5 3.48442
76217.1 3.57917
76239.8 3.69860
76251.1 3.77045
76262.4 3.85219
76273.7 3.94574
76285.0 4.05383
76298.2 4.20143
76311.3 4.37911
76317.8 4.48190
76324.4 4.59552
76330.9 4.72172
76337.5 4.86242
76344.0 5.02012
76350.6 5.19708
76357.1 5.39714
76363.7 5.62368
76370.3 5.88225
76376.8 6.17797
76383.4 6.51845
76386.6 6.70853
76389.9 6.91282
76393.2 7.13411
76396.5 7.37355
76399.7 7.63308
76403.0 7.91486
76406.3 8.22131
76409.6 8.55516
76412.9 8.91947
76416.1 9.31640
76419.4 9.75227
76422.7 10.2303
76426.0 10.7552
76429.2 11.3307
76432.5 11.9663
76435.8 12.6644
76439.1 13.4363
76442.3 14.2848
76445.6 15.2254
76448.9 16.2607
76452.2 17.3973
76455.5 18.6366
76458.8 19.9887
76462.1 21.4489
76465.4 23.0104
76468.6 24.6540
76476.5 28.7772
76480.4 30.8067
76484.3 32.6881
76486.3 33.5384
76488.2 34.3093
76490.2 34.9870
76492.2 35.5586
76494.1 36.0126
76496.1 36.3397
76498.0 36.5329
76500.0 36.5879
76502.0 36.5027
76503.9 36.2799
76505.9 35.9239
76507.9 35.4422
76509.8 34.8444
76511.8 34.1421
76513.7 33.3486
76515.7 32.4777
76519.6 30.5618
76523.5 28.5064
76531.4 24.3543
76534.4 22.8532
76537.3 21.4252
76540.3 20.0811
76543.3 18.8265
76546.3 17.6631
76549.3 16.5896
76552.2 15.6028
76555.2 14.7007
76558.1 13.9040
76560.9 13.1752
76563.8 12.5041
76566.6 11.8904
76569.5 11.3251
76572.3 10.8076
76575.2 10.3320
76578.0 9.89424
76581.9 9.35186
76585.8 8.86598
76589.7 8.42969
76593.6 8.03695
76597.5 7.68247
76601.4 7.36167
76605.3 7.07063
76609.2 6.80596
76614.9 6.45921
76620.6 6.15523
76626.3 5.88755
76632.0 5.65120
76637.7 5.44091
76643.4 5.25373
76649.1 5.08591
76654.8 4.93546
76661.0 4.78796
76667.3 4.65603
76673.5 4.53724
76679.7 4.43027
76685.9 4.33339
76692.2 4.24570
76704.6 4.09307
76716.0 3.97496
76727.4 3.87394
76738.8 3.78694
76750.3 3.71156
76761.7 3.64581
76773.1 3.58828
76795.9 3.49290
76813.5 3.43340
76831.2 3.38363
76866.5 3.30610
76901.7 3.24948
76937.0 3.20775
76970.2 3.17833
77003.4 3.15613
77069.8 3.12759
77136.2 3.11365
77227.5 3.11126
77318.8 3.12367
77410.1 3.14896
77501.4 3.18742
77592.7 3.24104
77684.0 3.31355
77729.7 3.35861
77775.3 3.41108
77821.0 3.47222
77866.6 3.54344
77912.3 3.62738
77957.9 3.72703
78003.6 3.84604
78049.2 3.98949
78072.0 4.07246
78094.9 4.16426
78117.7 4.26625
78140.5 4.37985
78163.3 4.50696
78186.2 4.64962
78209.0 4.81058
78231.8 4.99286
78248.4 5.14109
78265.0 5.30447
78281.6 5.48510
78298.2 5.68542
78314.8 5.90759
78331.4 6.15576
78348.0 6.43485
78364.6 6.74923
78376.0 6.98909
78387.4 7.25056
78398.8 7.53653
78410.3 7.85009
78421.7 8.19513
78433.1 8.57521
78444.5 8.99550
78455.9 9.46169
78467.3 9.98101
78478.7 10.5605
78490.1 11.2101
78501.6 11.9411
78507.3 12.3417
78513.0 12.7679
78518.7 13.2220
78524.4 13.7055
78530.1 14.2225
78535.8 14.7743
78541.5 15.3658
78547.2 15.9983
78554.0 16.8067
78560.7 17.6844
78567.4 18.6425
78574.2 19.6883
78580.9 20.8356
78587.7 22.0925
78594.4 23.4731
78601.2 24.9921
78606.9 26.3996
78612.6 27.9293
78618.3 29.5934
78624.0 31.4020
78629.7 33.3753
78635.4 35.5217
78641.1 37.8644
78646.8 40.4114
78650.6 42.2084
78654.3 44.1016
78658.0 46.1052
78661.8 48.2118
78665.5 50.4353
78669.3 52.7655
78673.0 55.2085
78676.8 57.7635
78684.2 63.2034
78691.7 69.0255
78706.7 81.3059
78712.1 85.7213
78717.5 89.9504
78722.9 93.8711
78728.4 97.3423
78733.8 100.228
78739.2 102.390
78741.9 103.168
78744.6 103.729
78747.3 104.068
78750.0 104.179
78753.4 103.996
78756.8 103.461
78760.2 102.580
78763.5 101.377
78766.9 99.8681
78770.3 98.0901
78773.7 96.0705
78777.1 93.8428
78783.8 88.8939
78790.6 83.5298
78804.1 72.4284
78811.7 66.4284
78819.2 60.7693
78826.7 55.5255
78830.5 53.0681
78834.3 50.7309
78838.0 48.5007
78841.8 46.3877
78845.6 44.3778
78849.3 42.4783
78853.1 40.6750
78856.9 38.9734
78860.6 37.3599
78864.4 35.8385
78868.2 34.3780
78872.0 32.9986
78875.8 31.6958
78879.7 30.4682
78883.5 29.3053
78887.3 28.2061
78891.1 27.1668
78894.9 26.1864
78902.6 24.3753
78910.2 22.7524
78917.8 21.2913
78925.5 19.9763
78933.1 18.7870
78940.7 17.7104
78948.4 16.7334
78956.0 15.8460
78963.7 15.0360
78971.3 14.2970
78978.9 13.6196
78986.6 12.9988
78997.0 12.2310
79007.4 11.5446
79017.8 10.9289
79028.2 10.3752
79038.6 9.87378
79049.0 9.41887
79059.4 9.00517
79069.9 8.62811
79085.1 8.13284
79100.4 7.69669
79115.7 7.31075
79130.9 6.96768
79146.2 6.66141
79161.5 6.38692
79176.7 6.14000
79192.0 5.91708
79207.3 5.71507
79222.6 5.53166
79237.8 5.36454
79253.1 5.21185
79268.4 5.07189
79283.7 4.94345
79314.2 4.71617
79340.6 4.54685
79367.0 4.39863
79393.3 4.26710
79419.7 4.15045
79446.1 4.04642
79472.5 3.95329
79498.8 3.86953
79525.2 3.79398
79555.8 3.71534
79586.3 3.64494
79647.4 3.52453
79708.5 3.42576
79769.5 3.34371
79847.3 3.25783
79925.0 3.18785
80002.8 3.13019
80080.5 3.08166
80202.7 3.01993
80324.9 2.97121
80447.0 2.93192
80569.2 2.89970
80691.4 2.87287
80813.5 2.85019
81057.9 2.81398
81280.0 2.78867
81391.1 2.77805
81502.1 2.76838
81546.6 2.76477
81572.9 2.76269
81599.3 2.76065
81612.5 2.75965
81619.1 2.75916
81625.7 2.75869
81632.3 2.75824
81635.6 2.75804
81638.9 2.75788
81640.5 2.75785
81642.2 2.75788
81643.8 2.75802
81644.7 2.75816
81645.5 2.75836
81646.3 2.75864
81647.1 2.75903
81648.0 2.75957
81648.8 2.76028
81649.6 2.76123
81650.4 2.76245
81651.2 2.76404
81652.1 2.76607
81652.6 2.76772
81653.2 2.76962
81654.2 2.77435
81655.3 2.78069
81656.4 2.78888
81657.5 2.79949
81658.6 2.81279
81659.7 2.82949
81660.7 2.84974
81661.8 2.87436
81662.9 2.90324
81664.0 2.93716
81665.1 2.97557
81667.3 3.06651
81669.4 3.17217
81672.5 3.33277
81674.1 3.40703
81675.7 3.47049
81677.0 3.51193
81678.3 3.53991
81679.3 3.55176
81679.8 3.55390
81680.0 3.55420
81680.4 3.55357
81681.1 3.54864
81682.8 3.52079
81685.3 3.43467
81685.7 3.42026
81687.1 3.35659
81692.6 3.07967
81693.9 3.01860
81695.3 2.96490
81696.7 2.91843
81698.1 2.87991
81699.2 2.85295
81700.4 2.83075
81701.5 2.81279
81702.7 2.79852
81703.9 2.78736
81704.4 2.78278
81705.0 2.77877
81705.6 2.77529
81706.2 2.77226
81706.8 2.76965
81707.3 2.76739
81707.9 2.76546
81708.5 2.76379
81709.1 2.76237
81709.7 2.76116
81710.2 2.76013
81710.8 2.75924
81711.4 2.75849
81712.0 2.75786
81712.6 2.75731
81713.1 2.75685
81714.3 2.75611
81715.5 2.75556
81716.6 2.75514
81717.8 2.75481
81718.9 2.75454
81721.3 2.75412
81723.6 2.75378
81725.9 2.75348
81730.5 2.75297
81735.2 2.75250
81742.8 2.75182
81750.3 2.75119
81765.4 2.75003
81795.7 2.74792
81856.2 2.74408
82010.2 2.73545
82164.1 2.72804
82472.1 2.71654
82780.1 2.70996
83088.0 2.71015
83374.0 2.72171
83517.0 2.73543
83660.0 2.75922
83792.0 2.79706
83858.0 2.82576
83924.0 2.86482
83968.0 2.89901
84012.0 2.94231
84056.0 2.99781
84100.0 3.07093
84130.2 3.13523
84160.5 3.21512
84190.7 3.31592
84205.8 3.37644
84220.9 3.44535
84242.9 3.56400
84253.9 3.63321
84264.9 3.71028
84275.9 3.79630
84286.9 3.89290
84297.9 4.00204
84308.9 4.12567
84316.5 4.22061
84324.1 4.32456
84331.6 4.43879
84339.2 4.56468
84346.7 4.70382
84354.3 4.85809
84361.9 5.02967
84369.4 5.22116
84377.0 5.43595
84384.6 5.67713
84392.1 5.94939
84399.7 6.25799
84407.2 6.60931
84411.0 6.80331
84414.8 7.01097
84418.6 7.23346
84422.4 7.47212
84426.1 7.72842
84429.9 8.00405
84433.7 8.30170
84437.5 8.62187
84441.3 8.96757
84445.0 9.34124
84448.8 9.74554
84452.6 10.1833
84456.4 10.6578
84460.2 11.1723
84464.0 11.7322
84467.7 12.3383
84471.5 12.9961
84475.3 13.7099
84479.1 14.4838
84482.9 15.3219
84486.6 16.2276
84490.4 17.2039
84493.1 17.9369
84495.8 18.7060
84501.1 20.3497
84506.4 22.1223
84511.8 23.9920
84522.4 27.8281
84527.8 29.6373
84530.4 30.4704
84533.1 31.2345
84537.3 32.2802
84539.4 32.7102
84541.6 33.0716
84543.7 33.3605
84545.8 33.5704
84547.9 33.6998
84550.0 33.7468
84552.8 33.6836
84555.5 33.4814
84558.3 33.1450
84561.0 32.6846
84563.7 32.1075
84566.5 31.4280
84569.2 30.6605
84572.0 29.8234
84577.5 27.9854
84583.0 26.0358
84588.5 24.0652
84594.0 22.1542
84597.9 20.8332
84601.9 19.5835
84605.9 18.4089
84609.9 17.3125
84613.8 16.2923
84617.8 15.3513
84621.8 14.4837
84625.7 13.6854
84629.5 12.9961
84633.2 12.3596
84636.9 11.7721
84640.6 11.2297
84644.3 10.7287
84648.1 10.2659
84651.8 9.83803
84655.5 9.44316
84658.7 9.12413
84661.9 8.82629
84665.1 8.54707
84668.3 8.28505
84674.8 7.80753
84681.2 7.38470
84687.6 7.00855
84694.0 6.67395
84700.5 6.37485
84706.9 6.10663
84714.3 5.82926
84721.8 5.58290
84729.2 5.36324
84736.6 5.16691
84744.1 4.99034
84751.5 4.83123
84758.9 4.68739
84766.4 4.55714
84774.5 4.42824
84782.6 4.31180
84790.7 4.20615
84798.8 4.11003
84815.1 3.94217
84831.3 3.80130
84846.2 3.69065
84861.0 3.59478
84875.9 3.51119
84890.8 3.43786
84905.6 3.37314
84920.5 3.31580
84950.3 3.21906
84982.7 3.13465
85015.2 3.06673
85047.6 3.01124
85080.1 2.96544
85139.6 2.89926
85199.1 2.84976
85258.5 2.81164
85318.0 2.78158
85410.0 2.74609
85501.9 2.71973
85593.9 2.69929
85685.8 2.68307
85804.8 2.66645
85923.8 2.65327
86042.8 2.64251
86161.8 2.63354
86291.6 2.62532
86421.4 2.61827
86551.2 2.61239
86681.0 2.60755
86789.1 2.60462
86843.2 2.60370
86897.3 2.60334
86951.4 2.60383
86978.4 2.60450
87005.5 2.60567
87032.5 2.60723
87059.6 2.60963
87086.6 2.61311
87113.6 2.61811
87131.2 2.62253
87148.8 2.62818
87166.4 2.63542
87184.0 2.64510
87201.5 2.65817
87219.1 2.67623
87236.7 2.70196
87245.5 2.71900
87254.3 2.73987
87261.0 2.75942
87267.8 2.78286
87274.6 2.81130
87281.3 2.84620
87288.1 2.88959
87294.8 2.94441
87301.6 3.01507
87305.0 3.05835
87308.4 3.10846
87311.9 3.17012
87315.5 3.24332
87319.0 3.33118
87322.6 3.43798
87324.3 3.50046
87326.1 3.56975
87327.9 3.64783
87329.7 3.73528
87331.4 3.83492
87333.2 3.94789
87335.0 4.07833
87336.8 4.22843
87338.6 4.41317
87339.5 4.51798
87340.5 4.63247
87341.4 4.75782
87342.3 4.89542
87343.3 5.04684
87344.2 5.21195
87345.1 5.39634
87346.0 5.60054
87347.0 5.82709
87347.9 6.07877
87348.8 6.35868
87349.8 6.67018
87350.7 7.01692
87351.6 7.39843
87352.7 7.91042
87353.3 8.19128
87353.8 8.48990
87354.4 8.80717
87354.9 9.14400
87355.5 9.50123
87356.0 9.87971
87356.6 10.2802
87357.1 10.7035
87357.7 11.1503
87358.2 11.6211
87358.8 12.1165
87359.3 12.6368
87360.4 13.7531
87361.3 14.6848
87362.1 15.6639
87363.0 16.7113
87363.8 17.7992
87364.6 18.9488
87365.5 20.1271
87367.2 22.5935
87369.0 25.3763
87370.9 28.0902
87371.9 29.5102
87372.9 30.8303
87373.9 32.0397
87374.9 33.1141
87376.2 34.2392
87376.8 34.6996
87377.5 35.0774
87378.1 35.3814
87378.7 35.5993
87379.4 35.7347
87380.0 35.7863
87380.2 35.7845
87380.9 35.7175
87381.5 35.5589
87382.2 35.3102
87382.9 34.9739
87383.5 34.5534
87384.2 34.0526
87384.8 33.4763
87385.5 32.8300
87386.2 32.0519
87386.9 31.2179
87388.4 29.3851
87389.8 27.3761
87391.2 25.2891
87394.3 20.7783
87395.8 18.6442
87396.6 17.6358
87397.3 16.6673
87398.2 15.5646
87399.1 14.5385
87400.0 13.5785
87400.9 12.6856
87401.8 11.8593
87402.7 11.0982
87403.6 10.4000
87404.5 9.76196
87405.3 9.26131
87406.1 8.80575
87406.8 8.38094
87407.6 7.99558
87408.4 7.63712
87409.1 7.31256
87409.9 7.01480
87410.6 6.74170
87411.4 6.48806
87412.2 6.25851
87412.9 6.04780
87413.7 5.85425
87414.5 5.67404
87415.2 5.51043
87416.7 5.22050
87418.1 5.00332
87419.4 4.81305
87420.7 4.64552
87422.0 4.49727
87423.3 4.36542
87424.7 4.24758
87426.0 4.14178
87427.3 4.04705
87429.9 3.88202
87432.6 3.74523
87435.2 3.62953
87437.8 3.53136
87440.2 3.45505
87442.5 3.38796
87447.3 3.27583
87452.0 3.18630
87456.7 3.11368
87461.4 3.05360
87466.1 3.00340
87470.9 2.96098
87475.6 2.92487
87485.6 2.86390
87495.5 2.81823
87505.5 2.78296
87515.5 2.75503
87525.5 2.73255
87535.5 2.71417
87545.5 2.69895
87555.5 2.68618
87567.1 2.67368
87578.8 2.66328
87602.1 2.64694
87625.4 2.63465
87648.7 2.62518
87672.0 2.61769
87695.3 2.61163
87741.9 2.60245
87786.3 2.59597
87830.7 2.59094
87875.1 2.58686
87919.5 2.58347
87955.0 2.58113
88026.1 2.57711
88097.1 2.57373
88168.1 2.57080
88239.2 2.56819
88381.2 2.56362
88594.3 2.55785
88807.4 2.55281
89020.5 2.54841
89233.6 2.54447
89500.0 2.54035
89766.4 2.53732
90032.8 2.53585
90299.1 2.53710
90441.2 2.53960
90583.3 2.54412
90725.4 2.55168
90867.4 2.56407
90956.2 2.57558
91045.0 2.59139
91133.8 2.61354
91222.6 2.64496
91271.4 2.66815
91320.3 2.69709
91369.1 2.73371
91417.9 2.78072
91457.9 2.82968
91497.8 2.89146
91537.8 2.97062
91557.8 3.01859
91577.7 3.07387
91602.2 3.15334
91626.6 3.24908
91651.0 3.36567
91663.2 3.43364
91675.4 3.50928
91687.6 3.59386
91699.8 3.68873
91712.0 3.79556
91724.3 3.91637
91736.5 4.05360
91748.7 4.21025
91760.9 4.38996
91773.1 4.59709
91779.8 4.72349
91786.4 4.86078
91793.1 5.01033
91799.7 5.17360
91806.4 5.35215
91813.1 5.54777
91819.7 5.76253
91826.4 5.99848
91832.5 6.23656
91838.6 6.49709
91844.7 6.78371
91850.8 7.09864
91856.9 7.44651
91863.0 7.83028
91869.1 8.25514
91875.2 8.72637
91881.3 9.25080
91887.4 9.83339
91893.5 10.4835
91899.6 11.2071
91905.7 12.0152
91911.8 12.9142
91917.9 13.9160
91924.0 15.0252
91927.5 15.7013
91930.9 16.4148
91934.4 17.1659
91937.8 17.9543
91944.7 19.6375
91951.5 21.4399
91965.3 25.2210
91972.2 27.0446
91975.6 27.8934
91979.0 28.6778
91984.3 29.7216
91986.9 30.1593
91989.5 30.5330
91992.1 30.8374
91994.8 31.0686
91997.4 31.2231
92000.0 31.2989
92003.4 31.2785
92006.8 31.1246
92010.2 30.8418
92013.6 30.4378
92017.1 29.9229
92020.5 29.3096
92023.9 28.6119
92027.3 27.8468
92034.1 26.1619
92040.9 24.3709
92047.7 22.5607
92054.5 20.8051
92061.5 19.1151
92068.4 17.5557
92071.9 16.8278
92075.4 16.1377
92078.9 15.4829
92082.3 14.8628
92085.8 14.2747
92089.3 13.7208
92092.7 13.1980
92096.2 12.7050
92099.7 12.2389
92103.2 11.8008
92106.6 11.3879
92110.1 10.9988
92113.8 10.6083
92117.5 10.2416
92121.2 9.89701
92124.9 9.57390
92132.3 8.98304
92139.7 8.45895
92147.1 7.99283
92154.5 7.57712
92161.8 7.20528
92169.2 6.87171
92176.6 6.57161
92184.0 6.30085
92191.4 6.05588
92198.8 5.83363
92206.2 5.63148
92213.6 5.44714
92221.0 5.27863
92228.4 5.12423
92237.8 4.94570
92247.2 4.78496
92256.6 4.63980
92266.0 4.50854
92275.4 4.38922
92284.8 4.28047
92303.6 4.08952
92318.4 3.96070
92333.2 3.84735
92347.9 3.74709
92362.7 3.65797
92377.5 3.57839
92392.3 3.50703
92421.8 3.38474
92451.4 3.28420
92481.0 3.20054
92510.5 3.13011
92540.1 3.07023
92593.8 2.98221
92647.6 2.91367
92701.3 2.85927
92755.1 2.81528
92814.2 2.77586
92873.3 2.74356
92932.4 2.71667
92991.6 2.69401
93104.4 2.65949
93217.3 2.63305
93330.2 2.61221
93443.0 2.59536
93615.0 2.57510
93787.0 2.55936
93959.0 2.54668
94131.0 2.53619
94432.0 2.52150
94733.0 2.50992
94991.0 2.50177
95227.5 2.49541
95463.9 2.49003
95700.4 2.48564
95936.9 2.48249
96119.7 2.48127
96211.0 2.48124
96302.4 2.48174
96393.8 2.48293
96485.1 2.48493
96576.5 2.48827
96667.9 2.49343
96753.9 2.50070
96839.9 2.51151
96882.9 2.51878
96925.9 2.52778
96968.9 2.53904
97011.9 2.55324
97062.9 2.57531
97114.0 2.60547
97165.0 2.64784
97190.6 2.67543
97216.1 2.70917
97245.7 2.75827
97275.2 2.82199
97290.0 2.86115
97304.8 2.90654
97319.6 2.95950
97334.3 3.02171
97350.5 3.10268
97366.6 3.20137
97374.6 3.25901
97382.7 3.32325
97390.8 3.39512
97398.8 3.47586
97406.2 3.55905
97413.6 3.65223
97421.0 3.75716
97428.4 3.87587
97435.8 4.01083
97443.2 4.16503
97450.6 4.34219
97458.0 4.54702
97465.3 4.78561
97469.0 4.92011
97472.7 5.06575
97476.4 5.22464
97480.1 5.39740
97483.8 5.58670
97487.5 5.79350
97491.2 6.02122
97494.9 6.27129
97498.6 6.54818
97502.3 6.85399
97506.0 7.19464
97509.7 7.57327
97513.4 7.99782
97517.1 8.47295
97520.8 9.00952
97522.6 9.30340
97524.5 9.61616
97526.3 9.94933
97528.2 10.3046
97530.0 10.6837
97531.9 11.0865
97533.7 11.5193
97535.6 11.9825
97537.4 12.4786
97539.3 13.0074
97541.1 13.5776
97543.0 14.1897
97544.8 14.8469
97546.6 15.5492
97548.5 16.3078
97550.3 17.1232
97552.2 17.9994
97554.0 18.9352
97555.9 19.9449
97557.7 21.0274
97559.6 22.1861
97561.4 23.4170
97563.5 24.9124
97565.6 26.5122
97567.7 28.2151
97569.8 30.0075
97571.9 31.8983
97573.9 33.8566
97578.1 37.9355
97583.6 43.2853
97586.3 45.7681
97589.1 47.9866
97590.4 48.9731
97591.8 49.8590
97593.2 50.6336
97594.5 51.2826
97595.9 51.8071
97597.3 52.1951
97598.6 52.4414
97600.0 52.5426
97601.5 52.4882
97603.0 52.2641
97604.5 51.8714
97605.9 51.3217
97607.4 50.6167
97608.9 49.7768
97610.4 48.8105
97611.9 47.7318
97614.8 45.2890
97617.8 42.5890
97623.7 36.8530
97626.7 33.9851
97629.7 31.2391
97632.7 28.6620
97635.7 26.2811
97637.2 25.1682
97638.7 24.1077
97640.2 23.0990
97641.7 22.1414
97643.2 21.2335
97644.7 20.3737
97646.2 19.5604
97647.7 18.7964
97649.3 18.0225
97650.9 17.2987
97652.5 16.6175
97654.1 15.9764
97655.7 15.3694
97657.3 14.8016
97658.9 14.2670
97660.5 13.7633
97662.1 13.2858
97663.7 12.8384
97666.8 12.0180
97670.0 11.2859
97673.2 10.6311
97676.4 10.0420
97679.6 9.51380
97682.7 9.03739
97685.9 8.60651
97689.1 8.21459
97692.3 7.85942
97695.5 7.53567
97698.7 7.23986
97702.7 6.89802
97706.8 6.59209
97710.8 6.31666
97714.9 6.06786
97718.9 5.84186
97723.0 5.63694
97727.0 5.45010
97731.1 5.27927
97737.4 5.03882
97743.8 4.82799
97750.2 4.64215
97756.5 4.47778
97762.9 4.33126
97769.3 4.20030
97775.7 4.08278
97782.0 3.97707
97788.4 3.88135
97794.8 3.79453
97807.5 3.64356
97820.2 3.51721
97832.9 3.41047
97845.7 3.31929
97858.4 3.24075
97871.2 3.17256
97883.9 3.11309
97909.4 3.01469
97934.8 2.93718
97969.6 2.85534
98004.3 2.79308
98039.0 2.74433
98073.7 2.70539
98129.3 2.65756
98184.9 2.62202
98240.4 2.59476
98296.0 2.57341
98346.9 2.55748
98397.9 2.54419
98448.8 2.53298
98499.7 2.52343
98601.6 2.50794
98703.5 2.49596
98800.7 2.48682
98898.0 2.47919
98995.2 2.47279
99092.4 2.46723
99286.9 2.45809
99481.4 2.45072
99740.7 2.44272
100000 2.43598
100219 2.43103
100437 2.42651
100656 2.42229
100875 2.41830
101050 2.41516
101118 2.41389
101152 2.41324
101187 2.41256
101221 2.41184
101238 2.41145
101255 2.41103
101272 2.41059
101289 2.41009
101298 2.40981
101306 2.40951
101315 2.40918
101323 2.40881
101329 2.40852
101335 2.40821
101341 2.40787
101347 2.40747
101349 2.40726
101352 2.40704
101355 2.40682
101357 2.40673
101358 2.40667
101360 2.40666
101361 2.40672
101362 2.40680
101363 2.40692
101363 2.40708
101364 2.40730
101365 2.40763
101365 2.40802
101366 2.40850
101367 2.40912
101368 2.41000
101368 2.41097
101369 2.41215
101370 2.41358
101371 2.41673
101372 2.42095
101373 2.42654
101375 2.43379
101376 2.44303
101377 2.45464
101378 2.46897
101379 2.48480
101380 2.50528
101382 2.52934
101383 2.55713
101384 2.58865
101386 2.66208
101389 2.74242
101392 2.86240
101395 2.96547
101398 3.02167
101399 3.03163
101400 3.03441
101401 3.03438
101402 3.02867
101405 2.98720
101407 2.90781
101410 2.80845
101411 2.78705
101413 2.70327
101416 2.63351
101418 2.57419
101419 2.54896
101420 2.52672
101421 2.50739
101422 2.49080
101423 2.47674
101424 2.46496
101425 2.45521
101427 2.44722
101428 2.44073
101429 2.43552
101430 2.43135
101431 2.42805
101432 2.42632
101432 2.42484
101433 2.42356
101434 2.42247
101434 2.42152
101435 2.42071
101436 2.42001
101437 2.41941
101437 2.41888
101438 2.41843
101439 2.41767
101441 2.41708
101442 2.41662
101443 2.41622
101445 2.41587
101448 2.41529
101450 2.41481
101453 2.41442
101459 2.41375
101464 2.41321
101470 2.41276
101475 2.41237
101482 2.41195
101489 2.41158
101496 2.41126
101503 2.41096
101517 2.41045
101531 2.41002
101546 2.40962
101560 2.40926
101588 2.40862
101616 2.40804
101644 2.40750
101700 2.40650
101775 2.40526
101850 2.40409
101999 2.40185
102411 2.39610
102823 2.39065
103646 2.38036
104470 2.37062
105293 2.36128
106865 2.34423
108437 2.32791
110010 2.31209
111582 2.29661
113229 2.28062
114876 2.26469
115699 2.25671
116111 2.25271
116523 2.24872
116934 2.24473
117346 2.24080
117552 2.23887
117758 2.23700
118169 2.23347
118319 2.23233
118469 2.23132
118619 2.23049
118768 2.22991
118918 2.22971
119068 2.23006
119218 2.23128
119367 2.23389
119498 2.23806
119629 2.24505
119695 2.25027
119760 2.25717
119826 2.26636
119891 2.27879
119952 2.29460
120013 2.31611
120074 2.34673
120104 2.36691
120135 2.39154
120172 2.43007
120210 2.48092
120228 2.51249
120247 2.54949
120266 2.59333
120284 2.64555
120309 2.73080
120321 2.78242
120333 2.84105
120346 2.90910
120358 2.98800
120370 3.07999
120383 3.18711
120395 3.32211
120402 3.40042
120408 3.48545
120415 3.58094
120421 3.68524
120428 3.80122
120434 3.93065
120441 4.07804
120447 4.24140
120453 4.42901
120460 4.63883
120466 4.88209
120473 5.15690
120476 5.30954
120479 5.47364
120482 5.65035
120486 5.84096
120489 6.05362
120492 6.27713
120495 6.51951
120498 6.78285
120502 7.06949
120505 7.38206
120508 7.72357
120511 8.09742
120515 8.52092
120518 8.97291
120521 9.47063
120524 10.0197
120527 10.6266
120531 11.2984
120534 12.0431
120537 12.8696
120540 13.8175
120543 14.8399
120547 15.9746
120550 17.2318
120553 18.6210
120556 20.1494
120559 21.8214
120563 23.6359
120566 25.8371
120570 28.1826
120577 33.1102
120581 35.5431
120584 37.8250
120586 38.8743
120588 39.8433
120590 40.7181
120591 41.4458
120594 42.2289
120596 42.8156
120598 43.1916
120600 43.3456
120602 43.3156
120604 43.1370
120605 42.8131
120607 42.3502
120609 41.7562
120611 41.0415
120613 40.2178
120614 39.3514
120618 37.2870
120622 35.0033
120629 30.2613
120634 26.8255
120637 25.2353
120639 23.7249
120642 22.2482
120644 20.9182
120647 19.6790
120650 18.5288
120652 17.5038
120655 16.5544
120657 15.6762
120660 14.8645
120662 14.1148
120665 13.4222
120667 12.7824
120670 12.1911
120672 11.7502
120674 11.3559
120677 10.6329
120681 9.97194
120685 9.39689
120689 8.86833
120693 8.40582
120697 7.98871
120700 7.61153
120705 7.16823
120710 6.77686
120715 6.42988
120720 6.12682
120725 5.85015
120730 5.60668
120735 5.38282
120740 5.18450
120745 5.00097
120750 4.83420
120755 4.68223
120760 4.54602
120765 4.41859
120770 4.30158
120780 4.09652
120789 3.93435
120798 3.79430
120807 3.66984
120816 3.56108
120825 3.46347
120834 3.37740
120843 3.30027
120852 3.23089
120863 3.15578
120874 3.08965
120885 3.03006
120896 2.97711
120917 2.88600
120939 2.81121
120959 2.75349
120979 2.70419
120999 2.66174
121018 2.62508
121058 2.56469
121098 2.51744
121130 2.48587
121163 2.45951
121228 2.41750
121293 2.38596
121358 2.36159
121413 2.34521
121467 2.33154
121521 2.31996
121575 2.31013
121684 2.29401
121792 2.28153
121893 2.27218
121994 2.26443
122096 2.25788
122197 2.25226
122399 2.24311
122602 2.23578
122818 2.22937
123035 2.22397
123252 2.21927
123469 2.21512
123903 2.20783
124336 2.20153
124799 2.19548
125262 2.18990
125724 2.18463
126187 2.17959
127112 2.16994
128038 2.16067
128500 2.15611
129426 2.14710
129888 2.14262
130351 2.13817
130814 2.13372
131276 2.12932
131739 2.12498
132202 2.12079
132635 2.11713
132852 2.11549
133069 2.11405
133286 2.11290
133503 2.11226
133720 2.11240
133828 2.11292
133937 2.11389
134110 2.11673
134197 2.11905
134284 2.12217
134370 2.12647
134457 2.13225
134544 2.14030
134630 2.15133
134710 2.16558
134790 2.18573
134829 2.19898
134869 2.21505
134909 2.23485
134949 2.25938
134992 2.29330
135035 2.33797
135079 2.39788
135100 2.43567
135122 2.48012
135149 2.54841
135176 2.63428
135190 2.68598
135203 2.74457
135217 2.81223
135231 2.88957
135241 2.95461
135250 3.02660
135260 3.10820
135270 3.19922
135280 3.30324
135290 3.42029
135300 3.55386
135310 3.70699
135316 3.80905
135322 3.92032
135328 4.04192
135334 4.17278
135339 4.31885
135345 4.47962
135351 4.65696
135357 4.84951
135362 5.03180
135367 5.23098
135372 5.44899
135377 5.68301
135382 5.94498
135387 6.22706
135392 6.54374
135397 6.88560
135402 7.27024
135407 7.69503
135412 8.16427
135417 8.67157
135422 9.24203
135427 9.85694
135432 10.5450
135436 11.2812
135440 11.7789
135443 12.2840
135449 13.3782
135455 14.5504
135461 15.7552
135467 16.9943
135473 18.1948
135479 19.2913
135482 19.7704
135485 20.1984
135489 20.6544
135493 20.9931
135496 21.2216
135500 21.3208
135502 21.3233
135505 21.2605
135508 21.1237
135511 20.9068
135514 20.6289
135517 20.2771
135520 19.8818
135523 19.4395
135525 18.9579
135531 17.8886
135537 16.7696
135549 14.5034
135553 13.6757
135558 12.9050
135562 12.1778
135567 11.4967
135571 10.8624
135575 10.2743
135580 9.73077
135584 9.22963
135588 8.78837
135592 8.39023
135597 8.01339
135601 7.67351
135605 7.35174
135609 7.06132
135613 6.78608
135617 6.53732
135624 6.18448
135630 5.87000
135637 5.58893
135643 5.33695
135649 5.11039
135656 4.90611
135662 4.72147
135668 4.55664
135677 4.36191
135685 4.18927
135693 4.03559
135702 3.89983
135710 3.77651
135718 3.66551
135726 3.56527
135735 3.47551
135746 3.36491
135757 3.26736
135769 3.18095
135780 3.10409
135791 3.03529
135802 2.97340
135825 2.86748
135842 2.80154
135858 2.74431
135875 2.69372
135891 2.64931
135924 2.57444
135957 2.51449
135986 2.47161
136014 2.43537
136072 2.37729
136129 2.33340
136186 2.29940
136234 2.27622
136282 2.25691
136379 2.22670
136475 2.20414
136571 2.18679
136661 2.17383
136752 2.16322
136842 2.15435
136932 2.14690
137113 2.13473
137293 2.12531
137462 2.11821
137630 2.11222
137799 2.10705
137967 2.10251
138304 2.09481
138641 2.08827
139026 2.08178
139411 2.07597
139796 2.07063
140181 2.06561
140951 2.05622
141721 2.04736
143262 2.03039
144802 2.01377
147883 1.98019
152118 1.93104
156354 1.87592
158472 1.84503
160590 1.81118
162708 1.77358
164826 1.73116
166270 1.69858
167714 1.66231
169158 1.62163
170602 1.57513
171661 1.53632
172720 1.49263
173779 1.44292
174838 1.38561
175464 1.34709
176090 1.30484
176715 1.25775
177341 1.20507
177871 1.15520
178400 1.09966
178930 1.03748
179194 1.00345
179459 0.967377
179868 0.906651
180073 0.873876
180277 0.839365
180482 0.802963
180687 0.764733
180891 0.724222
181096 0.681446
181360 0.622434
181625 0.559173
181758 0.525918
181890 0.491532
182022 0.456030
182155 0.419544
182287 0.381982
182419 0.343585
182684 0.264922
182949 0.186106
183015 0.166837
183081 0.148050
183147 0.129633
183214 0.112009
183277 0.0959835
183340 0.0809379
183403 0.0670887
183466 0.0547529
183529 0.0441784
183561 0.0396529
183593 0.0357152
183624 0.0324560
183656 0.0298517
183687 0.0279988
183719 0.0269300
183743 0.0267788
183776 0.0275067
183809 0.0294079
183842 0.0325934
183875 0.0371848
183909 0.0433156
183942 0.0511302
183975 0.0607867
184008 0.0724590
184041 0.0863359
184074 0.102623
184107 0.121548
184140 0.143356
184173 0.168316
184206 0.196726
184240 0.228905
184273 0.265089
184289 0.284959
184306 0.305882
184322 0.328166
184339 0.351599
184355 0.376522
184372 0.402697
184388 0.430505
184405 0.459676
184422 0.490635
184438 0.523079
184455 0.557477
184471 0.593496
184488 0.631650
184504 0.671567
184521 0.713818
184537 0.757985
184554 0.804703
184570 0.853507
184587 0.905088
184604 0.958936
184620 1.01582
184637 1.07515
184653 1.13739
184670 1.20267
184686 1.27152
184703 1.34326
184719 1.41887
184736 1.49759
184752 1.58052
184769 1.66680
184785 1.75704
184802 1.85142
184818 1.94824
184834 2.04931
184851 2.15477
184867 2.26478
184883 2.37949
184899 2.49904
184932 2.75318
184964 3.02827
184996 3.32528
185029 3.64510
185061 3.98728
185086 4.26727
185111 4.56147
185136 4.86983
185161 5.19231
185186 5.53006
185210 5.87999
185260 6.61346
185310 7.38717
185360 8.18873
185459 9.80730
185495 10.3600
185530 10.8882
185565 11.3887
185600 11.8512
185641 12.3363
185682 12.7527
185723 13.0965
185764 13.3656
185805 13.5603
185846 13.6820
185887 13.7350
185928 13.7249
185962 13.6734
185996 13.5888
186063 13.3367
186131 12.9977
186198 12.6025
186334 11.7300
186469 10.8487
186550 10.3417
186632 9.86174
186713 9.41258
186794 8.99624
186876 8.60954
186957 8.25314
187039 7.92455
187120 7.62151
187202 7.34244
187283 7.08482
187365 6.84654
187446 6.62679
187528 6.42249
187609 6.23349
187772 5.89388
187935 5.59866
188098 5.34047
188261 5.11298
188424 4.91144
188564 4.75529
188705 4.61362
188846 4.48398
188986 4.36571
189268 4.15659
189549 3.97766
189875 3.80134
190201 3.65081
190527 3.52077
190853 3.40753
191327 3.26717
191800 3.15046
192186 3.07128
192378 3.03738
192571 3.00830
192719 2.99033
192867 2.97787
192971 2.97407
193074 2.97617
193178 2.98763
193230 2.99847
193282 3.01409
193341 3.03990
193400 3.07752
193459 3.13217
193489 3.16879
193518 3.21360
193557 3.28878
193577 3.33542
193596 3.38930
193616 3.45252
193635 3.52636
193655 3.61346
193674 3.71684
193694 3.84806
193705 3.92424
193715 4.00872
193725 4.10267
193735 4.20747
193745 4.32477
193755 4.45514
193765 4.59731
193775 4.75568
193785 4.93449
193794 5.13717
193804 5.36785
193814 5.63149
193823 5.93416
193828 6.10422
193833 6.28343
193838 6.48886
193843 6.71133
193848 6.95262
193854 7.21467
193859 7.49965
193864 7.80996
193869 8.14829
193874 8.51005
193879 8.91295
193884 9.35366
193889 9.83611
193894 10.3645
193899 10.9435
193904 11.5775
193910 12.2715
193915 13.0145
193918 13.5409
193921 14.0797
193924 14.6654
193928 15.2630
193934 16.5670
193941 17.9880
193947 19.5123
193954 21.1142
193967 24.3713
193971 25.3732
193975 26.3151
193979 27.1741
193983 27.9272
193988 28.5530
193992 29.0327
193996 29.3516
194000 29.4984
194004 29.4919
194007 29.3701
194010 29.1378
194014 28.8006
194017 28.3662
194021 27.8441
194024 27.2451
194027 26.5808
194034 25.1035
194041 23.5051
194055 20.2551
194060 19.0245
194065 17.8763
194071 16.7767
194076 15.7709
194081 14.8225
194087 13.9650
194092 13.1631
194097 12.4424
194103 11.7948
194108 11.2017
194113 10.6584
194118 10.1608
194123 9.70462
194129 9.28620
194134 8.90197
194139 8.54873
194144 8.22356
194149 7.92384
194155 7.64719
194160 7.39149
194165 7.15482
194170 6.93545
194175 6.73183
194181 6.54254
194191 6.20193
194201 5.90486
194212 5.64439
194222 5.41492
194233 5.21185
194243 5.03134
194253 4.87019
194264 4.72574
194274 4.59577
194285 4.47840
194295 4.37205
194305 4.27537
194326 4.10661
194347 3.96488
194367 3.84947
194387 3.75016
194407 3.66326
194426 3.58754
194446 3.52046
194466 3.46127
194506 3.36093
194534 3.30111
194562 3.24932
194619 3.16398
194676 3.09645
194733 3.04176
194816 2.97805
194899 2.92807
194982 2.88758
195065 2.85393
195145 2.82661
195224 2.80263
195383 2.76243
195542 2.72940
195700 2.70125
195958 2.66272
196215 2.63011
196472 2.60139
196729 2.57560
197152 2.53778
197576 2.50418
197999 2.47385
198423 2.44594
199148 2.40283
199874 2.36436
200600 2.32957
201326 2.29777
202657 2.24571
203988 2.19982
205319 2.15865
206649 2.12118
208343 2.07771
210037 2.03786
211731 2.00057
213425 1.96529
215118 1.93155
216812 1.89880
218506 1.86667
219353 1.85072
220200 1.83482
220865 1.82239
221198 1.81622
221531 1.81012
221863 1.80410
222196 1.79829
222529 1.79282
222861 1.78793
223134 1.78483
223270 1.78378
223406 1.78325
223542 1.78343
223678 1.78465
223814 1.78737
223950 1.79264
224071 1.80065
224192 1.81385
224253 1.82338
224313 1.83580
224374 1.85227
224434 1.87430
224495 1.90445
224555 1.94664
224585 1.97404
224616 2.00712
224646 2.04775
224676 2.09804
224694 2.13384
224712 2.17500
224730 2.22261
224748 2.27768
224766 2.34251
224784 2.41890
224802 2.50958
224820 2.61786
224830 2.69100
224841 2.77307
224851 2.86548
224861 2.96998
224872 3.08864
224882 3.22403
224893 3.37925
224903 3.55632
224910 3.69425
224917 3.84716
224924 4.01716
224931 4.20675
224938 4.41889
224946 4.65710
224953 4.92548
224960 5.22883
224965 5.47641
224970 5.74832
224975 6.04742
224981 6.37696
224986 6.74055
224991 7.14221
224996 7.58636
225001 8.06789
225006 8.61075
225012 9.21130
225017 9.87493
225022 10.6067
225027 11.4111
225032 12.2911
225038 13.2475
225043 14.2781
225049 15.5945
225055 16.9852
225068 19.8375
225074 21.1880
225077 21.8145
225080 22.3961
225083 22.9235
225086 23.3880
225089 23.7814
225092 24.0967
225096 24.3684
225100 24.5070
225102 24.5252
225105 24.4817
225108 24.3544
225111 24.1463
225114 23.8617
225117 23.5062
225120 23.0864
225123 22.6097
225126 22.1024
225132 20.9395
225138 19.6985
225150 17.1194
225155 16.1108
225159 15.1630
225164 14.2447
225169 13.3996
225174 12.5943
225178 11.8627
225183 11.1723
225188 10.5496
225192 9.98846
225197 9.47192
225202 8.99676
225206 8.56888
225211 8.16617
225215 7.79556
225220 7.45426
225224 7.14626
225231 6.75380
225237 6.40690
225243 6.08956
225249 5.80772
225256 5.54860
225262 5.31726
225268 5.10671
225274 4.91463
225283 4.65943
225293 4.43726
225302 4.23868
225311 4.06427
225320 3.90707
225329 3.76788
225338 3.64277
225347 3.52991
225361 3.38392
225374 3.25702
225387 3.14610
225401 3.04852
225414 2.96211
225427 2.88527
225440 2.81669
225454 2.75528
225472 2.68076
225490 2.61601
225509 2.55944
225527 2.51001
225545 2.46617
225563 2.42735
225600 2.36237
225635 2.31264
225670 2.27221
225705 2.23932
225740 2.21263
225775 2.19110
225809 2.17398
225879 2.15082
225932 2.14169
225986 2.13917
226059 2.14617
226132 2.16588
226205 2.20036
226242 2.22430
226278 2.25352
226331 2.30764
226358 2.34090
226385 2.37911
226411 2.42289
226438 2.47338
226464 2.53198
226491 2.59974
226509 2.65294
226527 2.71220
226546 2.77838
226564 2.85250
226582 2.93574
226601 3.02954
226619 3.13559
226637 3.25523
226652 3.36614
226667 3.48900
226682 3.62729
226697 3.78128
226712 3.95547
226727 4.15025
226742 4.37180
226757 4.62140
226766 4.79215
226775 4.97485
226784 5.17475
226793 5.38880
226803 5.62311
226812 5.87400
226821 6.14845
226830 6.44193
226843 6.89060
226855 7.38752
226868 7.93432
226881 8.53045
226893 9.17192
226906 9.84946
226932 11.2451
226940 11.7023
226949 12.1348
226957 12.5307
226966 12.8739
226974 13.1608
226983 13.3744
226992 13.5116
227000 13.5639
227007 13.5432
227014 13.4656
227021 13.3334
227028 13.1532
227035 12.9245
227042 12.6593
227049 12.3563
227056 12.0302
227070 11.3114
227084 10.5603
227098 9.80947
227111 9.08551
227121 8.62064
227130 8.18438
227139 7.77339
227149 7.38836
227158 7.02552
227167 6.69191
227177 6.38247
227186 6.09591
227198 5.74970
227211 5.44024
227223 5.15915
227235 4.90767
227247 4.67852
227260 4.47288
227272 4.28509
227284 4.11615
227301 3.90717
227318 3.72443
227335 3.56214
227351 3.41917
227368 3.29125
227385 3.17774
227402 3.07604
227419 2.98462
227436 2.90170
227452 2.82715
227469 2.75950
227486 2.69795
227520 2.59014
227553 2.49997
227587 2.42322
227621 2.35736
227654 2.30057
227688 2.25138
227722 2.20823
227755 2.17038
227823 2.10697
227872 2.06904
227921 2.03650
228019 1.98399
228117 1.94327
228214 1.91105
228300 1.88793
228386 1.86841
228557 1.83722
228729 1.81343
228900 1.79436
229194 1.76910
229488 1.74970
229781 1.73394
230075 1.72058
230369 1.70892
230663 1.69842
230908 1.69054
231153 1.68337
231397 1.67701
231642 1.67175
231863 1.66864
231973 1.66796
232083 1.66815
232193 1.66954
232303 1.67263
232414 1.67816
232524 1.68769
232622 1.70131
232720 1.72263
232769 1.73752
232818 1.75648
232867 1.78100
232915 1.81287
232968 1.85821
232994 1.88677
233020 1.92044
233046 1.96052
233072 2.00802
233098 2.06549
233124 2.13557
233141 2.18950
233157 2.25109
233174 2.32217
233191 2.40467
233208 2.50158
233225 2.61478
233233 2.67882
233241 2.74851
233250 2.82447
233258 2.90745
233267 2.99945
233275 3.09932
233284 3.20917
233292 3.33022
233300 3.46382
233309 3.61154
233317 3.77516
233326 3.95668
233334 4.16091
233342 4.38561
233351 4.63586
233359 4.91473
233368 5.22548
233376 5.57149
233384 5.95608
233393 6.38227
233398 6.65105
233403 6.92915
233407 7.22825
233412 7.53601
233422 8.20041
233432 8.91402
233451 10.4158
233461 11.1448
233470 11.8054
233478 12.2347
233485 12.5774
233489 12.7109
233493 12.8169
233496 12.8939
233500 12.9413
233506 12.9537
233511 12.9053
233516 12.8084
233521 12.6655
233525 12.4803
233530 12.2522
233535 11.9958
233545 11.4063
233583 8.71503
233591 8.21717
233599 7.74922
233606 7.31331
233614 6.90991
233622 6.53841
233629 6.19743
233637 5.88516
233645 5.60311
233652 5.34501
233660 5.10883
233668 4.89263
233675 4.69710
233683 4.51533
233690 4.34849
233698 4.19518
233705 4.05590
233718 3.84891
233730 3.66715
233743 3.50676
233755 3.36456
233767 3.23802
233780 3.12506
233792 3.02386
233805 2.93288
233820 2.83340
233835 2.74530
233850 2.66692
233865 2.59733
233880 2.53446
233896 2.47821
233926 2.38107
233956 2.30037
233987 2.23274
234017 2.17546
234047 2.12647
234077 2.08420
234108 2.04745
234168 1.98688
234218 1.94712
234268 1.91416
234317 1.88616
234367 1.86219
234466 1.82346
234565 1.79358
234653 1.77222
234742 1.75446
234830 1.73945
234918 1.72657
235094 1.70536
235271 1.68856
235436 1.67552
235601 1.66438
235932 1.64597
236263 1.63082
236593 1.61780
237078 1.60112
237563 1.58625
238533 1.55930
239415 1.53658
240297 1.51462
240738 1.50386
241179 1.49330
241619 1.48305
242060 1.47338
242501 1.46510
242722 1.46188
242942 1.45973
243163 1.45940
243383 1.46198
243493 1.46505
243604 1.46985
243714 1.47696
243824 1.48730
243934 1.50269
244044 1.52542
244100 1.54077
244155 1.55975
244210 1.58333
244265 1.61285
244326 1.65513
244356 1.68114
244386 1.71126
244416 1.74637
244447 1.78753
244477 1.83611
244507 1.89389
244525 1.93346
244543 1.97731
244561 2.02632
244579 2.08155
244597 2.14399
244615 2.21476
244633 2.29529
244651 2.38735
244666 2.47615
244681 2.57639
244696 2.68996
244711 2.81822
244727 2.96559
244742 3.13335
244749 3.22702
244757 3.32758
244764 3.43563
244772 3.55023
244780 3.68714
244789 3.83572
244797 3.99719
244805 4.17062
244813 4.36157
244822 4.56684
244830 4.79291
244838 5.03587
244846 5.30325
244855 5.59379
244863 5.90899
244871 6.24584
244879 6.61344
244888 7.00816
244896 7.42950
244904 7.87032
244916 8.55272
244928 9.26451
244940 9.98108
244952 10.6630
244958 10.9830
244964 11.2795
244970 11.5466
244976 11.7786
244982 11.9704
244988 12.1175
244994 12.2165
245000 12.2648
245007 12.2550
245013 12.1904
245019 12.0771
245025 11.9182
245031 11.7178
245037 11.4810
245043 11.2131
245055 10.6068
245079 9.26048
245091 8.58819
245103 7.95209
245111 7.54816
245119 7.16592
245127 6.80643
245135 6.46994
245143 6.15615
245151 5.86429
245159 5.59336
245167 5.34520
245176 5.08721
245185 4.85039
245194 4.63305
245203 4.43570
245212 4.25231
245221 4.08371
245229 3.92848
245238 3.78690
245253 3.56850
245268 3.37839
245283 3.21117
245298 3.06350
245313 2.93177
245328 2.81537
245343 2.71141
245358 2.61822
245378 2.51295
245397 2.42048
245416 2.33884
245435 2.26652
245454 2.20220
245473 2.14452
245492 2.09256
245511 2.04568
245541 1.98059
245571 1.92467
245601 1.87592
245631 1.83341
245662 1.79586
245692 1.76269
245752 1.70659
245809 1.66323
245866 1.62698
245924 1.59640
245981 1.57023
246096 1.52772
246210 1.49455
246363 1.45991
246516 1.43222
246680 1.40800
246844 1.38813
246926 1.37976
247008 1.37268
247090 1.36702
247171 1.36379
247259 1.36422
247346 1.37132
247390 1.37872
247434 1.39006
247477 1.40703
247521 1.43183
247543 1.44833
247565 1.46822
247587 1.49251
247608 1.52196
247630 1.55802
247652 1.60225
247674 1.65731
247685 1.68980
247696 1.72620
247709 1.77841
247723 1.83908
247737 1.90989
247750 1.99228
247764 2.09002
247771 2.14499
247778 2.20482
247785 2.27104
247791 2.34235
247798 2.42035
247805 2.50583
247813 2.61132
247820 2.72701
247828 2.85568
247835 2.99903
247843 3.15896
247850 3.33764
247858 3.53753
247865 3.76133
247873 4.01204
247880 4.29287
247888 4.60718
247895 4.95342
247899 5.14618
247902 5.34409
247910 5.77739
247917 6.25493
247925 6.76946
247933 7.37918
247941 8.03022
247957 9.38907
247965 10.0603
247973 10.6766
247977 10.9638
247981 11.2199
247985 11.4483
247989 11.6454
247995 11.8568
248000 11.9981
248005 12.0714
248011 12.0727
248015 12.0216
248020 11.9260
248024 11.7890
248028 11.6187
248033 11.4116
248037 11.1760
248046 10.6455
248081 8.25599
248087 7.84145
248094 7.45457
248100 7.08484
248107 6.74421
248113 6.42186
248119 6.12703
248126 5.85356
248132 5.60025
248139 5.34474
248146 5.11325
248153 4.90036
248160 4.70448
248167 4.52413
248174 4.35792
248181 4.20455
248188 4.06281
248194 3.94080
248200 3.82879
248213 3.62484
248226 3.44630
248238 3.29046
248251 3.15162
248264 3.02931
248276 2.91937
248289 2.82170
248307 2.69572
248326 2.58766
248344 2.49385
248363 2.41170
248381 2.33876
248399 2.27443
248418 2.21712
248436 2.16580
248462 2.10329
248487 2.04905
248512 2.00126
248538 1.95922
248563 1.92170
248588 1.88830
248639 1.83136
248690 1.78448
248740 1.74523
248791 1.71207
248842 1.68380
248943 1.63809
249044 1.60318
249155 1.57386
249256 1.55334
249358 1.53772
249459 1.52678
249560 1.52058
249662 1.52060
249712 1.52353
249763 1.52900
249814 1.53768
249865 1.55058
249915 1.56914
249966 1.59530
249991 1.61228
250017 1.63270
250042 1.65737
250067 1.68707
250093 1.72336
250118 1.76772
250143 1.82266
250156 1.85521
250169 1.89140
250182 1.93653
250196 1.98775
250210 2.04676
250224 2.11510
250238 2.19464
250251 2.28779
250265 2.39766
250272 2.46008
250279 2.52829
250288 2.62361
250296 2.72955
250305 2.85051
250314 2.98603
250322 3.14223
250331 3.31904
250335 3.41711
250340 3.52242
250344 3.63566
250348 3.75757
250355 3.95694
250361 4.17692
250367 4.42819
250374 4.70717
250377 4.86245
250380 5.02782
250383 5.20407
250386 5.38599
250389 5.58621
250393 5.79313
250396 6.02112
250399 6.25697
250402 6.50867
250405 6.77735
250408 7.06419
250411 7.37042
250414 7.69728
250417 8.04604
250421 8.41793
250424 8.81414
250427 9.23576
250430 9.68374
250433 10.1588
250436 10.6614
250439 11.1916
250442 11.7490
250448 12.9209
250454 14.0725
250460 15.2744
250471 17.6898
250476 18.8084
250479 19.3210
250482 19.7927
250485 20.2165
250488 20.5857
250490 20.8942
250493 21.1368
250497 21.3414
250500 21.4304
250503 21.4192
250506 21.3327
250509 21.1737
250511 20.9454
250514 20.6519
250517 20.2986
250520 19.8915
250523 19.4373
250528 18.4161
250534 17.2919
250545 14.9420
250550 13.8582
250555 12.8449
250561 11.8946
250566 11.0147
250571 10.1932
250576 9.46017
250582 8.79626
250587 8.19692
250592 7.63726
250598 7.13547
250603 6.68555
250608 6.28184
250614 5.91914
250619 5.59275
250625 5.29848
250630 5.03263
250634 4.86518
250637 4.70860
250641 4.56203
250645 4.42468
250652 4.17486
250659 3.95691
250667 3.76066
250674 3.58799
250682 3.43125
250689 3.29232
250694 3.19839
250700 3.11121
250710 2.95466
250721 2.81847
250732 2.69930
250743 2.59441
250754 2.50162
250764 2.41915
250775 2.34555
250785 2.28484
250795 2.23028
250815 2.13489
250834 2.05410
250854 1.98580
250874 1.92695
250893 1.87633
250913 1.83221
250932 1.79349
250968 1.73450
251003 1.68682
251038 1.64704
251074 1.61359
251109 1.58500
251144 1.56044
251215 1.52018
251266 1.49653
251317 1.47631
251419 1.44333
251521 1.41687
251623 1.39487
251733 1.37475
251843 1.35755
251898 1.35002
251953 1.34338
252008 1.33790
252063 1.33402
252097 1.33284
252130 1.33302
252163 1.33502
252197 1.33958
252230 1.34787
252264 1.36143
252297 1.38373
252314 1.39963
252330 1.41976
252345 1.44239
252360 1.47050
252375 1.50580
252389 1.55047
252397 1.57746
252404 1.60818
252411 1.64329
252419 1.68297
252426 1.72924
252433 1.78193
252441 1.84387
252448 1.91509
252455 1.99352
252462 2.08506
252469 2.19254
252476 2.31765
252483 2.46870
252486 2.55385
252489 2.64722
252493 2.75297
252496 2.86625
252500 2.99124
252503 3.12947
252508 3.34560
252512 3.59579
252515 3.73875
252517 3.88660
252519 4.04604
252522 4.21811
252524 4.41237
252526 4.61390
252529 4.84168
252531 5.07818
252534 5.34559
252536 5.62324
252538 5.92341
252540 6.24771
252543 6.66131
252546 7.11270
252549 7.60399
252551 8.13685
252554 8.71229
252557 9.33045
252559 9.99040
252562 10.6633
252565 11.5365
252568 12.4505
252575 14.3144
252578 15.2571
252581 16.1396
252584 16.9942
252587 17.7434
252590 18.4111
252594 18.9492
252595 19.1637
252597 19.3392
252598 19.4742
252600 19.5677
252602 19.6275
252604 19.6169
252606 19.5582
252608 19.4458
252609 19.2937
252611 19.0864
252613 18.8496
252616 18.2682
252620 17.5430
252623 16.7203
252627 15.8319
252630 14.9346
252637 13.1351
252640 12.2704
252644 11.4470
252647 10.6732
252650 9.95361
252654 9.29028
252657 8.68282
252661 8.11381
252664 7.59864
252668 7.13331
252671 6.71353
252675 6.33493
252678 5.99334
252682 5.68482
252685 5.40574
252688 5.17359
252692 4.96107
252695 4.76619
252698 4.58714
252701 4.42231
252704 4.27030
252708 4.12983
252711 4.00371
252714 3.88283
252717 3.77053
252724 3.56860
252730 3.39262
252736 3.24057
252741 3.13060
252746 3.03080
252752 2.93993
252757 2.85695
252762 2.78095
252767 2.71115
252777 2.58747
252787 2.48146
252797 2.38978
252808 2.30991
252818 2.23985
252827 2.18492
252836 2.13602
252854 2.05161
252871 1.98117
252889 1.92233
252907 1.87209
252925 1.82901
252943 1.79129
252961 1.75843
252996 1.70357
253032 1.65982
253068 1.62414
253103 1.59453
253139 1.56975
253175 1.54832
253246 1.51345
253323 1.48451
253399 1.46147
253476 1.44255
253552 1.42677
253629 1.41305
253705 1.40105
253858 1.38085
254011 1.36417
254164 1.34986
254317 1.33723
254470 1.32586
254776 1.30547
255082 1.28722
255245 1.27803
255470 1.26579
255694 1.25369
255919 1.24168
256143 1.22956
256367 1.21725
256480 1.21100
256592 1.20472
256704 1.19843
256816 1.19228
256928 1.18649
257040 1.18153
257122 1.17904
257224 1.17840
257275 1.17999
257326 1.18370
257377 1.19061
257428 1.20250
257454 1.21095
257479 1.22203
257505 1.23650
257530 1.25535
257549 1.27332
257568 1.29534
257587 1.32261
257607 1.35649
257626 1.39939
257635 1.42514
257645 1.45404
257654 1.48727
257664 1.52479
257674 1.56822
257683 1.61765
257693 1.67537
257702 1.74244
257712 1.82077
257721 1.91180
257731 2.02066
257736 2.08270
257740 2.14915
257745 2.22353
257750 2.30531
257755 2.39542
257760 2.49276
257766 2.64193
257772 2.81349
257779 3.01174
257782 3.12248
257785 3.23807
257788 3.36680
257791 3.50603
257795 3.65681
257798 3.82031
257801 3.99780
257804 4.19072
257807 4.40065
257811 4.62187
257814 4.90310
257818 5.20425
257821 5.53566
257825 5.90042
257828 6.30174
257832 6.74292
257835 7.22714
257839 7.75740
257842 8.35347
257846 9.00279
257849 9.70606
257853 10.4623
257857 11.2684
257860 12.1185
257867 13.8873
257876 15.9571
257880 16.9344
257884 17.8279
257888 18.6027
257890 18.9429
257892 19.2265
257894 19.4784
257896 19.6721
257898 19.8188
257900 19.9170
257903 19.9715
257905 19.9412
257908 19.8411
257910 19.6734
257912 19.4419
257915 19.1509
257917 18.8058
257920 18.4126
257922 17.9966
257927 17.0305
257932 15.9760
257941 13.8127
257947 12.5621
257952 11.4157
257955 10.8798
257958 10.3706
257961 9.88861
257964 9.43382
257968 8.75871
257972 8.16213
257977 7.61238
257981 7.12887
257986 6.68426
257990 6.29329
257995 5.94091
257999 5.62285
258002 5.43654
258005 5.26773
258010 4.95907
258015 4.67982
258021 4.43548
258026 4.21294
258032 4.01690
258037 3.84025
258043 3.68056
258048 3.54086
258053 3.41333
258058 3.29660
258063 3.18945
258069 3.09087
258074 2.99996
258079 2.91593
258084 2.83956
258094 2.70004
258105 2.58013
258115 2.47435
258125 2.38222
258134 2.31503
258142 2.25401
258151 2.19844
258159 2.14767
258176 2.05833
258193 1.98265
258209 1.91716
258226 1.86043
258243 1.81092
258260 1.76766
258275 1.73131
258291 1.69875
258323 1.64295
258354 1.59714
258386 1.55880
258418 1.52610
258449 1.49805
258481 1.47375
258512 1.45256
258576 1.41716
258639 1.38885
258702 1.36574
258765 1.34645
258828 1.32992
258891 1.31565
259018 1.29212
259136 1.27436
259255 1.25953
259373 1.24678
259492 1.23568
259728 1.21662
259965 1.20065
260218 1.18580
260471 1.17250
260976 1.14887
261481 1.12764
261987 1.10785
262745 1.07970
263503 1.05260
265019 0.999631
267546 0.911116
270072 0.819657
272599 0.723530
275126 0.622589
277274 0.532910
279421 0.440581
281569 0.347188
282643 0.300939
283717 0.255693
284222 0.234952
284727 0.214692
285233 0.195009
285738 0.176030
286244 0.157879
286749 0.140717
287002 0.132559
287254 0.124713
287507 0.117205
287760 0.110066
287981 0.104152
288202 0.0985725
288423 0.0933452
288644 0.0885085
288865 0.0841221
289086 0.0802240
289197 0.0785811
289307 0.0771854
289418 0.0760997
289528 0.0755560
289588 0.0755887
289647 0.0759554
289706 0.0768016
289765 0.0783479
289825 0.0809173
289854 0.0828415
289884 0.0853451
289913 0.0886245
289943 0.0929656
289973 0.0987968
290002 0.106772
290024 0.114487
290046 0.124437
290067 0.137765
290089 0.155972
290111 0.181520
290122 0.198366
290132 0.218692
290143 0.243959
290154 0.275250
290165 0.315521
290176 0.367610
290184 0.416444
290192 0.477806
290199 0.556387
290207 0.659451
290211 0.724464
290215 0.798778
290219 0.889038
290223 0.994366
290227 1.12519
290231 1.28146
290235 1.48015
290239 1.72268
290242 1.99307
290244 2.15574
290246 2.32634
290248 2.52689
290249 2.73702
290251 2.96918
290253 3.22525
290255 3.52452
290256 3.83559
290258 4.17594
290260 4.54695
290262 4.97440
290263 5.41147
290265 5.88113
290267 6.38290
290269 6.98029
290270 7.57945
290272 8.24310
290274 8.89662
290278 10.2898
290281 11.6949
290284 12.7880
290286 13.3030
290287 13.7576
290289 14.2109
290290 14.5977
290292 14.9680
290293 15.2681
290295 15.5837
290297 15.8039
290298 15.9444
290300 16.0027
290302 15.9851
290303 15.9105
290304 15.7808
290306 15.5976
290307 15.3634
290309 15.0811
290310 14.7542
290311 14.3866
290313 13.9826
290314 13.5790
290317 12.6698
290319 11.6939
290322 10.6854
290327 9.01466
290329 8.19746
290331 7.45374
290333 6.72394
290336 6.07661
290338 5.48162
290340 4.93976
290342 4.47142
290344 4.06818
290346 3.68739
290348 3.36264
290350 3.05831
290352 2.80030
290354 2.55953
290356 2.35594
290359 2.16614
290361 2.00557
290363 1.85561
290365 1.72838
290369 1.50737
290373 1.33319
290377 1.17442
290382 1.04554
290386 0.939390
290391 0.850769
290395 0.775889
290400 0.711947
290404 0.656837
290409 0.609951
290418 0.530933
290427 0.469004
290436 0.419454
290445 0.379487
290458 0.332612
290471 0.296097
290484 0.267085
290497 0.243815
290510 0.224612
290523 0.208818
290549 0.184035
290575 0.165600
290601 0.151587
290627 0.140683
290653 0.132017
290691 0.122336
290729 0.115064
290766 0.109450
290804 0.104898
290841 0.101225
290879 0.0982609
290954 0.0937975
291029 0.0907306
291104 0.0887140
291179 0.0872148
291254 0.0862459
291359 0.0855998
291528 0.0857996
291698 0.0871203
291868 0.0893786
292038 0.0924767
292208 0.0963330
292377 0.100943
292547 0.106317
292717 0.112266
292861 0.117987
293004 0.124228
293148 0.131030
293291 0.138422
293435 0.146376
293579 0.154954
293722 0.164154
293866 0.173985
294010 0.184611
294153 0.195816
294297 0.207603
294441 0.220310
294584 0.233750
294728 0.247799
294872 0.262802
295015 0.278683
295159 0.295258
295302 0.312752
295446 0.331342
295590 0.350675
295733 0.370936
295877 0.392465
296021 0.414859
296164 0.438150
296373 0.474263
296582 0.512784
296791 0.553836
297000 0.597513
297234 0.649929
297469 0.705718
297703 0.765555
297938 0.829026
298172 0.896922
298406 0.968787
298641 1.04592
298875 1.12635
299070 1.19836
299266 1.27272
299461 1.35040
299656 1.43264
299852 1.51722
300047 1.60652
300438 1.79507
300828 2.00061
301024 2.10852
301219 2.22151
301414 2.33705
301609 2.45767
302000 2.70922
302313 2.92218
302625 3.14467
302938 3.37624
303250 3.61639
303875 4.11895
304500 4.64467
305750 5.72512
306375 6.25576
307000 6.76307
307625 7.23506
308250 7.66149
308875 8.03453
309500 8.34923
310125 8.60354
310750 8.79811
311375 8.93581
312000 9.02119
312625 9.05984
313250 9.05790
314188 8.98953
315125 8.86929
316063 8.70430
317000 8.51544
319617 7.92626
322234 7.34548
324633 6.86441
325833 6.64515
327032 6.43955
327904 6.29796
328422 6.21664
328940 6.13703
329199 6.09779
329458 6.05902
329717 6.02088
329847 6.00229
329976 5.98433
330085 5.97006
330194 5.95719
330249 5.95161
330303 5.94699
330358 5.94368
330412 5.94229
330467 5.94364
330521 5.94943
330576 5.96255
330603 5.97330
330630 5.98804
330653 6.00401
330675 6.02443
330697 6.05097
330719 6.08579
330741 6.13235
330763 6.19476
330786 6.28070
330808 6.40058
330826 6.54363
330836 6.63540
330845 6.74376
330855 6.87554
330864 7.03375
330873 7.22965
330883 7.46952
330888 7.64177
330894 7.83578
330899 8.06322
330905 8.32129
330910 8.62584
330916 8.97326
330921 9.37668
330927 9.84485
330931 10.2823
330936 10.7738
330940 11.3229
330945 11.9323
330949 12.6020
330954 13.3290
330958 14.1065
330963 14.9225
330972 16.5416
330976 17.3180
330980 18.0444
330985 18.7070
330989 19.2486
330993 19.6614
330997 19.9268
331000 20.0107
331003 20.0349
331005 20.0026
331007 19.9249
331010 19.7967
331012 19.6308
331017 19.1723
331021 18.5913
331026 17.8948
331031 17.1454
331040 15.5502
331047 14.3303
331051 13.7474
331055 13.2101
331058 12.6914
331062 12.2208
331066 11.7725
331069 11.3699
331075 10.7692
331081 10.2486
331087 9.79878
331093 9.41604
331099 9.07865
331105 8.79025
331111 8.53435
331117 8.31394
331126 8.01840
331136 7.77407
331145 7.57004
331154 7.39971
331163 7.25306
331173 7.12715
331191 6.92406
331207 6.78729
331223 6.67612
331239 6.58439
331255 6.50768
331287 6.38734
331318 6.29780
331353 6.22328
331387 6.16528
331422 6.11868
331456 6.08057
331491 6.04862
331525 6.02168
331594 5.97744
331673 5.93788
331753 5.90626
331832 5.87990
331912 5.85733
331991 5.83719
332071 5.81900
332230 5.78677
332400 5.75649
332569 5.72896
332908 5.67908
333248 5.63346
333587 5.59055
334308 5.50518
335028 5.42530
335749 5.34928
336470 5.27647
336809 5.24317
337573 5.17026
338336 5.09986
338717 5.06558
339099 5.03205
339481 4.99951
339862 4.96878
340074 4.95318
340286 4.93919
340477 4.92927
340668 4.92363
340763 4.92340
340859 4.92579
340954 4.93178
341049 4.94345
341140 4.96206
341230 4.99203
341320 5.03979
341365 5.07403
341410 5.11805
341463 5.18719
341516 5.28315
341542 5.34517
341569 5.41957
341595 5.50932
341622 5.61872
341651 5.76942
341666 5.85964
341680 5.96119
341695 6.07753
341709 6.21052
341724 6.36319
341738 6.53795
341748 6.67417
341758 6.82351
341768 6.99094
341778 7.17534
341788 7.38310
341798 7.61310
341808 7.87073
341818 8.15980
341825 8.39560
341833 8.65273
341840 8.93325
341847 9.23935
341854 9.57334
341862 9.93757
341869 10.3344
341876 10.7599
341886 11.4037
341896 12.1184
341906 12.9047
341916 13.7495
341926 14.6597
341936 15.6084
341955 17.4913
341966 18.4570
341972 18.8824
341978 19.2572
341983 19.5730
341989 19.8225
341994 19.9998
342000 20.1010
342007 20.1203
342012 20.0584
342017 19.9321
342022 19.7444
342027 19.4999
342033 19.2046
342038 18.8650
342048 18.0807
342090 14.4747
342100 13.6678
342110 12.9185
342120 12.2313
342130 11.6063
342140 11.0414
342150 10.5326
342160 10.0753
342170 9.66859
342180 9.28895
342190 8.95193
342201 8.64643
342211 8.37438
342221 8.12683
342231 7.90547
342241 7.70501
342252 7.52306
342265 7.31321
342278 7.12801
342291 6.96147
342304 6.81349
342330 6.55942
342356 6.35166
342376 6.21309
342397 6.09262
342417 5.98722
342438 5.89444
342479 5.73921
342520 5.61541
342557 5.52302
342594 5.44542
342669 5.32223
342743 5.22963
342818 5.15761
342877 5.11057
342937 5.07057
343056 5.00614
343175 4.95569
343295 4.91476
343399 4.88443
343503 4.85784
343712 4.81271
343920 4.77420
344129 4.74005
344367 4.70445
344487 4.68764
344606 4.67141
344725 4.65588
344844 4.64130
344963 4.62823
345083 4.61795
345187 4.61328
345239 4.61349
345291 4.61603
345343 4.62242
345396 4.63405
345448 4.65346
345500 4.68452
345548 4.72940
345597 4.79815
345621 4.84617
345645 4.90671
345669 4.98366
345694 5.08240
345720 5.22198
345733 5.30892
345746 5.40934
345759 5.52786
345772 5.66632
345785 5.83003
345798 6.02459
345807 6.18843
345817 6.37323
345826 6.58438
345835 6.82630
345844 7.10418
345854 7.42410
345863 7.79319
345872 8.21958
345878 8.48632
345883 8.76970
345888 9.07625
345893 9.40755
345898 9.76513
345903 10.1504
345908 10.5644
345913 11.0080
345922 11.7937
345930 12.6558
345938 13.5850
345946 14.5520
345963 16.5293
345971 17.4582
345979 18.2686
345985 18.7052
345990 19.0682
345995 19.3485
346000 19.5365
346005 19.6354
346010 19.6398
346015 19.5733
346019 19.4498
346023 19.2720
346027 19.0444
346032 18.7654
346036 18.4537
346044 17.7385
346078 14.4258
346089 13.4389
346100 12.5496
346110 11.7552
346121 11.0536
346129 10.5579
346138 10.1119
346146 9.71080
346155 9.35400
346163 9.02863
346172 8.73518
346180 8.47006
346189 8.23275
346199 7.96886
346210 7.73385
346220 7.52382
346230 7.33720
346241 7.16755
346251 7.01579
346272 6.75204
346290 6.56050
346307 6.39597
346325 6.25334
346343 6.12879
346361 6.01941
346379 5.92280
346415 5.76073
346441 5.66166
346468 5.57640
346520 5.43789
346573 5.33050
346626 5.24453
346671 5.18354
346716 5.13180
346807 5.04854
346897 4.98439
346987 4.93349
347070 4.89480
347153 4.86193
347236 4.83357
347319 4.80881
347485 4.76710
347650 4.73302
347801 4.70678
347952 4.68367
348253 4.64423
348554 4.61122
348856 4.58235
349368 4.53973
349880 4.50249
350393 4.46872
350905 4.43754
351990 4.37760
353075 4.32331
355244 4.22620
357776 4.12683
360307 4.03837
365370 3.88590
370191 3.76441
375013 3.65952
379834 3.56882
384656 3.48873
389960 3.41134
395264 3.34278
405871 3.22640
416479 3.13105
427086 3.05054
433836 3.00521
440587 2.96328
445167 2.93643
449748 2.91052
452038 2.89786
454328 2.88539
456618 2.87315
457764 2.86717
458909 2.86133
459873 2.85662
460837 2.85218
461862 2.84801
462886 2.84485
463399 2.84389
463911 2.84352
464423 2.84413
464936 2.84616
465418 2.85004
465900 2.85690
466141 2.86197
466382 2.86858
466623 2.87721
466864 2.88854
467136 2.90577
467407 2.92977
467678 2.96376
467814 2.98596
467949 3.01321
468115 3.05518
468281 3.11000
468446 3.18292
468529 3.22858
468612 3.28199
468703 3.35105
468793 3.43459
468883 3.53621
468974 3.66085
469057 3.80093
469098 3.88236
469140 3.97237
469181 4.07250
469222 4.18349
469264 4.30692
469305 4.44429
469347 4.59758
469388 4.76817
469430 4.95776
469471 5.16741
469513 5.39948
469554 5.65432
469596 5.93193
469637 6.23110
469728 6.94072
469819 7.65616
469864 7.97469
469887 8.11466
469909 8.23816
469932 8.34266
469955 8.42597
469977 8.48635
470000 8.52246
470030 8.53233
470057 8.50502
470083 8.44561
470110 8.35653
470136 8.24149
470163 8.10341
470189 7.94675
470242 7.59449
470348 6.83377
470401 6.46495
470454 6.12121
470499 5.84967
470545 5.60130
470590 5.37528
470635 5.17061
470681 4.98543
470726 4.81887
470771 4.66880
470816 4.53353
470862 4.41049
470908 4.29946
470954 4.19910
470999 4.10822
471091 3.95080
471182 3.82014
471290 3.69286
471398 3.58851
471506 3.50235
471614 3.42990
471797 3.33157
471979 3.25577
472162 3.19598
472345 3.14800
472611 3.09330
472877 3.05142
473142 3.01837
473408 2.99177
473807 2.96044
474206 2.93634
474605 2.91720
475003 2.90164
475369 2.88974
475734 2.87943
476465 2.86255
477196 2.84911
477927 2.83799
478592 2.82938
479256 2.82172
480586 2.80846
481915 2.79718
483244 2.78713
484839 2.77622
486966 2.76311
489092 2.75126
490554 2.74402
492016 2.73781
493478 2.73320
494940 2.73130
495738 2.73218
496535 2.73516
497333 2.74119
498130 2.75177
498662 2.76251
499194 2.77743
499725 2.79806
500257 2.82679
500622 2.85301
500988 2.88628
501353 2.92875
501719 2.98351
502084 3.05506
502267 3.09883
502450 3.14949
502633 3.20766
502815 3.27547
502998 3.35442
503181 3.44609
503397 3.57601
503505 3.64973
503613 3.73189
503721 3.82243
503829 3.92233
503937 4.03258
504045 4.15416
504150 4.28404
504254 4.42663
504359 4.58309
504464 4.75432
504568 4.94175
504673 5.14452
504778 5.36352
504883 5.59891
505022 5.93708
505162 6.29211
505441 7.01836
505581 7.35689
505721 7.65243
505791 7.77624
505860 7.88093
505930 7.96607
506000 8.02916
506093 8.07636
506186 8.08179
506262 8.05593
506338 8.00476
506413 7.93119
506489 7.83789
506640 7.60108
506792 7.31667
507094 6.70009
507246 6.39489
507397 6.10465
507611 5.72889
507718 5.55737
507825 5.39727
508039 5.10869
508252 4.85951
508462 4.64863
508672 4.46635
508881 4.30833
509091 4.17094
509272 4.06644
509453 3.97352
509634 3.88997
509815 3.81522
510177 3.68676
510539 3.58094
510959 3.48068
511378 3.39845
511797 3.33001
512216 3.27247
512712 3.21548
513207 3.16775
514198 3.09258
515037 3.04409
515875 3.00510
516714 2.97308
517552 2.94632
518391 2.92367
519229 2.90416
520906 2.87214
522583 2.84691
524260 2.82623
525937 2.80884
527614 2.79388
529901 2.77644
532188 2.76147
536761 2.73642
550178 2.68229
556276 2.66185
572741 2.60298
574418 2.59481
575256 2.59033
576095 2.58549
576933 2.58027
577772 2.57453
578610 2.56822
579449 2.56130
580059 2.55580
580669 2.54997
580974 2.54697
581278 2.54395
581583 2.54098
581888 2.53816
582146 2.53603
582403 2.53430
582660 2.53320
582917 2.53287
583175 2.53425
583432 2.53802
583689 2.54586
583946 2.56021
584146 2.57905
584347 2.60868
584447 2.62951
584547 2.65580
584647 2.68941
584747 2.73203
584852 2.79065
584956 2.86825
585009 2.91634
585061 2.97214
585114 3.03710
585166 3.11292
585217 3.19950
585268 3.30073
585320 3.41932
585371 3.55842
585422 3.72160
585473 3.91276
585499 4.02007
585524 4.13575
585550 4.26013
585575 4.39326
585600 4.53196
585625 4.67987
585675 5.00291
585724 5.35634
585774 5.72998
585823 6.11072
585873 6.47400
585898 6.64042
585922 6.79092
585947 6.92315
585972 7.03291
586000 7.12852
586028 7.18971
586057 7.21506
586080 7.20985
586103 7.18257
586126 7.13485
586149 7.06871
586195 6.89052
586241 6.66686
586425 5.66055
586471 5.42788
586517 5.21239
586564 5.01491
586610 4.83559
586656 4.67275
586702 4.52555
586749 4.39263
586795 4.27283
586846 4.15324
586897 4.04634
586923 3.99628
586949 3.93723
586962 3.88713
586968 3.85088
586974 3.80492
586981 3.74858
586987 3.68261
587000 3.53253
587000 3.16731
600000 3.15476
650000 3.11879
700000 3.09950
750000 3.09374
800000 3.09891
850000 3.11290
900000 3.13392
950000 3.16045
1.00000E+06 3.19121
1.10000E+06 3.26114
1.20000E+06 3.33661
1.30000E+06 3.41256
1.40000E+06 3.48549
1.50000E+06 3.55315
1.54259E+06 3.57916
1.58518E+06 3.60517
1.58518E+06 3.60517
1.58520E+06 3.60518
1.58890E+06 3.60748
1.59260E+06 3.60975
1.60000E+06 3.61422
1.61250E+06 3.62195
1.62500E+06 3.62939
1.65000E+06 3.64341
1.67500E+06 3.65630
1.70000E+06 3.66811
1.72500E+06 3.68027
1.75000E+06 3.69141
1.80000E+06 3.71470
1.90000E+06 3.75421
2.00000E+06 3.78706
2.12500E+06 3.80911
2.25000E+06 3.82897
2.37500E+06 3.85070
2.50000E+06 3.87087
2.72890E+06 3.86935
2.72892E+06 3.86935
2.72892E+06 3.86935
2.72892E+06 3.86935
2.73740E+06 3.86937
2.74587E+06 3.86938
2.76281E+06 3.86939
2.77975E+06 3.86938
2.79669E+06 3.86935
2.83058E+06 3.86924
2.86446E+06 3.86904
2.89835E+06 3.86878
2.93223E+06 3.86844
3.00000E+06 3.86755
3.06583E+06 3.86159
3.13165E+06 3.85548
3.19748E+06 3.84922
3.26330E+06 3.84283
3.26330E+06 3.84283
3.27070E+06 3.84215
3.27810E+06 3.84148
3.29289E+06 3.84012
3.32248E+06 3.83739
3.35206E+06 3.83465
3.38165E+06 3.83188
3.44083E+06 3.82628
3.50000E+06 3.82060
3.51340E+06 3.81877
3.51340E+06 3.81877
3.59684E+06 3.80757
3.68028E+06 3.79624
3.76372E+06 3.78479
3.84716E+06 3.77322
3.85954E+06 3.77160
3.87193E+06 3.76995
3.89669E+06 3.76661
3.92146E+06 3.76319
3.94622E+06 3.75970
3.95967E+06 3.75789
3.97311E+06 3.75606
4.00000E+06 3.75236
4.05507E+06 3.74370
4.06607E+06 3.74199
4.07707E+06 3.74028
4.09907E+06 3.73685
4.14307E+06 3.72995
4.18706E+06 3.72301
4.23106E+06 3.71602
4.23110E+06 3.71601
4.24358E+06 3.71405
4.25605E+06 3.71209
4.25656E+06 3.71201
4.25660E+06 3.71200
4.26544E+06 3.71066
4.27428E+06 3.70931
4.29197E+06 3.70660
4.32733E+06 3.70109
4.36270E+06 3.69547
4.39806E+06 3.68976
4.39810E+06 3.68975
4.41078E+06 3.68780
4.42347E+06 3.68583
4.44884E+06 3.68186
4.49957E+06 3.67379
4.49960E+06 3.67378
4.50000E+06 3.67372
4.50008E+06 3.67371
4.51280E+06 3.67172
4.52552E+06 3.66972
4.55096E+06 3.66569
4.60184E+06 3.65752
4.65271E+06 3.64922
4.70359E+06 3.64078
4.75447E+06 3.63220
4.80535E+06 3.62349
4.90710E+06 3.60569
5.00000E+06 3.59016
5.12500E+06 3.56927
5.25000E+06 3.54801
5.37500E+06 3.52641
5.50000E+06 3.50448
5.62500E+06 3.48327
5.75000E+06 3.46175
5.87500E+06 3.43995
6.00000E+06 3.41787
6.22945E+06 3.37781
6.36473E+06 3.35428
6.50000E+06 3.33059
6.62500E+06 3.30874
6.75000E+06 3.28678
6.87500E+06 3.26470
7.00000E+06 3.24251
7.25000E+06 3.19824
7.50000E+06 3.15374
7.75000E+06 3.10946
7.87500E+06 3.08724
8.00000E+06 3.06497
8.25000E+06 3.02122
8.50000E+06 2.97744
8.75000E+06 2.93511
9.00000E+06 2.89275
9.25000E+06 2.85261
9.50000E+06 2.81246
9.75000E+06 2.77514
1.00000E+07 2.73782
1.01471E+07 2.71775
1.03236E+07 2.69367
1.05000E+07 2.66960
1.07185E+07 2.64273
1.09370E+07 2.61586
1.10000E+07 2.60810
1.11691E+07 2.58949
1.11691E+07 2.58948
1.15000E+07 2.55151
1.17500E+07 2.52729
1.20000E+07 2.50391
1.22083E+07 2.48364
1.24166E+07 2.46447
1.24166E+07 2.46447
1.25000E+07 2.45705
1.27500E+07 2.43792
1.30000E+07 2.42024
1.32500E+07 2.40064
1.35000E+07 2.38220
1.37500E+07 2.36626
1.40000E+07 2.35139
1.40963E+07 2.34514
1.40964E+07 2.34514
1.43558E+07 2.32880
1.45000E+07 2.32002
1.47500E+07 2.30664
1.50000E+07 2.29385
1.52500E+07 2.28088
1.55000E+07 2.26827
1.57500E+07 2.25723
1.60000E+07 2.24651
1.62500E+07 2.23634
1.65000E+07 2.22638
1.67500E+07 2.21786
1.70000E+07 2.20953
1.72500E+07 2.20211
1.75000E+07 2.19484
1.77500E+07 2.18893
1.80000E+07 2.18317
1.82500E+07 2.17846
1.85000E+07 2.17385
1.87500E+07 2.17051
1.90000E+07 2.16727
1.94770E+07 2.16325
1.95000E+07 2.16305
1.97500E+07 2.16204
2.00000E+07 2.16109
