Li-7(n,g) ENDFB-8.0
Energy(eV) XS(b)
1.00000E-05 2.28461
1.03125E-05 2.24973
1.06250E-05 2.21640
1.09375E-05 2.18450
1.12500E-05 2.15395
1.15625E-05 2.12464
1.18750E-05 2.09650
1.21875E-05 2.06945
1.25000E-05 2.04342
1.28125E-05 2.01834
1.31250E-05 1.99417
1.34375E-05 1.97084
1.37500E-05 1.94832
1.43750E-05 1.90549
1.50000E-05 1.86537
1.54625E-05 1.83727
1.59249E-05 1.81039
1.63874E-05 1.78467
1.68498E-05 1.76000
1.68750E-05 1.75869
1.69531E-05 1.75463
1.70313E-05 1.75061
1.71875E-05 1.74263
1.75000E-05 1.72700
1.81250E-05 1.69696
1.87500E-05 1.66844
1.93750E-05 1.64131
2.00000E-05 1.61546
2.08306E-05 1.58293
2.16611E-05 1.55228
2.24917E-05 1.52335
2.33222E-05 1.49598
2.41528E-05 1.47004
2.49833E-05 1.44539
2.58139E-05 1.42195
2.66444E-05 1.39961
2.75000E-05 1.37767
2.84375E-05 1.35477
2.93750E-05 1.33298
3.03125E-05 1.31220
3.12500E-05 1.29237
3.21875E-05 1.27341
3.31250E-05 1.25526
3.40625E-05 1.23787
3.50000E-05 1.22117
3.62500E-05 1.19993
3.75000E-05 1.17977
3.87500E-05 1.16058
4.00000E-05 1.14230
4.12500E-05 1.12486
4.25000E-05 1.10820
4.43750E-05 1.08453
4.62500E-05 1.06232
4.81250E-05 1.04142
5.00000E-05 1.02171
5.15625E-05 1.00611
5.31250E-05 0.991202
5.46875E-05 0.976939
5.62500E-05 0.963275
5.78125E-05 0.950168
5.93750E-05 0.937583
6.09375E-05 0.925485
6.25000E-05 0.913843
6.40625E-05 0.902630
6.56250E-05 0.891819
6.71875E-05 0.881388
6.87500E-05 0.871315
7.18750E-05 0.852163
7.50000E-05 0.834221
7.75000E-05 0.820655
8.00000E-05 0.807731
8.37500E-05 0.789440
8.75000E-05 0.772338
9.06250E-05 0.758905
9.37500E-05 0.746149
9.68750E-05 0.734016
0.000100000 0.722456
0.000103125 0.711426
0.000106250 0.700885
0.000109375 0.690800
0.000112500 0.681138
0.000115625 0.671870
0.000118750 0.662971
0.000121875 0.654416
0.000125000 0.646184
0.000128125 0.638255
0.000131250 0.630611
0.000134375 0.623235
0.000137500 0.616112
0.000143750 0.602570
0.000150000 0.589883
0.000155000 0.580291
0.000160000 0.571152
0.000167500 0.558218
0.000175000 0.546125
0.000181250 0.536627
0.000187500 0.527607
0.000193750 0.519028
0.000200000 0.510853
0.000208203 0.500688
0.000216406 0.491107
0.000224609 0.482056
0.000232813 0.473487
0.000241016 0.465359
0.000249219 0.457637
0.000257422 0.450286
0.000265625 0.443278
0.000275000 0.435657
0.000284359 0.428427
0.000293719 0.421546
0.000293750 0.421524
0.000293853 0.421450
0.000293955 0.421377
0.000294160 0.421230
0.000294570 0.420936
0.000295391 0.420352
0.000297031 0.419189
0.000300313 0.416893
0.000306875 0.412411
0.000320000 0.403865
0.000335000 0.394719
0.000350000 0.386169
0.000359375 0.381098
0.000368750 0.376223
0.000378125 0.371529
0.000387500 0.367008
0.000396875 0.362647
0.000406250 0.358438
0.000425000 0.350442
0.000443750 0.342959
0.000462500 0.335935
0.000481250 0.329326
0.000500000 0.323092
0.000515625 0.318159
0.000531250 0.313445
0.000546875 0.308935
0.000562500 0.304614
0.000578125 0.300469
0.000593750 0.296489
0.000609375 0.292663
0.000625000 0.288982
0.000640000 0.285575
0.000667500 0.279631
0.000695000 0.274043
0.000722500 0.268777
0.000750000 0.263803
0.000781250 0.258473
0.000812500 0.253454
0.000843750 0.248716
0.000875000 0.244234
0.000906250 0.239986
0.000937500 0.235952
0.000968750 0.232115
0.00100000 0.228460
0.00103125 0.224972
0.00106250 0.221639
0.00109375 0.218449
0.00112500 0.215394
0.00115625 0.212463
0.00118750 0.209649
0.00121875 0.206944
0.00125000 0.204340
0.00128000 0.201932
0.00133500 0.197728
0.00139000 0.193777
0.00144500 0.190053
0.00150000 0.186536
0.00156250 0.182767
0.00162500 0.179218
0.00168750 0.175868
0.00175000 0.172699
0.00181250 0.169695
0.00187500 0.166843
0.00193750 0.164130
0.00200000 0.161545
0.00207000 0.158790
0.00214000 0.156171
0.00221000 0.153678
0.00228000 0.151300
0.00235000 0.149030
0.00242000 0.146859
0.00249000 0.144780
0.00256000 0.142787
0.00256250 0.142717
0.00256836 0.142554
0.00257422 0.142392
0.00258594 0.142069
0.00260938 0.141429
0.00265625 0.140176
0.00275000 0.137766
0.00284375 0.135476
0.00293750 0.133296
0.00303125 0.131219
0.00312500 0.129235
0.00321875 0.127339
0.00331250 0.125524
0.00340625 0.123785
0.00350000 0.122116
0.00359375 0.120512
0.00368750 0.118971
0.00378125 0.117486
0.00387500 0.116056
0.00396875 0.114678
0.00406250 0.113347
0.00425000 0.110818
0.00443750 0.108451
0.00462500 0.106230
0.00481250 0.104140
0.00500000 0.102169
0.00512000 0.100964
0.00526125 0.0995999
0.00540250 0.0982892
0.00554375 0.0970289
0.00568500 0.0958159
0.00582625 0.0946473
0.00596750 0.0935204
0.00610875 0.0924328
0.00625000 0.0913823
0.00640625 0.0902610
0.00656250 0.0891799
0.00671875 0.0881368
0.00687500 0.0871295
0.00718750 0.0852143
0.00750000 0.0834200
0.00781250 0.0817346
0.00812500 0.0801473
0.00843750 0.0786490
0.00875000 0.0772318
0.00906250 0.0758885
0.00937500 0.0746129
0.00968750 0.0733996
0.0100000 0.0722436
0.0103125 0.0711405
0.0106250 0.0700865
0.0109375 0.0690780
0.0112500 0.0681118
0.0115625 0.0671851
0.0118750 0.0662951
0.0121875 0.0654397
0.0125000 0.0646165
0.0128125 0.0638236
0.0131250 0.0630592
0.0134375 0.0623216
0.0137500 0.0616094
0.0143750 0.0602552
0.0150000 0.0589865
0.0156250 0.0577947
0.0162500 0.0566724
0.0168750 0.0556131
0.0175000 0.0546110
0.0181250 0.0536612
0.0187500 0.0527593
0.0193750 0.0519014
0.0200000 0.0510840
0.0206625 0.0502585
0.0213250 0.0494717
0.0219875 0.0487207
0.0226500 0.0480030
0.0233125 0.0473160
0.0239750 0.0466578
0.0246375 0.0460262
0.0253000 0.0454197
0.0259754 0.0448254
0.0266508 0.0442538
0.0273262 0.0437036
0.0280016 0.0431734
0.0286770 0.0426620
0.0293524 0.0421684
0.0307031 0.0412305
0.0320539 0.0403526
0.0334047 0.0395284
0.0347555 0.0387528
0.0361063 0.0380211
0.0369746 0.0375721
0.0378430 0.0371386
0.0395797 0.0363148
0.0413164 0.0355435
0.0430531 0.0348194
0.0447899 0.0341378
0.0465266 0.0334948
0.0482633 0.0328867
0.0500000 0.0323107
0.0506000 0.0321186
0.0527899 0.0314455
0.0549798 0.0308130
0.0571696 0.0302172
0.0593595 0.0296548
0.0593750 0.0296509
0.0594238 0.0296387
0.0594727 0.0296265
0.0595703 0.0296022
0.0597656 0.0295539
0.0601563 0.0294578
0.0609375 0.0292684
0.0625000 0.0289003
0.0640625 0.0285457
0.0656250 0.0282039
0.0671875 0.0278741
0.0687500 0.0275556
0.0718750 0.0269501
0.0750000 0.0263827
0.0773438 0.0259800
0.0796875 0.0255952
0.0820313 0.0252269
0.0843750 0.0248741
0.0844963 0.0248563
0.0848718 0.0248012
0.0852472 0.0247466
0.0859982 0.0246383
0.0875000 0.0244260
0.0906250 0.0240012
0.0937500 0.0235978
0.0968750 0.0232141
0.100000 0.0228486
0.103125 0.0224997
0.106250 0.0221664
0.109375 0.0218474
0.112500 0.0215418
0.115625 0.0212487
0.118750 0.0209673
0.121875 0.0206967
0.125000 0.0204364
0.128125 0.0201856
0.131250 0.0199438
0.134375 0.0197105
0.137500 0.0194852
0.143750 0.0190569
0.150000 0.0186556
0.154624 0.0183745
0.159248 0.0181058
0.163871 0.0178485
0.168495 0.0176019
0.168750 0.0175885
0.169531 0.0175480
0.170313 0.0175077
0.171875 0.0174279
0.175000 0.0172715
0.181250 0.0169711
0.187500 0.0166857
0.193750 0.0164143
0.200000 0.0161557
0.208305 0.0158303
0.216610 0.0155238
0.224916 0.0152344
0.233221 0.0149606
0.241526 0.0147011
0.249831 0.0144547
0.258136 0.0142202
0.266441 0.0139968
0.275000 0.0137773
0.284375 0.0135482
0.293750 0.0133303
0.303125 0.0131225
0.312500 0.0129241
0.321875 0.0127345
0.331250 0.0125530
0.340625 0.0123790
0.350000 0.0122121
0.362500 0.0119996
0.375000 0.0117979
0.387500 0.0116060
0.400000 0.0114231
0.412500 0.0112486
0.425000 0.0110819
0.443750 0.0108451
0.462500 0.0106229
0.500000 0.0102167
0.531250 0.00991182
0.562500 0.00963261
0.593750 0.00937561
0.625000 0.00913804
0.687500 0.00871259
0.750000 0.00834160
0.800000 0.00807661
0.875000 0.00772275
0.937500 0.00746103
1.00000 0.00722416
1.06250 0.00700833
1.12500 0.00681062
1.18750 0.00662879
1.25000 0.00646105
1.37500 0.00616117
1.50000 0.00589871
1.59248 0.00572451
1.68495 0.00556527
1.68750 0.00556107
1.69531 0.00554827
1.70313 0.00553555
1.71875 0.00551038
1.75000 0.00546107
1.87500 0.00527618
2.00000 0.00510870
2.16610 0.00490874
2.33221 0.00473035
2.49831 0.00457028
2.66441 0.00442617
2.75000 0.00435715
2.93750 0.00421570
3.12500 0.00408668
3.31250 0.00396927
3.50000 0.00386187
3.75000 0.00373111
4.00000 0.00361266
4.25000 0.00350475
4.62500 0.00335934
5.00000 0.00323069
5.31250 0.00313468
5.62500 0.00304712
5.93750 0.00296532
6.25000 0.00288987
6.87500 0.00275562
7.50000 0.00263847
8.00000 0.00255435
8.75000 0.00244274
9.37500 0.00235992
10.0000 0.00228495
10.6250 0.00221684
11.2500 0.00215418
11.8750 0.00209652
12.5000 0.00204333
13.1250 0.00199413
13.7500 0.00194907
15.0000 0.00186552
15.9248 0.00181030
16.8495 0.00175996
16.8750 0.00175865
17.5000 0.00172738
18.7500 0.00166866
20.0000 0.00161550
21.6610 0.00155230
23.3221 0.00149590
24.9831 0.00144521
26.6441 0.00139953
27.5000 0.00137818
29.3750 0.00133296
31.2500 0.00129234
33.1250 0.00125506
35.0000 0.00122143
37.5000 0.00117984
40.0000 0.00114217
42.5000 0.00110834
46.2500 0.00106225
50.0000 0.00102147
53.1250 0.000990982
56.2500 0.000963736
59.3750 0.000937406
62.5000 0.000913769
68.7500 0.000871310
75.0000 0.000834228
80.0000 0.000807488
87.5000 0.000772429
93.7500 0.000746108
100.000 0.000722106
112.500 0.000676589
125.000 0.000637737
137.500 0.000604768
150.000 0.000576339
162.500 0.000550959
175.000 0.000528760
187.500 0.000508747
200.000 0.000490704
216.610 0.000469400
233.221 0.000450457
249.831 0.000433468
266.441 0.000418152
275.000 0.000410913
293.750 0.000396310
312.500 0.000382696
350.000 0.000359267
400.000 0.000333393
425.000 0.000322497
462.500 0.000307569
500.000 0.000294402
562.500 0.000275684
625.000 0.000260023
687.500 0.000246484
688.576 0.000246271
692.415 0.000245531
696.254 0.000244809
703.932 0.000243365
719.288 0.000240477
750.000 0.000234863
800.000 0.000226513
875.000 0.000215615
1000.00 0.000200067
1125.00 0.000193085
1250.00 0.000187166
1500.00 0.000177043
1750.00 0.000169059
2000.00 0.000162339
2181.02 0.000158159
2187.50 0.000158021
2205.08 0.000157655
2222.66 0.000157290
2257.81 0.000156560
2328.13 0.000155099
2468.75 0.000152484
2750.00 0.000147546
3125.00 0.000141960
3500.00 0.000137220
4000.00 0.000131765
4250.00 0.000129420
5000.00 0.000123307
5935.36 0.000117005
5937.50 0.000116993
6250.00 0.000115225
7500.00 0.000109111
8000.00 0.000106950
8750.00 0.000104142
10000.0 9.99910E-05
11250.0 9.29551E-05
12500.0 8.69742E-05
15000.0 7.76259E-05
17500.0 7.05060E-05
20000.0 6.47887E-05
23322.1 5.88615E-05
26644.1 5.41360E-05
27500.0 5.30905E-05
29375.0 5.09310E-05
31250.0 4.90131E-05
31676.3 4.85777E-05
33125.0 4.72504E-05
33578.9 4.68354E-05
35000.0 4.56790E-05
36649.1 4.43385E-05
36875.0 4.41784E-05
38750.0 4.28557E-05
40000.0 4.19745E-05
40625.0 4.15815E-05
42294.9 4.05334E-05
42500.0 4.04179E-05
42935.8 4.01736E-05
43371.6 3.99293E-05
44243.2 3.94408E-05
45986.3 3.84642E-05
46250.0 3.83346E-05
47187.5 3.78760E-05
48125.0 3.74173E-05
50000.0 3.65007E-05
52500.0 3.55169E-05
53025.5 3.53105E-05
55000.0 3.45979E-05
55822.7 3.43014E-05
57500.0 3.37594E-05
60000.0 3.29520E-05
62500.0 3.21977E-05
65000.0 3.14837E-05
65340.6 3.13867E-05
67500.0 3.08241E-05
70000.0 3.02042E-05
74152.3 2.92251E-05
75000.0 2.90473E-05
80000.0 2.80004E-05
84589.7 2.72180E-05
85000.0 2.71549E-05
90000.0 2.63880E-05
95000.0 2.56760E-05
100000 2.50003E-05
105000 2.44729E-05
110000 2.39589E-05
115000 2.34851E-05
120000 2.30536E-05
125000 2.26310E-05
130000 2.22370E-05
135000 2.18685E-05
140000 2.15013E-05
150000 2.17637E-05
160000 2.20242E-05
170000 2.22621E-05
180000 2.25018E-05
190000 2.40000E-05
200000 2.55014E-05
210000 2.79237E-05
220000 3.04289E-05
230000 3.29982E-05
240000 3.45000E-05
250000 3.60000E-05
260000 3.74904E-05
270000 3.37042E-05
280000 3.04047E-05
290000 2.75416E-05
300000 2.49997E-05
310000 2.24332E-05
320000 2.01887E-05
330000 1.82388E-05
340000 1.65231E-05
350000 1.50010E-05
360000 1.40609E-05
380000 1.23932E-05
400000 1.10006E-05
425000 1.00932E-05
450000 9.30147E-06
475000 8.60981E-06
500000 7.99999E-06
546277 6.95866E-06
548503 6.91265E-06
550000 6.88373E-06
560948 6.67223E-06
575000 6.41967E-06
580145 6.32720E-06
600000 6.00000E-06
625000 5.91823E-06
650000 5.83645E-06
675000 5.75468E-06
681732 5.73266E-06
700000 5.68130E-06
750000 5.54072E-06
750257 5.54000E-06
800000 5.41516E-06
806135 5.39976E-06
850000 5.30233E-06
897850 5.19604E-06
900000 5.19191E-06
950000 5.09596E-06
1.00000E+06 5.00000E-06
1.05000E+06 4.98306E-06
1.10000E+06 4.96611E-06
1.15000E+06 4.94916E-06
1.18921E+06 4.93588E-06
1.20000E+06 4.93298E-06
1.25000E+06 4.91958E-06
1.30000E+06 4.90617E-06
1.40000E+06 4.87936E-06
1.50000E+06 4.85255E-06
1.54221E+06 4.84123E-06
1.60000E+06 4.82951E-06
1.70000E+06 4.80923E-06
1.80000E+06 4.78896E-06
1.90000E+06 4.76868E-06
2.00000E+06 4.74840E-06
2.10000E+06 4.73231E-06
2.20000E+06 4.71621E-06
2.30000E+06 4.70012E-06
2.37841E+06 4.68750E-06
2.40000E+06 4.68475E-06
2.50000E+06 4.67202E-06
2.60000E+06 4.65929E-06
2.70000E+06 4.64656E-06
2.80000E+06 4.63383E-06
2.82131E+06 4.63112E-06
2.90000E+06 4.62110E-06
3.00000E+06 4.60837E-06
3.08442E+06 4.59762E-06
3.10000E+06 4.59612E-06
3.14540E+06 4.59175E-06
3.20000E+06 4.58649E-06
3.30000E+06 4.57686E-06
3.40000E+06 4.56723E-06
3.50000E+06 4.55760E-06
3.60000E+06 4.54797E-06
3.70000E+06 4.53834E-06
3.71720E+06 4.53669E-06
3.71724E+06 4.53668E-06
3.80000E+06 4.52872E-06
3.90000E+06 4.51909E-06
4.00000E+06 4.50946E-06
4.10000E+06 4.50182E-06
4.20000E+06 4.49417E-06
4.28910E+06 4.48737E-06
4.28913E+06 4.48736E-06
4.30000E+06 4.48653E-06
4.40000E+06 4.47889E-06
4.50000E+06 4.47125E-06
4.60000E+06 4.46361E-06
4.70000E+06 4.45597E-06
4.75683E+06 4.45163E-06
4.80000E+06 4.44902E-06
4.86100E+06 4.44533E-06
4.86101E+06 4.44533E-06
4.90000E+06 4.44297E-06
5.00000E+06 4.43692E-06
5.10000E+06 4.43088E-06
5.20000E+06 4.42483E-06
5.29564E+06 4.41905E-06
5.30000E+06 4.41879E-06
5.35000E+06 4.41577E-06
5.40000E+06 4.41274E-06
5.43290E+06 4.41075E-06
5.45000E+06 4.40972E-06
5.50000E+06 4.40670E-06
5.55000E+06 4.40368E-06
5.60000E+06 4.40065E-06
5.70000E+06 4.39461E-06
5.80000E+06 4.38856E-06
5.90000E+06 4.38252E-06
6.00000E+06 4.37647E-06
6.00480E+06 4.37618E-06
6.16884E+06 4.36626E-06
6.25000E+06 4.36255E-06
6.50000E+06 4.35112E-06
6.57670E+06 4.34762E-06
6.75000E+06 4.33969E-06
7.00000E+06 4.32826E-06
7.14850E+06 4.32147E-06
7.14854E+06 4.32147E-06
7.25000E+06 4.31683E-06
7.50000E+06 4.30540E-06
7.72040E+06 4.29532E-06
7.72042E+06 4.29532E-06
7.75000E+06 4.29397E-06
8.00000E+06 4.28254E-06
8.25000E+06 4.27347E-06
8.29230E+06 4.27193E-06
8.29231E+06 4.27193E-06
8.29288E+06 4.27191E-06
8.50000E+06 4.26440E-06
8.75000E+06 4.25533E-06
8.86420E+06 4.25118E-06
8.86786E+06 4.25105E-06
9.00000E+06 4.24626E-06
9.25000E+06 4.23719E-06
9.43610E+06 4.23043E-06
9.50000E+06 4.22811E-06
9.51366E+06 4.22762E-06
9.75000E+06 4.22083E-06
9.97823E+06 4.21428E-06
1.00000E+07 4.21366E-06
1.00080E+07 4.21343E-06
1.00612E+07 4.21190E-06
1.01150E+07 4.21036E-06
1.01624E+07 4.20900E-06
1.02040E+07 4.20780E-06
1.02405E+07 4.20675E-06
1.03048E+07 4.20491E-06
1.03532E+07 4.20352E-06
1.03897E+07 4.20247E-06
1.04447E+07 4.20089E-06
1.05000E+07 4.19930E-06
1.05612E+07 4.19755E-06
1.05800E+07 4.19701E-06
1.06693E+07 4.19445E-06
1.07510E+07 4.19210E-06
1.08127E+07 4.19033E-06
1.09060E+07 4.18765E-06
1.10000E+07 4.18495E-06
1.11520E+07 4.18059E-06
1.12472E+07 4.17786E-06
1.14123E+07 4.17312E-06
1.15000E+07 4.17060E-06
1.16230E+07 4.16707E-06
1.17161E+07 4.16439E-06
1.17240E+07 4.16417E-06
1.18572E+07 4.16034E-06
1.20000E+07 4.15625E-06
1.21231E+07 4.15271E-06
1.22162E+07 4.15004E-06
1.22950E+07 4.14778E-06
1.22955E+07 4.14776E-06
1.23377E+07 4.14655E-06
1.23573E+07 4.14613E-06
1.25000E+07 4.14303E-06
1.25226E+07 4.14254E-06
1.25227E+07 4.14254E-06
1.27476E+07 4.13765E-06
1.28670E+07 4.13506E-06
1.28674E+07 4.13505E-06
1.30000E+07 4.13217E-06
1.32476E+07 4.12680E-06
1.34390E+07 4.12264E-06
1.34393E+07 4.12264E-06
1.35000E+07 4.12132E-06
1.40000E+07 4.11046E-06
1.40110E+07 4.11022E-06
1.40112E+07 4.11022E-06
1.45000E+07 4.09961E-06
1.45830E+07 4.09781E-06
1.45830E+07 4.09780E-06
1.50000E+07 4.08875E-06
1.51550E+07 4.08539E-06
1.55000E+07 4.07790E-06
1.57270E+07 4.07297E-06
1.60000E+07 4.06704E-06
1.62990E+07 4.06203E-06
1.65000E+07 4.05866E-06
1.68710E+07 4.05244E-06
1.70000E+07 4.05028E-06
1.74420E+07 4.04287E-06
1.74425E+07 4.04287E-06
1.75000E+07 4.04190E-06
1.80000E+07 4.03352E-06
1.80140E+07 4.03329E-06
1.80143E+07 4.03328E-06
1.85000E+07 4.02514E-06
1.85860E+07 4.02370E-06
1.85862E+07 4.02370E-06
1.90000E+07 4.01676E-06
1.91580E+07 4.01411E-06
1.91581E+07 4.01411E-06
1.95000E+07 4.00838E-06
1.97300E+07 4.00453E-06
2.00000E+07 4.00000E-06
