Be-9(n,g) ENDFB-8.0
Energy(eV) XS(b)
1.00000E-05 0.504006
1.03125E-05 0.496311
1.06250E-05 0.488958
1.09375E-05 0.481922
1.12500E-05 0.475181
1.15625E-05 0.468716
1.18750E-05 0.462508
1.21875E-05 0.456539
1.25000E-05 0.450797
1.28125E-05 0.445265
1.31250E-05 0.439932
1.34375E-05 0.434787
1.37500E-05 0.429818
1.43750E-05 0.420370
1.50000E-05 0.411519
1.56250E-05 0.403204
1.62500E-05 0.395374
1.68750E-05 0.387984
1.75000E-05 0.380992
1.81250E-05 0.374366
1.87500E-05 0.368073
1.93750E-05 0.362088
2.00000E-05 0.356385
2.09375E-05 0.348315
2.18750E-05 0.340769
2.28125E-05 0.333694
2.37500E-05 0.327041
2.46875E-05 0.320772
2.56250E-05 0.314849
2.65625E-05 0.309243
2.75000E-05 0.303926
2.84375E-05 0.298874
2.93750E-05 0.294066
3.03125E-05 0.289483
3.12500E-05 0.285108
3.21875E-05 0.280925
3.31250E-05 0.276921
3.40625E-05 0.273083
3.50000E-05 0.269401
3.59375E-05 0.265864
3.68750E-05 0.262463
3.78125E-05 0.259188
3.87500E-05 0.256034
3.96875E-05 0.252992
4.06250E-05 0.250055
4.25000E-05 0.244477
4.43750E-05 0.239256
4.62500E-05 0.234356
4.81250E-05 0.229745
5.00000E-05 0.225396
5.15625E-05 0.221955
5.31250E-05 0.218667
5.46875E-05 0.215520
5.62500E-05 0.212506
5.78125E-05 0.209614
5.93750E-05 0.206838
6.09375E-05 0.204169
6.25000E-05 0.201600
6.40625E-05 0.199126
6.56250E-05 0.196742
6.71875E-05 0.194440
6.87500E-05 0.192218
7.18750E-05 0.187993
7.50000E-05 0.184034
7.81250E-05 0.180316
8.12500E-05 0.176814
8.43750E-05 0.173509
8.75000E-05 0.170382
9.06250E-05 0.167419
9.37500E-05 0.164605
9.68750E-05 0.161928
0.000100000 0.159378
0.000103125 0.156944
0.000106250 0.154619
0.000109375 0.152394
0.000112500 0.150262
0.000115625 0.148218
0.000118750 0.146254
0.000121875 0.144367
0.000125000 0.142551
0.000128125 0.140802
0.000131250 0.139115
0.000134375 0.137488
0.000137500 0.135917
0.000143750 0.132929
0.000150000 0.130130
0.000156250 0.127501
0.000162500 0.125025
0.000168750 0.122687
0.000175000 0.120476
0.000181250 0.118381
0.000187500 0.116391
0.000193750 0.114498
0.000200000 0.112695
0.000209375 0.110143
0.000218750 0.107756
0.000228125 0.105519
0.000237500 0.103415
0.000246875 0.101432
0.000256250 0.0995592
0.000265625 0.0977863
0.000275000 0.0961048
0.000284375 0.0945072
0.000293750 0.0929867
0.000303125 0.0915373
0.000312500 0.0901536
0.000321875 0.0888309
0.000331250 0.0875646
0.000340625 0.0863510
0.000350000 0.0851866
0.000359375 0.0840679
0.000368750 0.0829922
0.000378125 0.0819568
0.000387500 0.0809592
0.000396875 0.0799971
0.000406250 0.0790685
0.000425000 0.0773044
0.000443750 0.0756533
0.000462500 0.0741036
0.000481250 0.0726455
0.000500000 0.0712701
0.000515625 0.0701817
0.000531250 0.0691417
0.000546875 0.0681466
0.000562500 0.0671933
0.000578125 0.0662789
0.000593750 0.0654008
0.000609375 0.0645567
0.000625000 0.0637444
0.000640625 0.0629621
0.000656250 0.0622078
0.000671875 0.0614800
0.000687500 0.0607772
0.000718750 0.0594409
0.000750000 0.0581891
0.000781250 0.0570131
0.000812500 0.0559056
0.000843750 0.0548603
0.000875000 0.0538714
0.000906250 0.0529342
0.000937500 0.0520442
0.000968750 0.0511976
0.00100000 0.0503910
0.00103125 0.0496214
0.00106250 0.0488860
0.00109375 0.0481823
0.00112500 0.0475082
0.00115625 0.0468615
0.00118750 0.0462406
0.00121875 0.0456437
0.00125000 0.0450693
0.00128125 0.0445161
0.00131250 0.0439827
0.00134375 0.0434681
0.00137500 0.0429711
0.00143750 0.0420262
0.00150000 0.0411409
0.00156250 0.0403094
0.00162500 0.0395262
0.00168750 0.0387870
0.00175000 0.0380878
0.00181250 0.0374250
0.00187500 0.0367957
0.00193750 0.0361971
0.00200000 0.0356268
0.00209375 0.0348196
0.00218750 0.0340649
0.00228125 0.0333573
0.00237500 0.0326920
0.00246875 0.0320649
0.00256250 0.0314726
0.00265625 0.0309120
0.00275000 0.0303802
0.00284375 0.0298750
0.00293750 0.0293942
0.00303125 0.0289359
0.00312500 0.0284983
0.00321875 0.0280800
0.00331250 0.0276796
0.00340625 0.0272959
0.00350000 0.0269277
0.00359375 0.0265740
0.00368750 0.0262339
0.00378125 0.0259065
0.00387500 0.0255911
0.00396875 0.0252869
0.00406250 0.0249934
0.00425000 0.0244357
0.00443750 0.0239137
0.00462500 0.0234238
0.00481250 0.0229629
0.00500000 0.0225282
0.00515625 0.0221842
0.00531250 0.0218555
0.00546875 0.0215411
0.00562500 0.0212398
0.00578125 0.0209508
0.00593750 0.0206734
0.00609375 0.0204067
0.00625000 0.0201500
0.00640625 0.0199029
0.00656250 0.0196646
0.00671875 0.0194347
0.00687500 0.0192127
0.00718750 0.0187906
0.00750000 0.0183953
0.00781250 0.0180239
0.00812500 0.0176742
0.00843750 0.0173442
0.00875000 0.0170320
0.00906250 0.0167361
0.00937500 0.0164552
0.00968750 0.0161881
0.0100000 0.0159335
0.0103125 0.0156907
0.0106250 0.0154587
0.0109375 0.0152367
0.0112500 0.0150240
0.0115625 0.0148200
0.0118750 0.0146242
0.0121875 0.0144359
0.0125000 0.0142548
0.0128125 0.0140803
0.0131250 0.0139121
0.0134375 0.0137498
0.0137500 0.0135931
0.0143750 0.0132952
0.0150000 0.0130161
0.0156250 0.0127540
0.0162500 0.0125071
0.0168750 0.0122741
0.0175000 0.0120537
0.0181250 0.0118448
0.0187500 0.0116464
0.0193750 0.0114577
0.0200000 0.0112779
0.0206625 0.0110963
0.0213250 0.0109232
0.0219875 0.0107579
0.0226500 0.0106000
0.0233125 0.0104488
0.0239750 0.0103039
0.0246375 0.0101649
0.0253000 0.0100314
0.0264578 0.00981018
0.0276156 0.00960298
0.0287734 0.00940837
0.0299313 0.00922513
0.0310891 0.00905218
0.0322469 0.00888861
0.0334047 0.00873358
0.0345625 0.00858639
0.0355274 0.00846925
0.0364922 0.00835677
0.0374570 0.00824864
0.0384219 0.00814461
0.0403516 0.00794782
0.0422813 0.00776462
0.0442109 0.00759352
0.0461406 0.00743325
0.0480703 0.00728271
0.0500000 0.00714095
0.0515625 0.00703204
0.0531250 0.00692797
0.0546875 0.00682838
0.0562500 0.00673296
0.0593750 0.00655355
0.0625000 0.00638776
0.0656250 0.00623394
0.0687500 0.00609073
0.0718750 0.00595695
0.0750000 0.00583161
0.0781250 0.00571387
0.0812500 0.00560297
0.0843750 0.00549829
0.0875000 0.00539926
0.0906250 0.00530538
0.0937500 0.00521624
0.0968750 0.00513144
0.100000 0.00505064
0.103125 0.00497353
0.106250 0.00489985
0.112500 0.00476180
0.118750 0.00463478
0.125000 0.00451741
0.131250 0.00440852
0.137500 0.00430714
0.143750 0.00421244
0.150000 0.00412372
0.156250 0.00404037
0.162500 0.00396188
0.168750 0.00388779
0.175000 0.00381771
0.181250 0.00375128
0.187500 0.00368820
0.200000 0.00357104
0.209375 0.00349014
0.218750 0.00341449
0.228125 0.00334355
0.237500 0.00327686
0.246875 0.00321399
0.256250 0.00315461
0.265625 0.00309840
0.275000 0.00304509
0.293750 0.00294623
0.312500 0.00285642
0.331250 0.00277435
0.350000 0.00269898
0.368750 0.00262944
0.387500 0.00256503
0.406250 0.00250514
0.425000 0.00244926
0.443750 0.00239697
0.462500 0.00234789
0.500000 0.00225815
0.531250 0.00219073
0.562500 0.00212898
0.593750 0.00207216
0.625000 0.00201964
0.687500 0.00192556
0.750000 0.00184351
0.812500 0.00177119
0.875000 0.00170682
0.937500 0.00164898
1.00000 0.00159657
1.06250 0.00154881
1.12500 0.00150506
1.18750 0.00146482
1.25000 0.00142764
1.37500 0.00136104
1.50000 0.00130297
1.62500 0.00125177
1.75000 0.00120624
1.87500 0.00116533
2.00000 0.00112820
2.18750 0.00107860
2.37500 0.00103505
2.56250 0.000996388
2.75000 0.000961834
2.93750 0.000930637
3.12500 0.000902220
3.31250 0.000876245
3.50000 0.000852390
3.87500 0.000809994
4.25000 0.000773349
4.62500 0.000741263
5.00000 0.000712914
5.31250 0.000691625
5.62500 0.000672090
6.25000 0.000637516
6.87500 0.000607778
7.50000 0.000581844
8.12500 0.000558968
8.75000 0.000538648
9.37500 0.000520393
10.0000 0.000503836
11.2500 0.000475083
12.5000 0.000450769
13.7500 0.000429851
15.0000 0.000411605
16.2500 0.000395506
17.5000 0.000381196
20.0000 0.000356661
21.8750 0.000341064
23.7500 0.000327366
27.5000 0.000304319
31.2500 0.000285549
35.0000 0.000269863
38.7500 0.000256512
42.5000 0.000244969
50.0000 0.000225916
56.2500 0.000213042
62.5000 0.000202142
68.7500 0.000192764
75.0000 0.000184583
87.5000 0.000170940
100.000 0.000159939
112.500 0.000150808
125.000 0.000143083
150.000 0.000130639
175.000 0.000120970
200.000 0.000113173
237.500 0.000103871
275.000 9.65457E-05
312.500 9.05811E-05
350.000 8.56005E-05
425.000 7.76962E-05
500.000 7.16449E-05
625.000 6.40962E-05
750.000 5.85224E-05
875.000 5.41905E-05
1000.00 5.06984E-05
1250.00 4.54208E-05
1500.00 4.15195E-05
1750.00 3.84840E-05
2000.00 3.60345E-05
2750.00 3.08033E-05
3500.00 2.73534E-05
4250.00 2.48587E-05
5000.00 2.29465E-05
6250.00 2.05581E-05
7500.00 1.87924E-05
8750.00 1.74185E-05
10000.0 1.63098E-05
12500.0 1.46449E-05
15000.0 1.34116E-05
17500.0 1.24502E-05
20000.0 1.16734E-05
27500.0 1.00598E-05
35000.0 8.98809E-06
40000.0 8.44457E-06
42500.0 8.21178E-06
50000.0 7.61890E-06
59375.0 7.03846E-06
60000.0 7.00457E-06
62500.0 6.87957E-06
68750.0 6.59633E-06
75000.0 6.34795E-06
80000.0 6.16978E-06
87500.0 5.93150E-06
100000 5.59341E-06
125000 5.08429E-06
150000 4.70292E-06
175000 4.41374E-06
200000 4.17767E-06
225000 3.98658E-06
250000 3.82306E-06
275000 3.68684E-06
300000 3.56673E-06
325000 3.46073E-06
350000 3.36540E-06
375000 3.27946E-06
400000 3.20105E-06
410000 3.17343E-06
420000 3.14671E-06
430000 3.12083E-06
440000 3.09575E-06
450000 3.07143E-06
460000 3.04784E-06
470000 3.02492E-06
480000 3.00265E-06
490000 2.98101E-06
500000 2.95995E-06
510000 2.94096E-06
520000 2.92246E-06
530000 2.90443E-06
540000 2.88684E-06
550000 2.86968E-06
560000 2.85292E-06
570000 2.83656E-06
580000 2.82057E-06
590000 2.80495E-06
600000 2.78967E-06
605000 2.78243E-06
610000 2.77527E-06
615000 2.76819E-06
616000 2.76678E-06
617000 2.76538E-06
618000 2.76398E-06
619000 2.76258E-06
620000 2.76118E-06
621000 2.75979E-06
622000 2.75840E-06
623000 2.75701E-06
624000 2.75563E-06
625000 2.75425E-06
630000 2.74739E-06
635000 2.74060E-06
640000 2.73388E-06
645000 2.72723E-06
650000 2.72064E-06
655000 2.71413E-06
660000 2.70767E-06
665000 2.70128E-06
667153 2.69855E-06
667153 2.69855E-06
670000 2.69496E-06
675000 2.68869E-06
680000 2.68249E-06
685000 2.67635E-06
690000 2.67026E-06
695000 2.66423E-06
700000 2.65826E-06
705000 2.65224E-06
710000 2.64627E-06
715000 2.64035E-06
720000 2.63450E-06
725000 2.62869E-06
730000 2.62294E-06
735000 2.61723E-06
740000 2.61158E-06
745000 2.60598E-06
750000 2.60043E-06
755000 2.59493E-06
760000 2.58948E-06
765000 2.58407E-06
770000 2.57871E-06
775000 2.57339E-06
780000 2.56812E-06
785000 2.56289E-06
790000 2.55771E-06
795000 2.55257E-06
800000 2.54748E-06
801000 2.54658E-06
802000 2.54568E-06
803000 2.54479E-06
804000 2.54390E-06
805000 2.54300E-06
806000 2.54211E-06
807000 2.54122E-06
808000 2.54034E-06
809000 2.53945E-06
810000 2.53857E-06
811000 2.53768E-06
812000 2.53680E-06
813000 2.53592E-06
814000 2.53504E-06
815000 2.53416E-06
816000 2.53329E-06
817000 2.53241E-06
818000 2.53154E-06
819000 2.53067E-06
820000 2.52980E-06
825000 2.52546E-06
830000 2.52116E-06
835000 2.51689E-06
840000 2.51266E-06
845000 2.50846E-06
860000 2.49604E-06
870000 2.48791E-06
880000 2.47991E-06
890000 2.47201E-06
900000 2.46424E-06
950000 2.42533E-06
1.00000E+06 2.38899E-06
1.05000E+06 2.35889E-06
1.10000E+06 2.33055E-06
1.15000E+06 2.30378E-06
1.20000E+06 2.27845E-06
1.30000E+06 2.23155E-06
1.40000E+06 2.18899E-06
1.50000E+06 2.15009E-06
1.60000E+06 2.12048E-06
1.74883E+06 2.08033E-06
1.74883E+06 2.08033E-06
1.80000E+06 2.06747E-06
1.90000E+06 2.04359E-06
2.00000E+06 2.02119E-06
2.10000E+06 2.00223E-06
2.20000E+06 1.98431E-06
2.30000E+06 1.96735E-06
2.40000E+06 1.95124E-06
2.50000E+06 1.93591E-06
2.60000E+06 1.92278E-06
2.65000E+06 1.91644E-06
2.70000E+06 1.91024E-06
2.71000E+06 1.90901E-06
2.72000E+06 1.90779E-06
2.73000E+06 1.90658E-06
2.74000E+06 1.90537E-06
2.75000E+06 1.90417E-06
2.76000E+06 1.90297E-06
2.77000E+06 1.90177E-06
2.80000E+06 1.89822E-06
2.90000E+06 1.88670E-06
3.00000E+06 1.87564E-06
3.10000E+06 1.86602E-06
3.20000E+06 1.85676E-06
3.30000E+06 1.84782E-06
3.40000E+06 1.83919E-06
3.50000E+06 1.83085E-06
3.60000E+06 1.82429E-06
3.70000E+06 1.81794E-06
3.80000E+06 1.81177E-06
3.90000E+06 1.80579E-06
4.00000E+06 1.79998E-06
4.10000E+06 1.79419E-06
4.20000E+06 1.78857E-06
4.30000E+06 1.78309E-06
4.40000E+06 1.77775E-06
4.50000E+06 1.77255E-06
4.60000E+06 1.76857E-06
4.70000E+06 1.76469E-06
4.80000E+06 1.76089E-06
4.90000E+06 1.75718E-06
5.00000E+06 1.75355E-06
5.10000E+06 1.74971E-06
5.20000E+06 1.74594E-06
5.30000E+06 1.74225E-06
5.40000E+06 1.73865E-06
5.50000E+06 1.73511E-06
5.90000E+06 1.72561E-06
6.00000E+06 1.72335E-06
6.25000E+06 1.71766E-06
6.45000E+06 1.71329E-06
6.50000E+06 1.71222E-06
7.00000E+06 1.70197E-06
7.10000E+06 1.70051E-06
7.50000E+06 1.69488E-06
8.00000E+06 1.68826E-06
8.40000E+06 1.68416E-06
9.00000E+06 1.67836E-06
9.10000E+06 1.67761E-06
9.50000E+06 1.67468E-06
1.00000E+07 1.67120E-06
1.07000E+07 1.66834E-06
1.10000E+07 1.66718E-06
1.16085E+07 1.66491E-06
1.16085E+07 1.66491E-06
1.20000E+07 1.66351E-06
1.21400E+07 1.66329E-06
1.21400E+07 1.66329E-06
1.25000E+07 1.66272E-06
1.30000E+07 1.66196E-06
1.31000E+07 1.66182E-06
1.33000E+07 1.66152E-06
1.36000E+07 1.66109E-06
1.40000E+07 1.66053E-06
1.42660E+07 1.66049E-06
1.42660E+07 1.66049E-06
1.45000E+07 1.66045E-06
1.46500E+07 1.66042E-06
1.50000E+07 1.66037E-06
1.52000E+07 1.66033E-06
1.56500E+07 1.66026E-06
1.59500E+07 1.66022E-06
1.60000E+07 1.66021E-06
1.63008E+07 1.66065E-06
1.63008E+07 1.66065E-06
1.65000E+07 1.66094E-06
1.65500E+07 1.66101E-06
1.67000E+07 1.66122E-06
1.69500E+07 1.66157E-06
1.70000E+07 1.66164E-06
1.71000E+07 1.66178E-06
1.73500E+07 1.66212E-06
1.78500E+07 1.66280E-06
1.80000E+07 1.66299E-06
1.82000E+07 1.66331E-06
1.85000E+07 1.66377E-06
1.89000E+07 1.66437E-06
1.90000E+07 1.66452E-06
1.95000E+07 1.66525E-06
2.00000E+07 1.66596E-06
