N-14(n,g) ENDFB-8.0
Energy(eV) XS(b)
1.00000E-05 3.77192
1.03125E-05 3.71433
1.06250E-05 3.65930
1.09375E-05 3.60664
1.12500E-05 3.55620
1.15625E-05 3.50781
1.18750E-05 3.46135
1.21875E-05 3.41668
1.25000E-05 3.37371
1.28125E-05 3.33231
1.31250E-05 3.29240
1.34375E-05 3.25389
1.37500E-05 3.21670
1.43750E-05 3.14600
1.50000E-05 3.07976
1.56250E-05 3.01753
1.62500E-05 2.95894
1.68750E-05 2.90362
1.75000E-05 2.85130
1.81250E-05 2.80171
1.87500E-05 2.75462
1.93750E-05 2.70983
2.00000E-05 2.66715
2.09375E-05 2.60675
2.18750E-05 2.55028
2.28125E-05 2.49733
2.37500E-05 2.44754
2.46875E-05 2.40062
2.56250E-05 2.35630
2.65625E-05 2.31434
2.75000E-05 2.27455
2.84375E-05 2.23675
2.93750E-05 2.20076
3.03125E-05 2.16646
3.12500E-05 2.13372
3.21875E-05 2.10242
3.31250E-05 2.07245
3.40625E-05 2.04373
3.50000E-05 2.01618
3.59375E-05 1.98970
3.68750E-05 1.96425
3.78125E-05 1.93975
3.87500E-05 1.91614
3.96875E-05 1.89337
4.06250E-05 1.87140
4.25000E-05 1.82965
4.43750E-05 1.79058
4.62500E-05 1.75391
4.81250E-05 1.71940
5.00000E-05 1.68685
5.15625E-05 1.66110
5.31250E-05 1.63649
5.46875E-05 1.61294
5.62500E-05 1.59038
5.78125E-05 1.56874
5.93750E-05 1.54796
6.09375E-05 1.52799
6.25000E-05 1.50877
6.40625E-05 1.49026
6.56250E-05 1.47241
6.71875E-05 1.45519
6.87500E-05 1.43856
7.18750E-05 1.40694
7.50000E-05 1.37731
7.81250E-05 1.34949
8.12500E-05 1.32328
8.43750E-05 1.29854
8.75000E-05 1.27514
9.06250E-05 1.25297
9.37500E-05 1.23191
9.68750E-05 1.21187
0.000100000 1.19279
0.000103125 1.17458
0.000106250 1.15717
0.000109375 1.14052
0.000112500 1.12457
0.000115625 1.10927
0.000118750 1.09458
0.000121875 1.08045
0.000125000 1.06686
0.000128125 1.05377
0.000131250 1.04115
0.000134375 1.02897
0.000137500 1.01721
0.000143750 0.994855
0.000150000 0.973909
0.000156250 0.954232
0.000162500 0.935701
0.000168750 0.918210
0.000175000 0.901665
0.000181250 0.885983
0.000187500 0.871091
0.000193750 0.856926
0.000200000 0.843431
0.000209375 0.824332
0.000218750 0.806475
0.000228125 0.789729
0.000237500 0.773986
0.000246875 0.759148
0.000256250 0.745132
0.000265625 0.731865
0.000275000 0.719282
0.000284375 0.707326
0.000293750 0.695948
0.000303125 0.685101
0.000312500 0.674747
0.000321875 0.664848
0.000331250 0.655372
0.000340625 0.646291
0.000350000 0.637576
0.000359375 0.629205
0.000368750 0.621156
0.000378125 0.613407
0.000387500 0.605942
0.000396875 0.598742
0.000406250 0.591793
0.000425000 0.578592
0.000443750 0.566237
0.000462500 0.554641
0.000481250 0.543729
0.000500000 0.533437
0.000515625 0.525292
0.000531250 0.517510
0.000546875 0.510064
0.000562500 0.502930
0.000578125 0.496087
0.000593750 0.489516
0.000609375 0.483200
0.000625000 0.477122
0.000640625 0.471268
0.000656250 0.465624
0.000671875 0.460178
0.000687500 0.454919
0.000718750 0.444919
0.000750000 0.435552
0.000781250 0.426752
0.000812500 0.418465
0.000843750 0.410643
0.000875000 0.403244
0.000906250 0.396231
0.000937500 0.389571
0.000968750 0.383237
0.00100000 0.377201
0.00103125 0.371442
0.00106250 0.365940
0.00109375 0.360674
0.00112500 0.355630
0.00115625 0.350791
0.00118750 0.346145
0.00121875 0.341679
0.00125000 0.337381
0.00128125 0.333242
0.00131250 0.329251
0.00134375 0.325400
0.00137500 0.321681
0.00143750 0.314611
0.00150000 0.307987
0.00156250 0.301765
0.00162500 0.295905
0.00168750 0.290374
0.00175000 0.285142
0.00181250 0.280183
0.00187500 0.275474
0.00193750 0.270995
0.00200000 0.266727
0.00209375 0.260688
0.00218750 0.255041
0.00228125 0.249746
0.00237500 0.244767
0.00246875 0.240075
0.00256250 0.235643
0.00265625 0.231448
0.00275000 0.227469
0.00284375 0.223688
0.00293750 0.220090
0.00303125 0.216660
0.00312500 0.213386
0.00321875 0.210256
0.00331250 0.207259
0.00340625 0.204388
0.00350000 0.201632
0.00359375 0.198985
0.00368750 0.196439
0.00378125 0.193989
0.00387500 0.191628
0.00396875 0.189352
0.00406250 0.187155
0.00425000 0.182980
0.00443750 0.179073
0.00462500 0.175406
0.00481250 0.171955
0.00500000 0.168701
0.00515625 0.166125
0.00531250 0.163664
0.00546875 0.161310
0.00562500 0.159054
0.00578125 0.156890
0.00593750 0.154812
0.00609375 0.152815
0.00625000 0.150893
0.00640625 0.149041
0.00656250 0.147257
0.00671875 0.145534
0.00687500 0.143871
0.00718750 0.140709
0.00750000 0.137747
0.00781250 0.134964
0.00812500 0.132344
0.00843750 0.129870
0.00875000 0.127530
0.00906250 0.125312
0.00937500 0.123206
0.00968750 0.121203
0.0100000 0.119294
0.0103125 0.117473
0.0106250 0.115733
0.0109375 0.114068
0.0112500 0.112473
0.0115625 0.110942
0.0118750 0.109473
0.0121875 0.108060
0.0125000 0.106701
0.0128125 0.105392
0.0131250 0.104130
0.0134375 0.102912
0.0137500 0.101736
0.0143750 0.0994996
0.0150000 0.0974046
0.0156250 0.0954365
0.0162500 0.0935831
0.0168750 0.0918336
0.0175000 0.0901786
0.0181250 0.0886100
0.0187500 0.0871203
0.0193750 0.0857034
0.0200000 0.0843533
0.0206625 0.0829896
0.0213250 0.0816899
0.0219875 0.0804494
0.0226500 0.0792637
0.0233125 0.0781288
0.0239750 0.0770413
0.0246375 0.0759979
0.0253000 0.0749958
0.0264578 0.0733355
0.0276156 0.0717807
0.0287734 0.0703207
0.0299313 0.0689461
0.0310891 0.0676490
0.0322469 0.0664224
0.0334047 0.0652600
0.0345625 0.0641566
0.0355274 0.0632785
0.0364922 0.0624354
0.0374570 0.0616252
0.0384219 0.0608456
0.0393867 0.0600948
0.0403516 0.0593712
0.0413164 0.0586730
0.0422813 0.0579989
0.0442109 0.0567174
0.0461406 0.0555172
0.0480703 0.0543900
0.0500000 0.0533287
0.0515625 0.0525134
0.0531250 0.0517344
0.0546875 0.0509890
0.0562500 0.0502749
0.0578125 0.0495900
0.0593750 0.0489323
0.0609375 0.0483001
0.0625000 0.0476918
0.0640625 0.0471058
0.0656250 0.0465409
0.0671875 0.0459959
0.0687500 0.0454696
0.0718750 0.0444688
0.0750000 0.0435313
0.0781250 0.0426507
0.0812500 0.0418213
0.0843750 0.0410385
0.0875000 0.0402980
0.0906250 0.0395961
0.0937500 0.0389296
0.0968750 0.0382957
0.100000 0.0376917
0.103125 0.0371154
0.106250 0.0365647
0.109375 0.0360379
0.112500 0.0355331
0.115625 0.0350491
0.118750 0.0345842
0.121875 0.0341374
0.125000 0.0337075
0.128125 0.0332934
0.131250 0.0328942
0.134375 0.0325090
0.137500 0.0321370
0.143750 0.0314298
0.150000 0.0307673
0.156250 0.0301449
0.162500 0.0295587
0.168750 0.0290053
0.175000 0.0284819
0.181250 0.0279858
0.187500 0.0275147
0.193750 0.0270666
0.200000 0.0266396
0.206250 0.0262323
0.212500 0.0258431
0.218750 0.0254707
0.225000 0.0251139
0.231250 0.0247717
0.237500 0.0244432
0.243750 0.0241274
0.250000 0.0238236
0.256250 0.0235309
0.262500 0.0232488
0.268750 0.0229767
0.275000 0.0227138
0.287500 0.0222140
0.300000 0.0217458
0.312500 0.0213059
0.325000 0.0208916
0.337500 0.0205005
0.350000 0.0201305
0.362500 0.0197798
0.375000 0.0194468
0.387500 0.0191301
0.400000 0.0188284
0.412500 0.0185406
0.425000 0.0182656
0.437500 0.0180025
0.450000 0.0177506
0.462500 0.0175091
0.475000 0.0172771
0.500000 0.0168397
0.531250 0.0163366
0.562500 0.0158757
0.593750 0.0154516
0.625000 0.0150596
0.687500 0.0143574
0.750000 0.0137451
0.812500 0.0132053
0.875000 0.0127252
0.937500 0.0122939
1.00000 0.0119032
1.06250 0.0115475
1.12500 0.0112220
1.18750 0.0109226
1.25000 0.0106460
1.37500 0.0101505
1.50000 0.00971841
1.62500 0.00933730
1.75000 0.00899861
1.87500 0.00869429
2.00000 0.00841818
2.12500 0.00816673
2.25000 0.00793657
2.37500 0.00772485
2.50000 0.00752923
2.75000 0.00717882
3.00000 0.00687322
3.25000 0.00660362
3.50000 0.00636414
3.75000 0.00614897
4.00000 0.00595363
4.25000 0.00577581
4.50000 0.00561303
4.75000 0.00546330
5.00000 0.00532515
5.31250 0.00516633
5.62500 0.00502074
5.93750 0.00488680
6.25000 0.00476305
6.87500 0.00454138
7.50000 0.00434806
8.12500 0.00417750
8.75000 0.00402595
9.37500 0.00388980
10.0000 0.00376624
10.6250 0.00365377
11.2500 0.00355081
11.8750 0.00345609
12.5000 0.00336858
13.7500 0.00321182
15.0000 0.00307509
16.2500 0.00295447
17.5000 0.00284723
18.7500 0.00275089
20.0000 0.00266353
21.2500 0.00258400
22.5000 0.00251119
23.7500 0.00244422
25.0000 0.00238233
27.5000 0.00227148
30.0000 0.00217479
32.5000 0.00208949
35.0000 0.00201361
37.5000 0.00194544
40.0000 0.00188367
42.5000 0.00182743
45.0000 0.00177595
47.5000 0.00172859
50.0000 0.00168485
53.1250 0.00163458
56.2500 0.00158854
59.3750 0.00154618
62.5000 0.00150703
68.7500 0.00143692
75.0000 0.00137576
81.2500 0.00132181
87.5000 0.00127378
93.7500 0.00123064
100.000 0.00119157
106.250 0.00115600
112.500 0.00112344
118.750 0.00109349
125.000 0.00106581
137.500 0.00101622
150.000 0.000972972
162.500 0.000934816
175.000 0.000900844
187.500 0.000870330
200.000 0.000842701
212.500 0.000817548
225.000 0.000794521
237.500 0.000773337
250.000 0.000753763
275.000 0.000718697
300.000 0.000688112
325.000 0.000661128
350.000 0.000637099
375.000 0.000615515
400.000 0.000595977
425.000 0.000578189
450.000 0.000561905
475.000 0.000546924
500.000 0.000533084
531.250 0.000517176
562.500 0.000502610
593.750 0.000489211
625.000 0.000476829
687.500 0.000454648
750.000 0.000435300
812.500 0.000418231
875.000 0.000403028
937.500 0.000389372
1000.00 0.000377013
1062.50 0.000365782
1125.00 0.000355499
1187.50 0.000346039
1250.00 0.000337297
1375.00 0.000321635
1500.00 0.000307973
1625.00 0.000295918
1750.00 0.000285180
1875.00 0.000275534
2000.00 0.000266805
2125.00 0.000258857
2250.00 0.000251580
2375.00 0.000244885
2500.00 0.000238699
2750.00 0.000227616
3000.00 0.000217947
3250.00 0.000209417
3500.00 0.000201817
3750.00 0.000194991
4000.00 0.000188813
4250.00 0.000183189
4500.00 0.000178039
4750.00 0.000173301
5000.00 0.000168923
5250.00 0.000164862
5500.00 0.000161080
5750.00 0.000157548
6000.00 0.000154238
6250.00 0.000151129
6500.00 0.000148201
6750.00 0.000145437
7000.00 0.000142823
7500.00 0.000137992
8000.00 0.000133620
8500.00 0.000129640
9000.00 0.000125995
9500.00 0.000122643
10000.0 0.000119545
10625.0 0.000115984
11250.0 0.000112723
11875.0 0.000109724
12500.0 0.000106952
13750.0 0.000101986
15000.0 9.76543E-05
16250.0 9.38320E-05
17500.0 9.04269E-05
18750.0 8.73680E-05
20000.0 8.46001E-05
22500.0 7.97727E-05
25000.0 7.56884E-05
27500.0 7.21742E-05
30000.0 6.91086E-05
32500.0 6.64036E-05
35000.0 6.39938E-05
37500.0 6.18291E-05
40000.0 5.98703E-05
42500.0 5.80868E-05
45000.0 5.64541E-05
47500.0 5.49518E-05
50000.0 5.35637E-05
57500.0 4.99566E-05
59375.0 4.91694E-05
61250.0 4.84142E-05
65000.0 4.69930E-05
80000.0 4.23694E-05
100000 3.79063E-05
105000 3.69949E-05
110000 3.61463E-05
115000 3.53536E-05
120000 3.46110E-05
125000 3.39133E-05
130000 3.32563E-05
135000 3.26361E-05
140000 3.20494E-05
150000 3.09652E-05
160000 2.99842E-05
169699 2.91167E-05
169700 2.91167E-05
180000 2.82733E-05
190000 2.75209E-05
200000 2.68257E-05
212500 2.60267E-05
225000 2.52951E-05
237500 2.46220E-05
250000 2.40000E-05
262500 2.42665E-05
275000 2.45330E-05
287500 2.47996E-05
300000 2.50661E-05
312500 2.53326E-05
325000 2.55991E-05
337500 2.58657E-05
350000 2.61322E-05
375000 2.66652E-05
400000 2.71983E-05
410000 2.74115E-05
420000 2.76247E-05
422000 2.76673E-05
424000 2.77100E-05
425000 2.77313E-05
426000 2.77526E-05
427000 2.77739E-05
428000 2.77953E-05
429000 2.78166E-05
430000 2.78379E-05
430200 2.78422E-05
430400 2.78464E-05
430600 2.78507E-05
430800 2.78550E-05
431000 2.78592E-05
431200 2.78635E-05
431400 2.78678E-05
431600 2.78720E-05
431800 2.78763E-05
432000 2.78806E-05
432200 2.78848E-05
432400 2.78891E-05
432600 2.78933E-05
432800 2.78976E-05
433000 2.79019E-05
433200 2.79061E-05
433400 2.79104E-05
433600 2.79147E-05
433800 2.79189E-05
434000 2.79232E-05
434200 2.79275E-05
434400 2.79317E-05
434600 2.79360E-05
434800 2.79403E-05
435000 2.79445E-05
436000 2.79658E-05
437000 2.79872E-05
438000 2.80085E-05
439000 2.80298E-05
440000 2.80511E-05
442000 2.80938E-05
444000 2.81364E-05
446000 2.81791E-05
448000 2.82217E-05
450000 2.82643E-05
455000 2.83710E-05
460000 2.84776E-05
465000 2.85842E-05
470000 2.86908E-05
472000 2.87334E-05
474000 2.87761E-05
476000 2.88187E-05
478000 2.88614E-05
480000 2.89040E-05
482000 2.89466E-05
484000 2.89893E-05
486000 2.90319E-05
488000 2.90746E-05
489000 2.90959E-05
490000 2.91172E-05
490600 2.91300E-05
491000 2.91385E-05
491200 2.91428E-05
491800 2.91556E-05
492000 2.91599E-05
493000 2.91812E-05
494000 2.92025E-05
496000 2.92451E-05
498000 2.92878E-05
500000 2.93304E-05
502000 2.93731E-05
504000 2.94157E-05
506000 2.94584E-05
508000 2.95010E-05
510000 2.95436E-05
515000 2.96503E-05
520000 2.97569E-05
530000 2.99701E-05
540000 3.01833E-05
550000 3.03965E-05
560000 3.06097E-05
570000 3.08229E-05
580000 3.10362E-05
590000 3.12494E-05
600000 3.14626E-05
605000 3.15692E-05
610000 3.16758E-05
612000 3.17185E-05
614000 3.17611E-05
616000 3.18037E-05
618000 3.18464E-05
620000 3.18890E-05
622000 3.19317E-05
624000 3.19743E-05
625000 3.19956E-05
626000 3.20170E-05
628000 3.20596E-05
630000 3.21023E-05
635000 3.22089E-05
640000 3.23155E-05
642000 3.23581E-05
644000 3.24008E-05
645000 3.24221E-05
646000 3.24434E-05
648000 3.24860E-05
650000 3.25287E-05
652000 3.25713E-05
654000 3.26140E-05
655000 3.26353E-05
656000 3.26566E-05
658000 3.26993E-05
660000 3.27419E-05
670000 3.29551E-05
680000 3.31683E-05
690000 3.33816E-05
700000 3.35948E-05
710000 3.38080E-05
720000 3.40212E-05
740000 3.44476E-05
760000 3.48741E-05
780000 3.53005E-05
800000 3.57269E-05
820000 3.61534E-05
840000 3.65798E-05
860000 3.70062E-05
880000 3.74327E-05
900000 3.78591E-05
910000 3.80723E-05
920000 3.82855E-05
930000 3.84988E-05
940000 3.87120E-05
950000 3.89252E-05
960000 3.91384E-05
965000 3.92450E-05
970000 3.93516E-05
975000 3.94582E-05
980000 3.95648E-05
985000 3.96715E-05
990000 3.97781E-05
995000 3.98847E-05
1.00000E+06 3.99913E-05
1.00500E+06 4.01444E-05
1.01000E+06 4.02976E-05
1.01200E+06 4.03588E-05
1.01400E+06 4.04201E-05
1.01600E+06 4.04813E-05
1.01800E+06 4.05426E-05
1.02000E+06 4.06039E-05
1.04000E+06 4.12164E-05
1.04500E+06 4.13696E-05
1.05000E+06 4.15227E-05
1.05500E+06 4.16759E-05
1.06000E+06 4.18290E-05
1.06500E+06 4.19822E-05
1.07000E+06 4.21353E-05
1.07500E+06 4.22885E-05
1.08000E+06 4.24416E-05
1.08500E+06 4.25947E-05
1.09000E+06 4.27479E-05
1.09500E+06 4.29010E-05
1.10000E+06 4.30542E-05
1.10500E+06 4.34323E-05
1.11000E+06 4.38104E-05
1.11200E+06 4.39617E-05
1.11400E+06 4.41129E-05
1.11600E+06 4.42642E-05
1.11700E+06 4.43398E-05
1.11800E+06 4.44154E-05
1.11900E+06 4.44910E-05
1.12000E+06 4.45667E-05
1.12500E+06 4.49448E-05
1.13000E+06 4.53229E-05
1.13500E+06 4.57010E-05
1.14000E+06 4.60792E-05
1.14500E+06 4.64573E-05
1.15000E+06 4.68354E-05
1.15500E+06 4.72135E-05
1.16000E+06 4.75916E-05
1.16500E+06 4.79698E-05
1.17000E+06 4.83479E-05
1.17200E+06 4.84991E-05
1.17400E+06 4.86504E-05
1.17600E+06 4.88016E-05
1.17800E+06 4.89529E-05
1.18000E+06 4.91041E-05
1.18100E+06 4.91798E-05
1.18200E+06 4.92554E-05
1.18300E+06 4.93310E-05
1.18320E+06 4.93461E-05
1.18340E+06 4.93612E-05
1.18360E+06 4.93764E-05
1.18380E+06 4.93915E-05
1.18400E+06 4.94066E-05
1.18420E+06 4.94217E-05
1.18440E+06 4.94369E-05
1.18460E+06 4.94520E-05
1.18480E+06 4.94671E-05
1.18500E+06 4.94822E-05
1.18520E+06 4.94974E-05
1.18540E+06 4.95125E-05
1.18560E+06 4.95276E-05
1.18580E+06 4.95427E-05
1.18600E+06 4.95579E-05
1.18620E+06 4.95730E-05
1.18640E+06 4.95881E-05
1.18660E+06 4.96032E-05
1.18680E+06 4.96184E-05
1.18700E+06 4.96335E-05
1.18720E+06 4.96486E-05
1.18740E+06 4.96637E-05
1.18760E+06 4.96789E-05
1.18780E+06 4.96940E-05
1.18800E+06 4.97091E-05
1.18900E+06 4.97847E-05
1.19000E+06 4.98604E-05
1.19200E+06 5.00116E-05
1.19400E+06 5.01629E-05
1.19600E+06 5.03141E-05
1.19800E+06 5.04654E-05
1.20000E+06 5.06166E-05
1.20500E+06 5.07366E-05
1.21000E+06 5.08567E-05
1.21500E+06 5.09767E-05
1.22000E+06 5.10967E-05
1.22500E+06 5.12167E-05
1.23000E+06 5.13367E-05
1.23500E+06 5.14568E-05
1.24000E+06 5.15768E-05
1.24500E+06 5.16968E-05
1.25000E+06 5.18168E-05
1.25500E+06 5.19368E-05
1.26000E+06 5.20569E-05
1.26500E+06 5.21769E-05
1.27000E+06 5.22969E-05
1.27500E+06 5.24169E-05
1.28000E+06 5.25369E-05
1.28500E+06 5.26570E-05
1.29000E+06 5.27770E-05
1.29500E+06 5.28970E-05
1.30000E+06 5.30170E-05
1.30500E+06 5.31371E-05
1.31000E+06 5.32571E-05
1.31500E+06 5.33771E-05
1.32000E+06 5.34971E-05
1.32500E+06 5.36171E-05
1.33000E+06 5.37372E-05
1.33500E+06 5.38572E-05
1.34000E+06 5.39772E-05
1.34500E+06 5.40972E-05
1.35000E+06 5.42172E-05
1.35500E+06 5.43373E-05
1.36000E+06 5.44573E-05
1.36200E+06 5.45053E-05
1.36400E+06 5.45533E-05
1.36600E+06 5.46013E-05
1.36800E+06 5.46493E-05
1.37000E+06 5.46973E-05
1.37200E+06 5.47453E-05
1.37400E+06 5.47933E-05
1.37600E+06 5.48413E-05
1.37800E+06 5.48894E-05
1.38000E+06 5.49374E-05
1.38500E+06 5.50574E-05
1.39000E+06 5.51774E-05
1.39500E+06 5.52974E-05
1.40000E+06 5.54174E-05
1.40200E+06 5.54175E-05
1.40400E+06 5.54175E-05
1.40600E+06 5.54176E-05
1.40800E+06 5.54176E-05
1.41000E+06 5.54177E-05
1.41500E+06 5.54178E-05
1.42000E+06 5.54179E-05
1.42500E+06 5.54180E-05
1.43000E+06 5.54181E-05
1.43500E+06 5.54182E-05
1.44000E+06 5.54183E-05
1.44500E+06 5.54184E-05
1.45000E+06 5.54185E-05
1.45500E+06 5.54186E-05
1.46000E+06 5.54188E-05
1.46500E+06 5.54189E-05
1.47000E+06 5.54190E-05
1.47500E+06 5.54191E-05
1.48000E+06 5.54192E-05
1.48500E+06 5.54193E-05
1.49000E+06 5.54194E-05
1.49500E+06 5.54195E-05
1.50000E+06 5.54196E-05
1.50500E+06 5.53597E-05
1.51000E+06 5.52998E-05
1.51500E+06 5.52400E-05
1.52000E+06 5.51801E-05
1.52500E+06 5.51202E-05
1.53000E+06 5.50603E-05
1.53500E+06 5.50004E-05
1.54000E+06 5.49405E-05
1.54500E+06 5.48806E-05
1.55000E+06 5.48207E-05
1.55500E+06 5.47608E-05
1.56000E+06 5.47009E-05
1.56500E+06 5.46410E-05
1.57000E+06 5.45811E-05
1.57500E+06 5.45212E-05
1.58000E+06 5.44613E-05
1.58200E+06 5.44374E-05
1.58400E+06 5.44134E-05
1.58600E+06 5.43894E-05
1.58800E+06 5.43655E-05
1.59000E+06 5.43415E-05
1.59200E+06 5.43176E-05
1.59400E+06 5.42936E-05
1.59500E+06 5.42816E-05
1.59600E+06 5.42697E-05
1.59800E+06 5.42457E-05
1.60000E+06 5.42217E-05
1.60200E+06 5.41396E-05
1.60400E+06 5.40574E-05
1.60500E+06 5.40163E-05
1.60600E+06 5.39752E-05
1.60800E+06 5.38930E-05
1.61000E+06 5.38108E-05
1.61500E+06 5.36054E-05
1.62000E+06 5.33999E-05
1.62500E+06 5.31945E-05
1.63000E+06 5.29890E-05
1.63500E+06 5.27835E-05
1.64000E+06 5.25781E-05
1.64500E+06 5.23726E-05
1.65000E+06 5.21672E-05
1.65500E+06 5.19617E-05
1.66000E+06 5.17562E-05
1.66500E+06 5.15508E-05
1.67000E+06 5.13453E-05
1.67500E+06 5.11399E-05
1.68000E+06 5.09344E-05
1.68500E+06 5.07290E-05
1.69000E+06 5.05235E-05
1.69500E+06 5.03180E-05
1.70000E+06 5.01126E-05
1.70500E+06 4.99071E-05
1.71000E+06 4.97017E-05
1.71500E+06 4.94962E-05
1.72000E+06 4.92907E-05
1.72500E+06 4.90853E-05
1.73000E+06 4.88798E-05
1.73500E+06 4.86744E-05
1.74000E+06 4.84689E-05
1.74500E+06 4.82635E-05
1.75000E+06 4.80580E-05
1.75500E+06 4.78525E-05
1.76000E+06 4.76471E-05
1.76500E+06 4.74416E-05
1.77000E+06 4.72362E-05
1.77500E+06 4.70307E-05
1.78000E+06 4.68252E-05
1.78200E+06 4.67431E-05
1.78400E+06 4.66609E-05
1.78600E+06 4.65787E-05
1.78800E+06 4.64965E-05
1.79000E+06 4.64143E-05
1.79500E+06 4.62089E-05
1.80000E+06 4.60034E-05
1.80500E+06 4.57980E-05
1.81000E+06 4.55925E-05
1.81500E+06 4.53870E-05
1.82000E+06 4.51816E-05
1.82500E+06 4.49761E-05
1.83000E+06 4.47707E-05
1.83500E+06 4.45652E-05
1.84000E+06 4.43597E-05
1.84500E+06 4.41543E-05
1.85000E+06 4.39488E-05
1.85500E+06 4.37434E-05
1.86000E+06 4.35379E-05
1.86500E+06 4.33325E-05
1.87000E+06 4.31270E-05
1.87500E+06 4.29215E-05
1.88000E+06 4.27161E-05
1.88500E+06 4.25106E-05
1.89000E+06 4.23052E-05
1.89500E+06 4.20997E-05
1.90000E+06 4.18943E-05
1.91000E+06 4.14833E-05
1.92000E+06 4.10724E-05
1.93000E+06 4.06615E-05
1.94000E+06 4.02506E-05
1.95000E+06 3.98397E-05
1.96000E+06 3.94288E-05
1.97000E+06 3.90178E-05
1.98000E+06 3.86069E-05
1.99000E+06 3.81960E-05
2.00000E+06 3.77851E-05
2.01000E+06 3.74782E-05
2.02000E+06 3.71713E-05
2.03000E+06 3.68644E-05
2.04000E+06 3.65575E-05
2.05000E+06 3.62506E-05
2.06000E+06 3.59437E-05
2.07000E+06 3.56368E-05
2.08000E+06 3.53299E-05
2.09000E+06 3.50230E-05
2.10000E+06 3.47161E-05
2.11000E+06 3.44092E-05
2.12000E+06 3.41023E-05
2.13000E+06 3.37954E-05
2.14000E+06 3.34885E-05
2.15000E+06 3.31817E-05
2.16000E+06 3.28748E-05
2.17000E+06 3.25679E-05
2.18000E+06 3.22610E-05
2.19000E+06 3.19541E-05
2.20000E+06 3.16472E-05
2.20200E+06 3.15858E-05
2.20400E+06 3.15244E-05
2.20600E+06 3.14630E-05
2.20800E+06 3.14017E-05
2.21000E+06 3.13403E-05
2.21200E+06 3.12789E-05
2.21400E+06 3.12175E-05
2.21600E+06 3.11561E-05
2.21800E+06 3.10948E-05
2.22000E+06 3.10334E-05
2.22200E+06 3.09720E-05
2.22400E+06 3.09106E-05
2.22600E+06 3.08492E-05
2.22800E+06 3.07878E-05
2.23000E+06 3.07265E-05
2.23200E+06 3.06651E-05
2.23400E+06 3.06037E-05
2.23600E+06 3.05423E-05
2.23800E+06 3.04809E-05
2.24000E+06 3.04196E-05
2.24200E+06 3.03582E-05
2.24400E+06 3.02968E-05
2.24600E+06 3.02354E-05
2.24800E+06 3.01740E-05
2.25000E+06 3.01127E-05
2.26000E+06 2.98058E-05
2.27000E+06 2.94989E-05
2.28000E+06 2.91920E-05
2.29000E+06 2.88851E-05
2.30000E+06 2.85782E-05
2.31000E+06 2.82713E-05
2.32000E+06 2.79644E-05
2.33000E+06 2.76575E-05
2.34000E+06 2.73506E-05
2.35000E+06 2.70437E-05
2.36000E+06 2.67368E-05
2.37000E+06 2.64299E-05
2.38000E+06 2.61230E-05
2.39000E+06 2.58161E-05
2.40000E+06 2.55092E-05
2.42000E+06 2.48954E-05
2.44000E+06 2.42817E-05
2.44744E+06 2.40535E-05
2.44744E+06 2.40535E-05
2.46000E+06 2.36679E-05
2.47500E+06 2.32075E-05
2.47600E+06 2.31768E-05
2.47700E+06 2.31461E-05
2.47939E+06 2.30727E-05
2.47940E+06 2.30727E-05
2.48000E+06 2.30541E-05
2.48500E+06 2.29006E-05
2.49000E+06 2.27472E-05
2.49500E+06 2.25937E-05
2.50000E+06 2.24403E-05
2.50500E+06 2.23900E-05
2.50600E+06 2.23799E-05
2.50650E+06 2.23749E-05
2.50700E+06 2.23699E-05
2.50750E+06 2.23649E-05
2.50800E+06 2.23598E-05
2.50850E+06 2.23548E-05
2.50900E+06 2.23498E-05
2.50950E+06 2.23447E-05
2.51000E+06 2.23397E-05
2.51050E+06 2.23347E-05
2.51100E+06 2.23297E-05
2.51150E+06 2.23246E-05
2.51200E+06 2.23196E-05
2.51250E+06 2.23146E-05
2.51300E+06 2.23095E-05
2.51350E+06 2.23045E-05
2.51400E+06 2.22995E-05
2.51450E+06 2.22945E-05
2.51500E+06 2.22894E-05
2.52000E+06 2.22391E-05
2.52500E+06 2.21889E-05
2.53000E+06 2.21386E-05
2.54000E+06 2.20380E-05
2.56000E+06 2.18368E-05
2.58000E+06 2.16357E-05
2.60000E+06 2.14345E-05
2.62000E+06 2.12334E-05
2.63000E+06 2.11328E-05
2.64000E+06 2.10323E-05
2.65000E+06 2.09317E-05
2.66000E+06 2.08311E-05
2.67000E+06 2.07305E-05
2.68000E+06 2.06300E-05
2.69000E+06 2.05294E-05
2.69500E+06 2.04791E-05
2.70000E+06 2.04288E-05
2.70200E+06 2.04087E-05
2.70400E+06 2.03886E-05
2.70600E+06 2.03685E-05
2.70800E+06 2.03484E-05
2.71000E+06 2.03282E-05
2.71200E+06 2.03081E-05
2.71400E+06 2.02880E-05
2.71600E+06 2.02679E-05
2.71800E+06 2.02478E-05
2.72000E+06 2.02277E-05
2.72500E+06 2.01774E-05
2.73000E+06 2.01271E-05
2.73500E+06 2.00768E-05
2.74000E+06 2.00265E-05
2.74500E+06 1.99762E-05
2.75000E+06 1.99259E-05
2.75500E+06 1.98757E-05
2.76000E+06 1.98254E-05
2.77000E+06 1.97248E-05
2.78000E+06 1.96242E-05
2.79000E+06 1.95236E-05
2.80000E+06 1.94231E-05
2.82000E+06 1.97141E-05
2.84000E+06 2.00052E-05
2.86000E+06 2.02962E-05
2.88000E+06 2.05872E-05
2.88500E+06 2.06600E-05
2.89000E+06 2.07328E-05
2.89200E+06 2.07619E-05
2.89400E+06 2.07910E-05
2.89600E+06 2.08201E-05
2.89800E+06 2.08492E-05
2.90000E+06 2.08783E-05
2.90200E+06 2.09598E-05
2.90400E+06 2.10413E-05
2.90600E+06 2.11229E-05
2.90800E+06 2.12044E-05
2.91000E+06 2.12859E-05
2.91200E+06 2.13674E-05
2.91400E+06 2.14490E-05
2.91600E+06 2.15305E-05
2.91800E+06 2.16120E-05
2.92000E+06 2.16936E-05
2.92500E+06 2.18974E-05
2.93000E+06 2.21012E-05
2.93500E+06 2.23050E-05
2.94000E+06 2.25088E-05
2.94200E+06 2.25904E-05
2.94400E+06 2.26719E-05
2.94500E+06 2.27126E-05
2.94600E+06 2.27534E-05
2.94800E+06 2.28349E-05
2.95000E+06 2.29165E-05
2.95200E+06 2.29980E-05
2.95400E+06 2.30795E-05
2.95500E+06 2.31203E-05
2.95600E+06 2.31610E-05
2.95700E+06 2.32018E-05
2.95800E+06 2.32426E-05
2.95900E+06 2.32833E-05
2.96000E+06 2.33241E-05
2.96100E+06 2.33649E-05
2.96200E+06 2.34056E-05
2.96400E+06 2.34872E-05
2.96600E+06 2.35687E-05
2.96800E+06 2.36502E-05
2.97000E+06 2.37317E-05
2.97500E+06 2.39356E-05
2.98000E+06 2.41394E-05
2.98500E+06 2.43432E-05
2.99000E+06 2.45470E-05
3.00000E+06 2.49546E-05
3.02000E+06 2.60180E-05
3.04000E+06 2.70814E-05
3.05000E+06 2.76131E-05
3.06000E+06 2.81448E-05
3.07000E+06 2.86764E-05
3.07500E+06 2.89423E-05
3.08000E+06 2.92081E-05
3.08500E+06 2.94740E-05
3.09000E+06 2.97398E-05
3.09500E+06 3.00056E-05
3.10000E+06 3.02715E-05
3.10500E+06 3.05373E-05
3.11000E+06 3.08032E-05
3.12000E+06 3.13349E-05
3.13000E+06 3.18665E-05
3.14000E+06 3.23982E-05
3.15000E+06 3.29299E-05
3.16000E+06 3.34616E-05
3.17000E+06 3.39933E-05
3.18000E+06 3.45250E-05
3.19000E+06 3.50567E-05
3.19500E+06 3.53225E-05
3.20000E+06 3.55883E-05
3.21000E+06 3.57294E-05
3.22000E+06 3.58706E-05
3.23000E+06 3.60117E-05
3.24000E+06 3.61528E-05
3.25000E+06 3.62939E-05
3.26000E+06 3.64350E-05
3.28000E+06 3.67172E-05
3.30000E+06 3.69995E-05
3.32000E+06 3.72817E-05
3.34000E+06 3.75639E-05
3.36000E+06 3.78462E-05
3.38000E+06 3.81284E-05
3.40000E+06 3.84106E-05
3.42000E+06 3.83139E-05
3.44000E+06 3.82171E-05
3.46000E+06 3.81204E-05
3.48000E+06 3.80236E-05
3.48500E+06 3.79995E-05
3.49000E+06 3.79753E-05
3.49500E+06 3.79511E-05
3.50000E+06 3.79269E-05
3.50200E+06 3.79088E-05
3.50400E+06 3.78908E-05
3.50600E+06 3.78727E-05
3.50800E+06 3.78547E-05
3.51000E+06 3.78366E-05
3.51200E+06 3.78185E-05
3.51400E+06 3.78005E-05
3.51600E+06 3.77824E-05
3.51800E+06 3.77643E-05
3.52000E+06 3.77463E-05
3.52100E+06 3.77372E-05
3.52200E+06 3.77282E-05
3.52300E+06 3.77192E-05
3.52400E+06 3.77101E-05
3.52600E+06 3.76921E-05
3.52800E+06 3.76740E-05
3.53000E+06 3.76560E-05
3.54000E+06 3.75656E-05
3.55000E+06 3.74753E-05
3.55200E+06 3.74573E-05
3.55400E+06 3.74392E-05
3.55600E+06 3.74211E-05
3.55800E+06 3.74031E-05
3.56000E+06 3.73850E-05
3.56200E+06 3.73669E-05
3.56400E+06 3.73489E-05
3.56600E+06 3.73308E-05
3.56800E+06 3.73128E-05
3.57000E+06 3.72947E-05
3.57200E+06 3.72766E-05
3.57400E+06 3.72586E-05
3.57600E+06 3.72405E-05
3.57800E+06 3.72224E-05
3.57900E+06 3.72134E-05
3.58000E+06 3.72044E-05
3.58500E+06 3.71592E-05
3.59000E+06 3.71141E-05
3.59500E+06 3.70689E-05
3.60000E+06 3.70237E-05
3.61000E+06 3.69334E-05
3.62000E+06 3.68431E-05
3.63000E+06 3.67528E-05
3.64000E+06 3.66625E-05
3.65000E+06 3.65722E-05
3.66000E+06 3.64818E-05
3.67000E+06 3.63915E-05
3.68000E+06 3.63012E-05
3.69000E+06 3.62109E-05
3.70000E+06 3.61206E-05
3.71000E+06 3.60303E-05
3.72000E+06 3.59399E-05
3.73000E+06 3.58496E-05
3.74000E+06 3.57593E-05
3.75000E+06 3.56690E-05
3.80000E+06 3.52174E-05
3.82000E+06 3.49281E-05
3.82500E+06 3.48558E-05
3.84000E+06 3.46389E-05
3.85000E+06 3.44942E-05
3.86000E+06 3.43496E-05
3.87500E+06 3.41326E-05
3.88000E+06 3.40603E-05
3.90000E+06 3.37710E-05
3.92000E+06 3.34817E-05
3.94000E+06 3.31925E-05
3.95000E+06 3.30478E-05
3.96000E+06 3.29032E-05
3.98000E+06 3.26139E-05
4.00000E+06 3.23246E-05
4.02000E+06 3.20117E-05
4.04000E+06 3.16988E-05
4.05000E+06 3.15424E-05
4.06000E+06 3.13859E-05
4.07000E+06 3.12295E-05
4.08000E+06 3.10730E-05
4.09000E+06 3.09166E-05
4.10000E+06 3.07601E-05
4.11000E+06 3.06037E-05
4.12000E+06 3.04472E-05
4.13000E+06 3.02907E-05
4.14000E+06 3.01343E-05
4.15000E+06 2.99778E-05
4.16000E+06 2.98214E-05
4.17000E+06 2.96649E-05
4.18000E+06 2.95085E-05
4.19000E+06 2.93520E-05
4.20000E+06 2.91956E-05
4.22000E+06 2.87177E-05
4.23249E+06 2.84193E-05
4.23249E+06 2.84193E-05
4.24000E+06 2.82398E-05
4.25000E+06 2.80009E-05
4.26000E+06 2.77619E-05
4.28000E+06 2.72841E-05
4.30000E+06 2.68062E-05
4.30432E+06 2.67031E-05
4.30432E+06 2.67031E-05
4.35000E+06 2.56115E-05
4.40000E+06 2.44168E-05
4.42000E+06 2.40443E-05
4.44000E+06 2.36718E-05
4.45000E+06 2.34856E-05
4.46000E+06 2.32993E-05
4.48000E+06 2.29269E-05
4.50000E+06 2.25544E-05
4.51000E+06 2.26002E-05
4.52000E+06 2.26461E-05
4.52500E+06 2.26690E-05
4.53000E+06 2.26919E-05
4.53500E+06 2.27148E-05
4.54000E+06 2.27378E-05
4.54500E+06 2.27607E-05
4.55000E+06 2.27836E-05
4.56000E+06 2.28294E-05
4.57000E+06 2.28753E-05
4.58000E+06 2.29211E-05
4.59000E+06 2.29670E-05
4.60000E+06 2.30128E-05
4.61000E+06 2.30586E-05
4.62000E+06 2.31045E-05
4.63000E+06 2.31503E-05
4.64000E+06 2.31962E-05
4.65000E+06 2.32420E-05
4.66000E+06 2.32879E-05
4.68000E+06 2.33795E-05
4.70000E+06 2.34712E-05
4.72000E+06 2.35629E-05
4.73500E+06 2.36317E-05
4.74000E+06 2.36546E-05
4.75000E+06 2.37004E-05
4.76000E+06 2.37463E-05
4.78000E+06 2.38380E-05
4.80000E+06 2.39296E-05
4.82000E+06 2.40213E-05
4.84000E+06 2.41130E-05
4.85000E+06 2.41589E-05
4.86000E+06 2.42047E-05
4.88000E+06 2.42964E-05
4.90000E+06 2.43881E-05
4.92000E+06 2.48724E-05
4.93476E+06 2.52299E-05
4.93476E+06 2.52299E-05
4.94000E+06 2.53568E-05
4.95000E+06 2.55989E-05
4.96000E+06 2.58411E-05
4.98000E+06 2.63254E-05
5.00000E+06 2.68098E-05
5.02000E+06 2.76732E-05
5.04000E+06 2.85366E-05
5.05000E+06 2.89683E-05
5.06000E+06 2.94000E-05
5.08000E+06 3.02633E-05
5.10000E+06 3.11267E-05
5.12000E+06 3.22529E-05
5.14000E+06 3.33791E-05
5.15000E+06 3.39423E-05
5.16000E+06 3.45054E-05
5.18000E+06 3.56316E-05
5.20000E+06 3.67578E-05
5.22000E+06 3.78840E-05
5.24000E+06 3.90102E-05
5.25000E+06 3.95733E-05
5.26000E+06 4.01364E-05
5.26914E+06 4.06512E-05
5.26915E+06 4.06513E-05
5.28000E+06 4.12626E-05
5.30000E+06 4.23888E-05
5.32000E+06 4.34663E-05
5.34000E+06 4.45438E-05
5.35000E+06 4.50825E-05
5.36000E+06 4.56213E-05
5.38000E+06 4.66988E-05
5.40000E+06 4.77763E-05
5.42000E+06 4.83851E-05
5.44000E+06 4.89939E-05
5.45000E+06 4.92983E-05
5.46000E+06 4.96028E-05
5.47368E+06 5.00191E-05
5.47368E+06 5.00191E-05
5.48000E+06 5.02116E-05
5.50000E+06 5.08204E-05
5.51000E+06 5.06182E-05
5.52000E+06 5.04159E-05
5.53000E+06 5.02137E-05
5.54000E+06 5.00115E-05
5.55000E+06 4.98092E-05
5.55163E+06 4.97763E-05
5.55163E+06 4.97762E-05
5.56000E+06 4.96070E-05
5.57000E+06 4.94048E-05
5.58000E+06 4.92025E-05
5.59000E+06 4.90003E-05
5.60000E+06 4.87981E-05
5.62000E+06 4.81097E-05
5.64000E+06 4.74213E-05
5.65000E+06 4.70771E-05
5.66000E+06 4.67329E-05
5.68000E+06 4.60446E-05
5.70000E+06 4.53562E-05
5.70969E+06 4.50228E-05
5.70969E+06 4.50227E-05
5.72000E+06 4.46678E-05
5.74000E+06 4.39794E-05
5.75000E+06 4.36352E-05
5.76000E+06 4.32910E-05
5.78000E+06 4.26027E-05
5.80000E+06 4.19143E-05
5.82000E+06 4.14073E-05
5.84000E+06 4.09002E-05
5.85000E+06 4.06467E-05
5.86000E+06 4.03932E-05
5.86179E+06 4.03478E-05
5.86179E+06 4.03478E-05
5.88000E+06 3.98861E-05
5.90000E+06 3.93791E-05
5.91000E+06 3.91256E-05
5.92000E+06 3.88720E-05
5.93000E+06 3.86185E-05
5.94000E+06 3.83650E-05
5.95000E+06 3.81115E-05
5.96000E+06 3.78580E-05
5.97000E+06 3.76044E-05
5.98000E+06 3.73509E-05
5.99000E+06 3.70974E-05
6.00000E+06 3.68439E-05
6.01000E+06 3.64752E-05
6.02000E+06 3.61066E-05
6.03000E+06 3.57380E-05
6.04000E+06 3.53694E-05
6.05000E+06 3.50007E-05
6.06000E+06 3.46321E-05
6.07000E+06 3.42635E-05
6.08000E+06 3.38948E-05
6.09000E+06 3.35262E-05
6.10000E+06 3.31576E-05
6.10141E+06 3.31058E-05
6.10141E+06 3.31058E-05
6.12000E+06 3.24203E-05
6.14000E+06 3.16831E-05
6.15000E+06 3.13145E-05
6.16000E+06 3.09458E-05
6.18000E+06 3.02086E-05
6.20000E+06 2.94713E-05
6.22000E+06 3.01434E-05
6.24000E+06 3.08155E-05
6.25000E+06 3.11516E-05
6.25450E+06 3.13028E-05
6.25450E+06 3.13029E-05
6.26000E+06 3.14876E-05
6.28000E+06 3.21597E-05
6.30000E+06 3.28318E-05
6.32000E+06 3.35039E-05
6.34000E+06 3.41760E-05
6.35000E+06 3.45121E-05
6.36000E+06 3.48481E-05
6.38000E+06 3.55202E-05
6.39309E+06 3.59600E-05
6.39309E+06 3.59601E-05
6.40000E+06 3.61923E-05
6.45000E+06 3.78726E-05
6.50000E+06 3.95528E-05
6.52000E+06 3.99932E-05
6.54000E+06 4.04336E-05
6.54189E+06 4.04752E-05
6.54189E+06 4.04752E-05
6.55000E+06 4.06538E-05
6.56000E+06 4.08741E-05
6.58000E+06 4.13145E-05
6.60000E+06 4.17549E-05
6.65000E+06 4.28559E-05
6.65035E+06 4.28636E-05
6.65035E+06 4.28636E-05
6.70000E+06 4.39569E-05
6.72885E+06 4.45921E-05
6.75000E+06 4.50579E-05
6.80000E+06 4.61589E-05
6.84613E+06 4.71747E-05
6.85000E+06 4.72600E-05
6.90000E+06 4.83610E-05
6.91050E+06 4.81436E-05
6.91050E+06 4.81436E-05
6.95000E+06 4.73259E-05
7.00000E+06 4.62908E-05
7.02000E+06 4.57358E-05
7.04000E+06 4.51807E-05
7.05000E+06 4.49032E-05
7.06000E+06 4.46256E-05
7.08000E+06 4.40706E-05
7.10000E+06 4.35155E-05
7.12000E+06 4.29604E-05
7.14000E+06 4.24054E-05
7.15000E+06 4.21278E-05
7.16000E+06 4.18503E-05
7.18000E+06 4.12952E-05
7.19926E+06 4.07609E-05
7.19926E+06 4.07608E-05
7.20000E+06 4.07402E-05
7.22000E+06 3.95657E-05
7.24000E+06 3.83913E-05
7.25000E+06 3.78041E-05
7.26000E+06 3.72168E-05
7.28000E+06 3.60424E-05
7.29000E+06 3.54552E-05
7.30000E+06 3.48679E-05
7.31000E+06 3.42596E-05
7.32000E+06 3.36513E-05
7.34000E+06 3.24346E-05
7.35000E+06 3.18263E-05
7.36000E+06 3.12180E-05
7.38000E+06 3.00013E-05
7.39000E+06 2.93930E-05
7.39830E+06 2.88880E-05
7.39831E+06 2.88879E-05
7.40000E+06 2.87847E-05
7.41000E+06 2.81763E-05
7.42000E+06 2.75680E-05
7.44000E+06 2.63514E-05
7.45000E+06 2.57430E-05
7.45067E+06 2.57021E-05
7.45073E+06 2.56989E-05
7.46000E+06 2.51347E-05
7.48000E+06 2.39180E-05
7.50000E+06 2.27014E-05
7.53544E+06 2.22810E-05
7.53544E+06 2.22810E-05
7.55000E+06 2.21083E-05
7.60000E+06 2.15153E-05
7.65000E+06 2.25330E-05
7.70000E+06 2.35507E-05
7.72000E+06 2.39578E-05
7.74000E+06 2.43649E-05
7.75000E+06 2.45684E-05
7.76000E+06 2.47720E-05
7.78000E+06 2.51791E-05
7.80000E+06 2.55862E-05
7.82000E+06 2.61183E-05
7.84000E+06 2.66504E-05
7.85000E+06 2.69164E-05
7.86000E+06 2.71825E-05
7.88000E+06 2.77146E-05
7.90000E+06 2.82467E-05
7.92000E+06 2.87788E-05
7.94000E+06 2.93109E-05
7.95000E+06 2.95770E-05
7.96000E+06 2.98430E-05
7.98000E+06 3.03751E-05
7.98000E+06 3.03751E-05
7.99000E+06 3.06412E-05
8.00000E+06 3.09073E-05
8.05000E+06 3.20261E-05
8.10000E+06 3.31450E-05
8.15000E+06 3.42638E-05
8.20000E+06 3.53826E-05
8.25000E+06 3.65203E-05
8.30000E+06 3.76580E-05
8.35000E+06 3.87957E-05
8.40000E+06 3.99334E-05
8.45000E+06 4.09354E-05
8.50000E+06 4.19373E-05
8.54077E+06 4.21037E-05
8.54077E+06 4.21037E-05
8.55000E+06 4.21414E-05
8.60000E+06 4.23454E-05
8.64272E+06 4.25197E-05
8.64272E+06 4.25197E-05
8.65000E+06 4.25495E-05
8.70000E+06 4.27535E-05
8.72220E+06 4.24724E-05
8.72220E+06 4.24724E-05
8.75000E+06 4.21203E-05
8.80000E+06 4.14871E-05
8.85000E+06 4.08539E-05
8.90000E+06 4.02207E-05
8.95000E+06 3.95875E-05
9.00000E+06 3.89543E-05
9.02162E+06 3.86550E-05
9.02163E+06 3.86550E-05
9.05000E+06 3.82622E-05
9.06297E+06 3.80827E-05
9.06297E+06 3.80827E-05
9.10000E+06 3.75700E-05
9.10144E+06 3.75501E-05
9.10145E+06 3.75500E-05
9.15000E+06 3.68778E-05
9.20000E+06 3.61857E-05
9.25000E+06 3.54935E-05
9.30000E+06 3.48013E-05
9.34661E+06 3.41561E-05
9.34662E+06 3.41561E-05
9.38000E+06 3.36939E-05
9.38028E+06 3.36900E-05
9.38100E+06 3.36800E-05
9.40000E+06 3.34170E-05
9.45747E+06 3.26214E-05
9.45747E+06 3.26214E-05
9.50000E+06 3.20327E-05
9.60000E+06 3.19425E-05
9.65000E+06 3.18975E-05
9.65959E+06 3.18888E-05
9.65959E+06 3.18888E-05
9.70000E+06 3.18524E-05
9.73244E+06 3.18231E-05
9.73244E+06 3.18231E-05
9.80000E+06 3.17622E-05
9.84109E+06 3.17252E-05
9.84109E+06 3.17252E-05
9.90000E+06 3.16721E-05
9.91600E+06 3.16577E-05
9.91630E+06 3.16574E-05
9.91700E+06 3.16567E-05
1.00000E+07 3.15819E-05
1.00163E+07 3.16205E-05
1.00163E+07 3.16205E-05
1.01000E+07 3.18186E-05
1.02000E+07 3.20552E-05
1.02500E+07 3.21735E-05
1.03000E+07 3.22919E-05
1.03500E+07 3.23619E-05
1.04000E+07 3.24320E-05
1.04500E+07 3.24335E-05
1.04520E+07 3.24335E-05
1.04523E+07 3.24335E-05
1.04530E+07 3.24336E-05
1.05000E+07 3.24350E-05
1.05500E+07 3.22422E-05
1.06000E+07 3.20495E-05
1.06500E+07 3.18568E-05
1.07000E+07 3.16641E-05
1.07500E+07 3.14713E-05
1.08000E+07 3.12786E-05
1.09000E+07 3.08931E-05
1.09880E+07 3.05539E-05
1.09883E+07 3.05527E-05
1.09890E+07 3.05501E-05
1.10000E+07 3.05077E-05
1.11000E+07 2.99867E-05
1.12000E+07 2.94657E-05
1.13000E+07 2.89447E-05
1.13137E+07 2.88736E-05
1.13137E+07 2.88736E-05
1.14000E+07 2.84237E-05
1.14065E+07 2.83901E-05
1.15000E+07 2.79027E-05
1.15240E+07 2.77775E-05
1.15244E+07 2.77757E-05
1.15250E+07 2.77723E-05
1.16000E+07 2.73809E-05
1.17000E+07 2.68591E-05
1.18000E+07 2.63373E-05
1.19000E+07 2.58397E-05
1.20000E+07 2.53421E-05
1.20444E+07 2.51322E-05
1.20600E+07 2.50586E-05
1.20604E+07 2.50568E-05
1.20610E+07 2.50538E-05
1.21000E+07 2.48695E-05
1.22000E+07 2.43969E-05
1.22259E+07 2.42745E-05
1.24000E+07 2.34518E-05
1.25000E+07 2.30049E-05
1.25960E+07 2.25953E-05
1.25964E+07 2.25937E-05
1.25970E+07 2.25911E-05
1.26000E+07 2.25783E-05
1.27000E+07 2.21516E-05
1.28000E+07 2.17249E-05
1.29000E+07 2.13228E-05
1.30000E+07 2.09208E-05
1.31320E+07 2.04082E-05
1.31324E+07 2.04066E-05
1.31330E+07 2.04043E-05
1.32000E+07 2.01441E-05
1.33000E+07 1.97558E-05
1.34000E+07 1.93674E-05
1.35000E+07 1.89791E-05
1.36000E+07 1.86006E-05
1.36680E+07 1.83524E-05
1.36684E+07 1.83509E-05
1.36690E+07 1.83487E-05
1.37000E+07 1.82356E-05
1.38000E+07 1.78705E-05
1.39000E+07 1.75054E-05
1.40000E+07 1.71404E-05
1.42000E+07 1.64504E-05
1.42040E+07 1.64366E-05
1.42044E+07 1.64351E-05
1.42050E+07 1.64331E-05
1.43000E+07 1.61054E-05
1.44000E+07 1.57604E-05
1.45000E+07 1.54154E-05
1.46000E+07 1.51184E-05
1.47400E+07 1.47026E-05
1.47410E+07 1.46996E-05
1.48000E+07 1.45244E-05
1.50000E+07 1.39304E-05
1.50085E+07 1.39119E-05
1.52760E+07 1.33263E-05
1.52770E+07 1.33241E-05
1.53000E+07 1.32738E-05
1.54000E+07 1.30549E-05
1.55000E+07 1.28360E-05
1.56000E+07 1.27112E-05
1.57710E+07 1.24977E-05
1.58120E+07 1.24465E-05
1.58130E+07 1.24453E-05
1.59000E+07 1.23366E-05
1.60000E+07 1.22118E-05
1.60800E+07 1.21721E-05
1.60805E+07 1.21719E-05
1.62000E+07 1.21126E-05
1.63480E+07 1.20392E-05
1.63490E+07 1.20387E-05
1.64000E+07 1.20135E-05
1.65000E+07 1.19639E-05
1.66000E+07 1.19555E-05
1.68840E+07 1.19318E-05
1.68850E+07 1.19317E-05
1.69000E+07 1.19304E-05
1.70000E+07 1.19221E-05
1.71520E+07 1.19612E-05
1.71525E+07 1.19613E-05
1.72000E+07 1.19735E-05
1.74210E+07 1.20303E-05
1.74220E+07 1.20306E-05
1.75000E+07 1.20506E-05
1.77000E+07 1.21620E-05
1.79570E+07 1.23052E-05
1.79580E+07 1.23057E-05
1.80000E+07 1.23291E-05
1.82000E+07 1.25251E-05
1.82240E+07 1.25486E-05
1.82246E+07 1.25491E-05
1.84930E+07 1.28121E-05
1.84940E+07 1.28131E-05
1.85000E+07 1.28190E-05
1.86000E+07 1.29797E-05
1.88000E+07 1.33012E-05
1.90000E+07 1.36226E-05
1.90290E+07 1.36890E-05
1.90300E+07 1.36913E-05
1.91000E+07 1.38516E-05
1.92970E+07 1.43025E-05
1.93000E+07 1.43094E-05
1.95000E+07 1.47672E-05
1.95650E+07 1.49522E-05
1.95660E+07 1.49550E-05
1.96000E+07 1.50518E-05
1.98000E+07 1.56210E-05
2.00000E+07 1.61902E-05
2.00000E+07 0.00000
2.10000E+07 0.00000
2.16612E+07 0.00000
2.20000E+07 0.00000
2.30000E+07 0.00000
2.40000E+07 0.00000
2.45061E+07 0.00000
2.50000E+07 0.00000
2.60000E+07 0.00000
2.70000E+07 0.00000
2.80000E+07 0.00000
2.90000E+07 0.00000
3.00000E+07 0.00000
3.10000E+07 0.00000
3.10827E+07 0.00000
3.20000E+07 0.00000
3.28228E+07 0.00000
3.30000E+07 0.00000
3.40000E+07 0.00000
3.50000E+07 0.00000
3.52276E+07 0.00000
3.60000E+07 0.00000
3.70000E+07 0.00000
3.80000E+07 0.00000
3.90000E+07 0.00000
3.96149E+07 0.00000
4.00000E+07 0.00000
4.10000E+07 0.00000
4.20000E+07 0.00000
4.30000E+07 0.00000
4.40000E+07 0.00000
4.50000E+07 0.00000
4.60000E+07 0.00000
4.70000E+07 0.00000
4.80000E+07 0.00000
4.90000E+07 0.00000
5.00000E+07 0.00000
5.10000E+07 0.00000
5.20000E+07 0.00000
5.30000E+07 0.00000
5.40000E+07 0.00000
5.50000E+07 0.00000
5.60000E+07 0.00000
5.70000E+07 0.00000
5.80000E+07 0.00000
5.90000E+07 0.00000
6.00000E+07 0.00000
6.10000E+07 0.00000
6.20000E+07 0.00000
6.30000E+07 0.00000
6.40000E+07 0.00000
6.50000E+07 0.00000
6.60000E+07 0.00000
6.70000E+07 0.00000
6.80000E+07 0.00000
6.90000E+07 0.00000
7.00000E+07 0.00000
7.10000E+07 0.00000
7.20000E+07 0.00000
7.30000E+07 0.00000
7.40000E+07 0.00000
7.50000E+07 0.00000
7.60000E+07 0.00000
7.70000E+07 0.00000
7.80000E+07 0.00000
7.90000E+07 0.00000
8.00000E+07 0.00000
8.10000E+07 0.00000
8.20000E+07 0.00000
8.30000E+07 0.00000
8.40000E+07 0.00000
8.50000E+07 0.00000
8.60000E+07 0.00000
8.70000E+07 0.00000
8.80000E+07 0.00000
8.90000E+07 0.00000
9.00000E+07 0.00000
9.10000E+07 0.00000
9.20000E+07 0.00000
9.30000E+07 0.00000
9.40000E+07 0.00000
9.50000E+07 0.00000
9.60000E+07 0.00000
9.70000E+07 0.00000
9.80000E+07 0.00000
9.90000E+07 0.00000
1.00000E+08 0.00000
1.02000E+08 0.00000
1.04000E+08 0.00000
1.06000E+08 0.00000
1.08000E+08 0.00000
1.10000E+08 0.00000
1.12000E+08 0.00000
1.14000E+08 0.00000
1.16000E+08 0.00000
1.18000E+08 0.00000
1.20000E+08 0.00000
1.22000E+08 0.00000
1.24000E+08 0.00000
1.26000E+08 0.00000
1.28000E+08 0.00000
1.30000E+08 0.00000
1.32000E+08 0.00000
1.34000E+08 0.00000
1.36000E+08 0.00000
1.38000E+08 0.00000
1.40000E+08 0.00000
1.42000E+08 0.00000
1.44000E+08 0.00000
1.46000E+08 0.00000
1.48000E+08 0.00000
1.50000E+08 0.00000
