O-16(n,g) ENDFB-8.0
Energy(eV) XS(b)
1.00000E-05 0.00854534
1.03125E-05 0.00841487
1.06250E-05 0.00829019
1.09375E-05 0.00817090
1.12500E-05 0.00805662
1.15625E-05 0.00794700
1.18750E-05 0.00784174
1.21875E-05 0.00774055
1.25000E-05 0.00764318
1.28125E-05 0.00754940
1.31250E-05 0.00745898
1.34375E-05 0.00737174
1.37500E-05 0.00728749
1.43750E-05 0.00712730
1.50000E-05 0.00697724
1.54625E-05 0.00687211
1.59249E-05 0.00677159
1.63874E-05 0.00667536
1.68498E-05 0.00658311
1.68750E-05 0.00657820
1.69531E-05 0.00656303
1.70313E-05 0.00654796
1.71875E-05 0.00651813
1.75000E-05 0.00645967
1.81250E-05 0.00634732
1.87500E-05 0.00624063
1.93750E-05 0.00613915
2.00000E-05 0.00604247
2.08306E-05 0.00592078
2.16611E-05 0.00580616
2.24917E-05 0.00569795
2.33222E-05 0.00559557
2.41528E-05 0.00549852
2.49833E-05 0.00540635
2.58139E-05 0.00531866
2.66444E-05 0.00523511
2.75000E-05 0.00515303
2.84375E-05 0.00506738
2.93750E-05 0.00498586
3.03125E-05 0.00490816
3.12500E-05 0.00483397
3.21875E-05 0.00476305
3.31250E-05 0.00469517
3.40625E-05 0.00463011
3.50000E-05 0.00456767
3.62500E-05 0.00448823
3.75000E-05 0.00441279
3.87500E-05 0.00434104
4.00000E-05 0.00427267
4.12500E-05 0.00420743
4.25000E-05 0.00414510
4.43750E-05 0.00405658
4.62500E-05 0.00397350
4.81250E-05 0.00389533
5.00000E-05 0.00382159
5.15625E-05 0.00376324
5.31250E-05 0.00370749
5.46875E-05 0.00365414
5.62500E-05 0.00360303
5.78125E-05 0.00355401
5.93750E-05 0.00350693
6.09375E-05 0.00346168
6.25000E-05 0.00341814
6.40625E-05 0.00337619
6.56250E-05 0.00333576
6.87500E-05 0.00325906
7.18750E-05 0.00318743
7.50000E-05 0.00312032
7.75000E-05 0.00306958
8.00000E-05 0.00302123
8.37500E-05 0.00295282
8.75000E-05 0.00288885
9.06250E-05 0.00283861
9.37500E-05 0.00279090
9.68750E-05 0.00274551
0.000100000 0.00270227
0.000103125 0.00266102
0.000106250 0.00262159
0.000109375 0.00258387
0.000112500 0.00254773
0.000115625 0.00251306
0.000118750 0.00247978
0.000121875 0.00244778
0.000125000 0.00241699
0.000128125 0.00238733
0.000131250 0.00235874
0.000137500 0.00230451
0.000143750 0.00225385
0.000150000 0.00220640
0.000154625 0.00217315
0.000159249 0.00214137
0.000163874 0.00211093
0.000168498 0.00208177
0.000168750 0.00208021
0.000169531 0.00207541
0.000170313 0.00207065
0.000171875 0.00206121
0.000175000 0.00204273
0.000181250 0.00200720
0.000187500 0.00197346
0.000193750 0.00194137
0.000200000 0.00191080
0.000208306 0.00187232
0.000216611 0.00183607
0.000224917 0.00180185
0.000233222 0.00176948
0.000241528 0.00173879
0.000249833 0.00170964
0.000258139 0.00168191
0.000266444 0.00165549
0.000275000 0.00162953
0.000284375 0.00160245
0.000293750 0.00157667
0.000303125 0.00155210
0.000312500 0.00152864
0.000321875 0.00150621
0.000331250 0.00148475
0.000340625 0.00146417
0.000350000 0.00144443
0.000362500 0.00141931
0.000375000 0.00139545
0.000387500 0.00137276
0.000400000 0.00135114
0.000412500 0.00133051
0.000425000 0.00131080
0.000443750 0.00128281
0.000462500 0.00125653
0.000481250 0.00123181
0.000500000 0.00120850
0.000515625 0.00119004
0.000531250 0.00117241
0.000546875 0.00115554
0.000562500 0.00113938
0.000578125 0.00112388
0.000593750 0.00110899
0.000609375 0.00109468
0.000625000 0.00108091
0.000656250 0.00105486
0.000687500 0.00103061
0.000718750 0.00100796
0.000750000 0.000986733
0.000775000 0.000970688
0.000800000 0.000955401
0.000837500 0.000933766
0.000875000 0.000913538
0.000906250 0.000897649
0.000937500 0.000882562
0.000968750 0.000868210
0.00100000 0.000854537
0.00103125 0.000841490
0.00106250 0.000829023
0.00109375 0.000817094
0.00112500 0.000805665
0.00115625 0.000794704
0.00118750 0.000784177
0.00125000 0.000764322
0.00131250 0.000745902
0.00137500 0.000728752
0.00143750 0.000712734
0.00150000 0.000697728
0.00154624 0.000687216
0.00159248 0.000677166
0.00168495 0.000658321
0.00168750 0.000657824
0.00169531 0.000656307
0.00170313 0.000654800
0.00171875 0.000651817
0.00175000 0.000645971
0.00181250 0.000634736
0.00187500 0.000624067
0.00193750 0.000613919
0.00200000 0.000604251
0.00208305 0.000592082
0.00216611 0.000580621
0.00224916 0.000569800
0.00233221 0.000559563
0.00241526 0.000549858
0.00249831 0.000540641
0.00258137 0.000531873
0.00266442 0.000523518
0.00275000 0.000515308
0.00284375 0.000506743
0.00293750 0.000498591
0.00312500 0.000483402
0.00331250 0.000469522
0.00350000 0.000456773
0.00362500 0.000448828
0.00375000 0.000441285
0.00400000 0.000427272
0.00425000 0.000414515
0.00443750 0.000405664
0.00462500 0.000397356
0.00481250 0.000389538
0.00500000 0.000382165
0.00531250 0.000370755
0.00562500 0.000360309
0.00593750 0.000350700
0.00625000 0.000341820
0.00656250 0.000333583
0.00687500 0.000325914
0.00750000 0.000312039
0.00800000 0.000302131
0.00875000 0.000288894
0.00937500 0.000279098
0.0100000 0.000270237
0.0106250 0.000262169
0.0112500 0.000254783
0.0125000 0.000241710
0.0137500 0.000230463
0.0150000 0.000220653
0.0168495 0.000208193
0.0168750 0.000208036
0.0169531 0.000207556
0.0170313 0.000207080
0.0171875 0.000206136
0.0175000 0.000204288
0.0187500 0.000197363
0.0200000 0.000191097
0.0226500 0.000179573
0.0253000 0.000169912
0.0280016 0.000161511
0.0307031 0.000154244
0.0334047 0.000147878
0.0361063 0.000142241
0.0395797 0.000135860
0.0430531 0.000130267
0.0465266 0.000125312
0.0500000 0.000120884
0.0506000 0.000120165
0.0527899 0.000117648
0.0549798 0.000115282
0.0593595 0.000110950
0.0593750 0.000110936
0.0594238 0.000110890
0.0594727 0.000110845
0.0595703 0.000110754
0.0597656 0.000110573
0.0601563 0.000110213
0.0609375 0.000109505
0.0625000 0.000108128
0.0687500 0.000103100
0.0750000 9.87138E-05
0.0843750 9.30737E-05
0.0844963 9.30069E-05
0.0848718 9.28012E-05
0.0852472 9.25968E-05
0.0859982 9.21922E-05
0.0875000 9.13986E-05
0.0906250 8.98110E-05
0.0937500 8.83038E-05
0.100000 8.55046E-05
0.112500 8.06256E-05
0.125000 7.65007E-05
0.137500 7.29527E-05
0.150000 6.98576E-05
0.168495 6.59257E-05
0.168750 6.58760E-05
0.169531 6.57246E-05
0.170313 6.55743E-05
0.171875 6.52766E-05
0.175000 6.46933E-05
0.187500 6.25074E-05
0.200000 6.05291E-05
0.216610 5.81690E-05
0.233221 5.60656E-05
0.266441 5.24682E-05
0.275000 5.16487E-05
0.293750 4.99789E-05
0.312500 4.84606E-05
0.350000 4.58003E-05
0.400000 4.28535E-05
0.425000 4.15774E-05
0.500000 3.83412E-05
0.625000 3.43078E-05
0.750000 3.13296E-05
0.800000 3.03368E-05
0.875000 2.90128E-05
1.00000 2.71567E-05
1.25000 2.43737E-05
1.50000 2.23255E-05
1.68495 2.11064E-05
1.68750 2.10911E-05
1.75000 2.07259E-05
2.00000 1.94341E-05
2.66441 1.69230E-05
2.75000 1.66701E-05
2.93750 1.61465E-05
3.12500 1.56694E-05
3.50000 1.48380E-05
4.00000 1.39123E-05
4.25000 1.35120E-05
5.00000 1.24909E-05
6.25000 1.12177E-05
7.50000 1.02747E-05
8.00000 9.95819E-06
8.75000 9.53918E-06
10.0000 8.94561E-06
12.5000 8.11067E-06
15.0000 7.49023E-06
16.8495 7.11827E-06
16.8750 7.11361E-06
17.5000 7.00363E-06
20.0000 6.60683E-06
27.5000 5.87526E-06
35.0000 5.37533E-06
40.0000 5.11527E-06
42.5000 5.00520E-06
50.0000 4.71297E-06
62.5000 4.45629E-06
75.0000 4.25733E-06
87.5000 4.09573E-06
100.000 3.96201E-06
125.000 3.84331E-06
150.000 3.74916E-06
175.000 3.74700E-06
200.000 3.74588E-06
275.000 3.74252E-06
300.000 3.74205E-06
350.000 3.82120E-06
425.000 3.92906E-06
500.000 4.02547E-06
625.000 4.23861E-06
700.000 4.35502E-06
750.000 4.44044E-06
875.000 4.64232E-06
900.000 4.68145E-06
1000.00 4.84338E-06
1100.00 4.99529E-06
1250.00 5.23793E-06
1500.00 5.60528E-06
1750.00 5.93849E-06
2000.00 6.24578E-06
2750.00 7.17813E-06
3500.00 7.97630E-06
4000.00 8.45773E-06
4250.00 8.68181E-06
5000.00 9.32482E-06
6250.00 1.02366E-05
7500.00 1.11482E-05
8750.00 1.20597E-05
10000.0 1.29710E-05
12500.0 1.44059E-05
15000.0 1.58401E-05
17500.0 1.69137E-05
20000.0 1.79870E-05
22500.0 1.90602E-05
25000.0 2.01334E-05
27500.0 2.12066E-05
30000.0 2.22799E-05
32500.0 2.33531E-05
35000.0 2.44259E-05
37500.0 2.52600E-05
40000.0 2.60937E-05
42500.0 2.69274E-05
45000.0 2.77612E-05
47500.0 2.85949E-05
50000.0 2.94286E-05
52500.0 3.02623E-05
55000.0 3.10958E-05
57500.0 3.18278E-05
60000.0 3.25595E-05
62500.0 3.32913E-05
65000.0 3.40230E-05
67500.0 3.47548E-05
70000.0 3.54865E-05
75000.0 3.69499E-05
80000.0 3.83025E-05
85000.0 3.96550E-05
90000.0 4.10075E-05
95000.0 4.23599E-05
100000 4.36500E-05
105000 4.49400E-05
110000 4.62300E-05
115000 4.75200E-05
120000 4.87814E-05
125000 5.00429E-05
130000 5.13043E-05
135000 5.25657E-05
140000 5.38271E-05
150000 5.63501E-05
160000 5.89500E-05
170000 6.15500E-05
180000 6.41500E-05
190000 6.67500E-05
200000 6.93504E-05
210000 7.23720E-05
220000 7.53940E-05
230000 7.84160E-05
240000 8.14380E-05
250000 8.44609E-05
260000 8.82767E-05
270000 9.20933E-05
280000 9.59112E-05
300000 0.000105442
320000 0.000117543
340000 0.000133935
360000 0.000158097
370000 0.000175198
380000 0.000197701
390000 0.000228176
395000 0.000249130
400000 0.000270115
405000 0.000296259
410000 0.000325402
415000 0.000355154
420000 0.000379531
425000 0.000387300
430000 0.000364886
434000 0.000319198
435000 0.000307688
440000 0.000229898
445000 0.000154641
450000 9.62475E-05
455000 5.66756E-05
460000 3.19705E-05
465000 2.06190E-05
470000 9.33558E-06
475000 6.53395E-06
480000 3.76910E-06
490000 4.63283E-06
500000 7.77032E-06
520000 1.46440E-05
540000 2.15182E-05
550000 2.49528E-05
560000 2.69190E-05
580000 3.08463E-05
600000 3.47717E-05
620000 3.65042E-05
640000 3.82347E-05
650000 3.90986E-05
660000 3.92100E-05
680000 3.94300E-05
700000 3.96489E-05
720000 3.87620E-05
740000 3.78740E-05
750000 3.74293E-05
760000 3.66340E-05
780000 3.50420E-05
800000 3.34501E-05
810000 3.26775E-05
820000 3.19050E-05
830000 3.11326E-05
840000 3.03601E-05
850000 2.95897E-05
860000 2.97936E-05
870000 2.99995E-05
880000 3.02055E-05
890000 3.04114E-05
900000 3.06218E-05
910000 3.28625E-05
920000 3.51122E-05
930000 3.94838E-05
940000 4.38657E-05
950000 5.08150E-05
960000 5.77736E-05
970000 6.63300E-05
980000 7.48786E-05
990000 7.83950E-05
1.00000E+06 8.18798E-05
1.01000E+06 7.65200E-05
1.02000E+06 7.11400E-05
1.03000E+06 6.36950E-05
1.04000E+06 5.62500E-05
1.05000E+06 5.08800E-05
1.06000E+06 4.55100E-05
1.07000E+06 4.21550E-05
1.08000E+06 3.88000E-05
1.09000E+06 3.67200E-05
1.10000E+06 3.46400E-05
1.11000E+06 3.36040E-05
1.12000E+06 3.25680E-05
1.13000E+06 3.15320E-05
1.14000E+06 3.04960E-05
1.15000E+06 2.94600E-05
1.16000E+06 2.89580E-05
1.17000E+06 2.84560E-05
1.18000E+06 2.79540E-05
1.19000E+06 2.74520E-05
1.20000E+06 2.69500E-05
1.21000E+06 2.64800E-05
1.22000E+06 2.59800E-05
1.23000E+06 2.53900E-05
1.24000E+06 2.46500E-05
1.25000E+06 2.36900E-05
1.25500E+06 2.30150E-05
1.26000E+06 2.23400E-05
1.26500E+06 2.13300E-05
1.27000E+06 2.03200E-05
1.27500E+06 1.87450E-05
1.28000E+06 1.71700E-05
1.28500E+06 1.46800E-05
1.29000E+06 1.21900E-05
1.29500E+06 8.87260E-06
1.30000E+06 5.55520E-06
1.30500E+06 3.86800E-06
1.30700E+06 3.19312E-06
1.30900E+06 2.51824E-06
1.31000E+06 2.18080E-06
1.31100E+06 2.74633E-06
1.31300E+06 3.87739E-06
1.31500E+06 5.00845E-06
1.31700E+06 6.13951E-06
1.31900E+06 7.27057E-06
1.32000E+06 7.83610E-06
1.32100E+06 8.64749E-06
1.32500E+06 1.18931E-05
1.33000E+06 1.59500E-05
1.33500E+06 1.86100E-05
1.34000E+06 2.12700E-05
1.34500E+06 2.27350E-05
1.35000E+06 2.42000E-05
1.36000E+06 2.58300E-05
1.37000E+06 2.67900E-05
1.38000E+06 2.73900E-05
1.39000E+06 2.77700E-05
1.40000E+06 2.80400E-05
1.41000E+06 2.82100E-05
1.42000E+06 2.83800E-05
1.43000E+06 2.84900E-05
1.44000E+06 2.86000E-05
1.45000E+06 2.86750E-05
1.46000E+06 2.87500E-05
1.47000E+06 2.88150E-05
1.48000E+06 2.88800E-05
1.49000E+06 2.89400E-05
1.50000E+06 2.90000E-05
1.51000E+06 2.90650E-05
1.52000E+06 2.91300E-05
1.53000E+06 2.92050E-05
1.54000E+06 2.92800E-05
1.55000E+06 2.93800E-05
1.56000E+06 2.95000E-05
1.57000E+06 2.96600E-05
1.58000E+06 2.98800E-05
1.59000E+06 3.02000E-05
1.60000E+06 3.07200E-05
1.60200E+06 3.09060E-05
1.60400E+06 3.10920E-05
1.60600E+06 3.12780E-05
1.60800E+06 3.14640E-05
1.61000E+06 3.16500E-05
1.61200E+06 3.20380E-05
1.61400E+06 3.24260E-05
1.61600E+06 3.28140E-05
1.61800E+06 3.32020E-05
1.62000E+06 3.35900E-05
1.62200E+06 3.46620E-05
1.62400E+06 3.57340E-05
1.62600E+06 3.68060E-05
1.62800E+06 3.78780E-05
1.63000E+06 3.89500E-05
1.63200E+06 4.42300E-05
1.63400E+06 4.95100E-05
1.63600E+06 5.47900E-05
1.63800E+06 6.00700E-05
1.64000E+06 6.53500E-05
1.64100E+06 7.42950E-05
1.64200E+06 8.32400E-05
1.64300E+06 0.000100620
1.64400E+06 0.000118000
1.64500E+06 0.000157835
1.64600E+06 0.000197670
1.64650E+06 0.000254668
1.64700E+06 0.000311665
1.64750E+06 0.000368663
1.64800E+06 0.000425660
1.64850E+06 0.000573233
1.64900E+06 0.000720805
1.64950E+06 0.000868378
1.65000E+06 0.00101595
1.65050E+06 0.000948570
1.65100E+06 0.000881190
1.65150E+06 0.000813810
1.65200E+06 0.000746430
1.65250E+06 0.000635883
1.65300E+06 0.000525335
1.65350E+06 0.000414788
1.65400E+06 0.000304240
1.65500E+06 0.000231775
1.65600E+06 0.000159310
1.65700E+06 0.000131415
1.65800E+06 0.000103520
1.65900E+06 9.04050E-05
1.66000E+06 7.72900E-05
1.66100E+06 7.39610E-05
1.66200E+06 7.06320E-05
1.66300E+06 6.73030E-05
1.66400E+06 6.39740E-05
1.66500E+06 6.06450E-05
1.66600E+06 5.73160E-05
1.66700E+06 5.39870E-05
1.66800E+06 5.06580E-05
1.66900E+06 4.73290E-05
1.67000E+06 4.40000E-05
1.67100E+06 4.44840E-05
1.67200E+06 4.49680E-05
1.67300E+06 4.54520E-05
1.67400E+06 4.59360E-05
1.67500E+06 4.64200E-05
1.67600E+06 4.69040E-05
1.67700E+06 4.73880E-05
1.67800E+06 4.78720E-05
1.67900E+06 4.83560E-05
1.68000E+06 4.88400E-05
1.68100E+06 5.32150E-05
1.68200E+06 5.75900E-05
1.68300E+06 6.85650E-05
1.68400E+06 7.95400E-05
1.68500E+06 0.000118820
1.68600E+06 0.000158100
1.68700E+06 0.000304790
1.68800E+06 0.00101149
1.68880E+06 0.0119689
1.68890E+06 0.0248327
1.68900E+06 0.0756585
1.68902E+06 0.141552
1.68904E+06 0.207445
1.68906E+06 0.273338
1.68908E+06 0.339231
1.68910E+06 0.405124
1.68912E+06 0.348954
1.68914E+06 0.292784
1.68916E+06 0.236615
1.68918E+06 0.180445
1.68920E+06 0.124275
1.68922E+06 0.106104
1.68924E+06 0.0879321
1.68926E+06 0.0697606
1.68928E+06 0.0515891
1.68930E+06 0.0334176
1.68932E+06 0.0296743
1.68934E+06 0.0259310
1.68936E+06 0.0221877
1.68938E+06 0.0184444
1.68940E+06 0.0147010
1.68942E+06 0.0142642
1.68944E+06 0.0138274
1.68946E+06 0.0133905
1.68948E+06 0.0129537
1.68950E+06 0.0125168
1.68952E+06 0.0120800
1.68954E+06 0.0116432
1.68956E+06 0.0112063
1.68958E+06 0.0107695
1.68960E+06 0.0103326
1.69000E+06 0.00159585
1.69100E+06 0.000378020
1.69200E+06 0.000179920
1.69400E+06 8.35000E-05
1.69600E+06 5.76600E-05
1.69800E+06 4.70700E-05
1.70000E+06 4.16900E-05
1.70200E+06 4.00480E-05
1.70400E+06 3.84060E-05
1.70600E+06 3.67640E-05
1.70800E+06 3.51220E-05
1.71000E+06 3.34800E-05
1.71200E+06 3.30960E-05
1.71400E+06 3.27120E-05
1.71600E+06 3.23280E-05
1.71800E+06 3.19440E-05
1.72000E+06 3.15600E-05
1.72200E+06 3.14360E-05
1.72400E+06 3.13120E-05
1.72600E+06 3.11880E-05
1.72800E+06 3.10640E-05
1.73000E+06 3.09400E-05
1.73200E+06 3.08160E-05
1.73400E+06 3.06920E-05
1.73600E+06 3.05680E-05
1.73800E+06 3.04440E-05
1.74000E+06 3.03200E-05
1.74200E+06 3.02710E-05
1.74400E+06 3.02220E-05
1.74600E+06 3.01730E-05
1.74800E+06 3.01240E-05
1.75000E+06 3.00750E-05
1.75200E+06 3.00260E-05
1.75400E+06 2.99770E-05
1.75600E+06 2.99280E-05
1.75800E+06 2.98790E-05
1.76000E+06 2.98300E-05
1.76200E+06 2.98000E-05
1.76400E+06 2.97700E-05
1.76600E+06 2.97400E-05
1.76800E+06 2.97100E-05
1.77000E+06 2.96800E-05
1.77200E+06 2.96500E-05
1.77400E+06 2.96200E-05
1.77600E+06 2.95900E-05
1.77800E+06 2.95600E-05
1.78000E+06 2.95300E-05
1.78200E+06 2.95040E-05
1.78400E+06 2.94780E-05
1.78600E+06 2.94520E-05
1.78800E+06 2.94260E-05
1.79000E+06 2.94000E-05
1.79200E+06 2.93740E-05
1.79400E+06 2.93480E-05
1.79600E+06 2.93220E-05
1.79800E+06 2.92960E-05
1.80000E+06 2.92700E-05
1.80200E+06 2.92750E-05
1.80400E+06 2.92800E-05
1.80600E+06 2.92850E-05
1.80800E+06 2.92900E-05
1.81000E+06 2.92950E-05
1.81200E+06 2.93000E-05
1.81400E+06 2.93050E-05
1.81600E+06 2.93100E-05
1.81800E+06 2.93150E-05
1.82000E+06 2.93200E-05
1.82200E+06 2.95500E-05
1.82300E+06 2.97900E-05
1.82400E+06 3.00300E-05
1.82500E+06 3.05400E-05
1.82600E+06 3.10500E-05
1.82700E+06 3.21950E-05
1.82800E+06 3.33400E-05
1.82900E+06 3.58950E-05
1.83000E+06 3.84500E-05
1.83100E+06 4.23750E-05
1.83200E+06 4.63000E-05
1.83300E+06 4.68950E-05
1.83330E+06 4.70735E-05
1.83400E+06 4.74900E-05
1.83500E+06 4.48500E-05
1.83600E+06 4.22100E-05
1.83700E+06 4.00850E-05
1.83800E+06 3.79600E-05
1.83900E+06 3.66950E-05
1.84000E+06 3.54300E-05
1.84100E+06 3.46750E-05
1.84200E+06 3.39200E-05
1.84300E+06 3.34400E-05
1.84400E+06 3.29600E-05
1.84500E+06 3.26300E-05
1.84600E+06 3.23000E-05
1.84700E+06 3.20700E-05
1.84800E+06 3.18400E-05
1.84900E+06 3.16700E-05
1.85000E+06 3.15000E-05
1.85100E+06 3.13650E-05
1.85200E+06 3.12300E-05
1.85300E+06 3.11300E-05
1.85400E+06 3.10300E-05
1.85500E+06 3.09450E-05
1.85600E+06 3.08600E-05
1.85700E+06 3.07900E-05
1.85800E+06 3.07200E-05
1.85900E+06 3.06600E-05
1.86000E+06 3.06000E-05
1.86100E+06 3.05500E-05
1.86200E+06 3.05000E-05
1.86300E+06 3.04600E-05
1.86400E+06 3.04200E-05
1.86600E+06 3.03400E-05
1.86800E+06 3.02800E-05
1.87000E+06 3.02200E-05
1.87200E+06 3.01800E-05
1.87400E+06 3.01400E-05
1.87600E+06 3.01000E-05
1.87800E+06 3.00600E-05
1.88000E+06 3.00200E-05
1.88200E+06 2.99800E-05
1.88400E+06 2.99400E-05
1.88500E+06 2.99200E-05
1.88600E+06 2.99080E-05
1.88800E+06 2.98840E-05
1.89000E+06 2.98600E-05
1.89200E+06 2.98360E-05
1.89400E+06 2.98120E-05
1.89600E+06 2.97880E-05
1.89800E+06 2.97640E-05
1.90000E+06 2.97400E-05
1.90200E+06 2.97256E-05
1.90400E+06 2.97112E-05
1.90600E+06 2.96968E-05
1.90800E+06 2.96824E-05
1.91000E+06 2.96680E-05
1.91200E+06 2.96536E-05
1.91400E+06 2.96392E-05
1.91600E+06 2.96248E-05
1.91800E+06 2.96104E-05
1.92000E+06 2.95960E-05
1.92200E+06 2.95816E-05
1.92400E+06 2.95672E-05
1.92600E+06 2.95528E-05
1.92800E+06 2.95384E-05
1.93000E+06 2.95240E-05
1.93200E+06 2.95096E-05
1.93400E+06 2.94952E-05
1.93600E+06 2.94808E-05
1.93800E+06 2.94664E-05
1.94000E+06 2.94520E-05
1.94200E+06 2.94376E-05
1.94400E+06 2.94232E-05
1.94600E+06 2.94088E-05
1.95000E+06 2.93800E-05
1.95500E+06 2.93520E-05
1.96000E+06 2.93240E-05
1.96500E+06 2.92960E-05
1.97000E+06 2.92680E-05
1.97500E+06 2.92400E-05
1.98000E+06 2.92120E-05
1.98500E+06 2.91840E-05
1.99000E+06 2.91560E-05
1.99500E+06 2.91280E-05
2.00000E+06 2.91000E-05
2.02000E+06 2.93218E-05
2.04000E+06 2.95435E-05
2.06000E+06 2.97653E-05
2.08000E+06 2.99871E-05
2.10000E+06 3.02088E-05
2.12000E+06 3.02612E-05
2.14000E+06 3.03135E-05
2.16000E+06 3.03659E-05
2.18000E+06 3.04182E-05
2.20000E+06 3.04706E-05
2.21000E+06 3.05042E-05
2.22000E+06 3.05379E-05
2.23000E+06 3.05716E-05
2.24000E+06 3.06052E-05
2.25000E+06 3.06389E-05
2.26000E+06 3.06726E-05
2.27000E+06 3.07062E-05
2.28000E+06 3.07399E-05
2.29000E+06 3.07736E-05
2.30000E+06 3.08072E-05
2.31000E+06 3.08483E-05
2.32000E+06 3.08894E-05
2.33000E+06 3.09305E-05
2.33500E+06 3.09510E-05
2.34000E+06 3.09716E-05
2.34500E+06 3.09921E-05
2.35000E+06 3.10127E-05
2.35500E+06 3.10332E-05
2.36000E+06 3.10538E-05
2.36500E+06 3.10743E-05
2.37000E+06 3.10948E-05
2.38000E+06 3.11359E-05
2.39000E+06 3.11770E-05
2.40000E+06 3.12181E-05
2.41000E+06 3.12665E-05
2.42000E+06 3.13150E-05
2.43000E+06 3.13634E-05
2.44000E+06 3.14118E-05
2.45000E+06 3.14603E-05
2.46000E+06 3.15087E-05
2.47000E+06 3.15571E-05
2.48000E+06 3.16056E-05
2.49000E+06 3.16540E-05
2.50000E+06 3.17024E-05
2.51000E+06 3.17582E-05
2.52000E+06 3.18139E-05
2.53000E+06 3.18697E-05
2.54000E+06 3.19255E-05
2.55000E+06 3.19812E-05
2.56000E+06 3.20370E-05
2.57000E+06 3.20927E-05
2.58000E+06 3.21485E-05
2.59000E+06 3.22042E-05
2.60000E+06 3.22600E-05
2.62000E+06 3.23936E-05
2.64000E+06 3.25273E-05
2.66000E+06 3.26610E-05
2.68000E+06 3.27946E-05
2.70000E+06 3.29283E-05
2.72000E+06 3.30620E-05
2.74000E+06 3.31956E-05
2.76000E+06 3.33293E-05
2.78000E+06 3.34630E-05
2.80000E+06 3.35966E-05
2.82000E+06 3.37608E-05
2.84000E+06 3.39250E-05
2.86000E+06 3.40892E-05
2.88000E+06 3.42534E-05
2.88100E+06 3.42616E-05
2.88200E+06 3.42698E-05
2.88300E+06 3.42780E-05
2.88400E+06 3.42862E-05
2.88500E+06 3.42944E-05
2.88600E+06 3.43026E-05
2.88700E+06 3.43109E-05
2.88800E+06 3.43191E-05
2.88880E+06 3.43256E-05
2.88885E+06 3.43260E-05
2.88890E+06 3.43264E-05
2.88895E+06 3.43269E-05
2.88900E+06 3.43273E-05
2.88905E+06 3.43277E-05
2.88910E+06 3.43281E-05
2.88915E+06 3.43285E-05
2.88920E+06 3.43289E-05
2.88925E+06 3.43293E-05
2.88930E+06 3.43297E-05
2.88935E+06 3.43301E-05
2.88940E+06 3.43306E-05
2.88945E+06 3.43310E-05
2.88950E+06 3.43314E-05
2.88955E+06 3.43318E-05
2.88960E+06 3.43322E-05
2.89000E+06 3.43355E-05
2.89200E+06 3.43519E-05
2.89400E+06 3.43683E-05
2.89600E+06 3.43847E-05
2.89800E+06 3.44012E-05
2.90000E+06 3.44176E-05
2.90500E+06 3.44586E-05
2.91000E+06 3.44997E-05
2.91500E+06 3.45407E-05
2.92000E+06 3.45818E-05
2.92500E+06 3.46228E-05
2.93000E+06 3.46639E-05
2.93500E+06 3.47049E-05
2.94000E+06 3.47460E-05
2.94500E+06 3.47870E-05
2.95000E+06 3.48281E-05
2.95500E+06 3.48691E-05
2.96000E+06 3.49101E-05
2.96500E+06 3.49512E-05
2.97000E+06 3.49922E-05
2.97500E+06 3.50333E-05
2.98000E+06 3.50743E-05
2.98500E+06 3.51154E-05
2.99000E+06 3.51564E-05
2.99500E+06 3.51975E-05
3.00000E+06 3.52385E-05
3.00100E+06 3.52489E-05
3.00200E+06 3.52592E-05
3.00300E+06 3.52695E-05
3.00400E+06 3.52799E-05
3.00500E+06 3.52902E-05
3.00600E+06 3.53006E-05
3.00650E+06 3.53057E-05
3.00660E+06 3.53068E-05
3.00670E+06 3.53078E-05
3.00680E+06 3.53088E-05
3.00690E+06 3.53099E-05
3.00700E+06 3.53109E-05
3.00710E+06 3.53119E-05
3.00720E+06 3.53130E-05
3.00730E+06 3.53140E-05
3.00740E+06 3.53150E-05
3.00750E+06 3.53161E-05
3.00800E+06 3.53212E-05
3.01000E+06 3.53419E-05
3.02000E+06 3.54453E-05
3.03000E+06 3.55487E-05
3.04000E+06 3.56521E-05
3.05000E+06 3.57555E-05
3.06000E+06 3.58588E-05
3.07000E+06 3.59622E-05
3.08000E+06 3.60656E-05
3.09000E+06 3.61690E-05
3.10000E+06 3.62724E-05
3.11000E+06 3.63758E-05
3.12000E+06 3.64792E-05
3.13000E+06 3.65825E-05
3.14000E+06 3.66859E-05
3.15000E+06 3.67893E-05
3.16000E+06 3.68927E-05
3.17000E+06 3.69961E-05
3.18000E+06 3.70995E-05
3.19000E+06 3.72029E-05
3.20000E+06 3.73063E-05
3.20100E+06 3.73166E-05
3.20200E+06 3.73269E-05
3.20300E+06 3.73373E-05
3.20400E+06 3.73476E-05
3.20500E+06 3.73579E-05
3.20600E+06 3.73683E-05
3.20700E+06 3.73786E-05
3.20800E+06 3.73890E-05
3.20900E+06 3.73993E-05
3.20950E+06 3.74045E-05
3.21000E+06 3.74096E-05
3.21050E+06 3.74148E-05
3.21100E+06 3.74200E-05
3.21150E+06 3.74251E-05
3.21200E+06 3.74303E-05
3.21250E+06 3.74355E-05
3.21300E+06 3.74407E-05
3.21350E+06 3.74458E-05
3.21400E+06 3.74510E-05
3.21500E+06 3.74613E-05
3.21600E+06 3.74717E-05
3.21800E+06 3.74923E-05
3.22000E+06 3.75130E-05
3.23000E+06 3.76164E-05
3.24000E+06 3.77198E-05
3.25000E+06 3.78232E-05
3.26000E+06 3.79266E-05
3.27000E+06 3.80300E-05
3.28000E+06 3.81333E-05
3.29000E+06 3.82367E-05
3.30000E+06 3.83401E-05
3.31000E+06 3.84435E-05
3.32000E+06 3.85469E-05
3.33000E+06 3.86503E-05
3.34000E+06 3.87537E-05
3.35000E+06 3.88570E-05
3.36000E+06 3.89604E-05
3.37000E+06 3.90638E-05
3.38000E+06 3.91672E-05
3.39000E+06 3.92706E-05
3.40000E+06 3.93740E-05
3.41000E+06 3.94774E-05
3.42000E+06 3.95808E-05
3.43000E+06 3.96841E-05
3.43200E+06 3.97048E-05
3.43400E+06 3.97255E-05
3.43600E+06 3.97462E-05
3.43800E+06 3.97668E-05
3.43820E+06 3.97689E-05
3.43840E+06 3.97710E-05
3.43860E+06 3.97731E-05
3.43880E+06 3.97751E-05
3.43900E+06 3.97772E-05
3.43920E+06 3.97793E-05
3.43940E+06 3.97813E-05
3.43960E+06 3.97834E-05
3.43980E+06 3.97855E-05
3.44000E+06 3.97875E-05
3.44050E+06 3.97927E-05
3.44100E+06 3.97979E-05
3.44150E+06 3.98030E-05
3.44200E+06 3.98082E-05
3.44250E+06 3.98134E-05
3.44300E+06 3.98185E-05
3.44350E+06 3.98237E-05
3.44400E+06 3.98289E-05
3.44450E+06 3.98341E-05
3.44500E+06 3.98392E-05
3.44600E+06 3.98496E-05
3.44700E+06 3.98599E-05
3.44800E+06 3.98702E-05
3.44900E+06 3.98806E-05
3.45000E+06 3.98909E-05
3.46000E+06 3.99943E-05
3.48000E+06 4.02011E-05
3.50000E+06 4.04078E-05
3.52000E+06 4.06386E-05
3.54000E+06 4.08693E-05
3.56000E+06 4.11000E-05
3.58000E+06 4.13307E-05
3.60000E+06 4.15614E-05
3.62000E+06 4.17921E-05
3.63000E+06 4.19075E-05
3.63200E+06 4.19306E-05
3.63400E+06 4.19536E-05
3.63600E+06 4.19767E-05
3.63800E+06 4.19998E-05
3.64000E+06 4.20229E-05
3.64050E+06 4.20286E-05
3.64100E+06 4.20344E-05
3.64150E+06 4.20402E-05
3.64200E+06 4.20459E-05
3.64250E+06 4.20517E-05
3.64300E+06 4.20575E-05
3.64400E+06 4.20690E-05
3.64600E+06 4.20921E-05
3.64800E+06 4.21151E-05
3.65000E+06 4.21382E-05
3.66000E+06 4.22536E-05
3.68000E+06 4.24843E-05
3.70000E+06 4.27150E-05
3.71000E+06 4.28304E-05
3.72000E+06 4.29457E-05
3.73000E+06 4.30611E-05
3.74000E+06 4.31764E-05
3.74900E+06 4.32803E-05
3.75100E+06 4.33033E-05
3.75300E+06 4.33264E-05
3.75500E+06 4.33495E-05
3.75700E+06 4.33725E-05
3.75900E+06 4.33956E-05
3.76100E+06 4.34187E-05
3.76300E+06 4.34418E-05
3.76500E+06 4.34648E-05
3.76700E+06 4.34879E-05
3.76900E+06 4.35110E-05
3.77100E+06 4.35340E-05
3.77300E+06 4.35571E-05
3.77500E+06 4.35802E-05
3.77700E+06 4.36033E-05
3.77900E+06 4.36263E-05
3.78100E+06 4.36494E-05
3.78300E+06 4.36725E-05
3.78500E+06 4.36955E-05
3.78700E+06 4.37186E-05
3.78900E+06 4.37417E-05
3.79100E+06 4.37648E-05
3.79300E+06 4.37878E-05
3.79500E+06 4.38109E-05
3.79700E+06 4.38340E-05
3.79900E+06 4.38570E-05
3.81000E+06 4.39839E-05
3.82000E+06 4.40993E-05
3.83000E+06 4.42147E-05
3.84000E+06 4.43300E-05
3.85000E+06 4.44454E-05
3.86000E+06 4.45607E-05
3.87000E+06 4.46761E-05
3.88000E+06 4.47914E-05
3.89000E+06 4.49068E-05
3.90000E+06 4.50222E-05
3.91000E+06 4.51375E-05
3.92000E+06 4.52529E-05
3.93000E+06 4.53682E-05
3.94000E+06 4.54836E-05
3.95000E+06 4.55990E-05
3.96000E+06 4.57143E-05
3.97000E+06 4.58297E-05
3.98000E+06 4.59450E-05
3.99000E+06 4.60604E-05
4.00000E+06 4.61757E-05
4.01000E+06 4.62932E-05
4.02000E+06 4.64107E-05
4.03000E+06 4.65282E-05
4.04000E+06 4.66457E-05
4.05000E+06 4.67632E-05
4.06000E+06 4.68807E-05
4.07000E+06 4.69982E-05
4.08000E+06 4.71157E-05
4.09000E+06 4.72331E-05
4.10000E+06 4.73506E-05
4.11000E+06 4.74681E-05
4.12000E+06 4.75856E-05
4.13000E+06 4.77031E-05
4.14000E+06 4.78206E-05
4.15000E+06 4.79381E-05
4.16000E+06 4.80556E-05
4.17000E+06 4.81730E-05
4.18000E+06 4.82905E-05
4.19000E+06 4.84080E-05
4.20000E+06 4.85255E-05
4.21000E+06 4.86430E-05
4.22000E+06 4.87605E-05
4.23000E+06 4.88780E-05
4.24000E+06 4.89955E-05
4.25000E+06 4.91130E-05
4.26000E+06 4.92304E-05
4.27000E+06 4.93479E-05
4.27500E+06 4.94067E-05
4.28000E+06 4.94654E-05
4.28500E+06 4.95242E-05
4.29000E+06 4.95829E-05
4.29500E+06 4.96416E-05
4.30000E+06 4.97004E-05
4.30500E+06 4.97591E-05
4.31000E+06 4.98179E-05
4.31500E+06 4.98766E-05
4.32000E+06 4.99354E-05
4.32500E+06 4.99941E-05
4.33000E+06 5.00529E-05
4.33500E+06 5.01116E-05
4.34000E+06 5.01703E-05
4.34500E+06 5.02291E-05
4.35000E+06 5.02878E-05
4.36000E+06 5.04053E-05
4.37000E+06 5.05228E-05
4.38000E+06 5.06403E-05
4.39000E+06 5.07578E-05
4.40000E+06 5.08753E-05
4.40500E+06 5.09340E-05
4.41000E+06 5.09928E-05
4.41500E+06 5.10515E-05
4.42000E+06 5.11102E-05
4.42500E+06 5.11690E-05
4.43000E+06 5.12277E-05
4.43500E+06 5.12865E-05
4.44000E+06 5.13452E-05
4.44500E+06 5.14040E-05
4.45000E+06 5.14627E-05
4.45100E+06 5.14745E-05
4.45200E+06 5.14862E-05
4.45300E+06 5.14980E-05
4.45400E+06 5.15097E-05
4.45500E+06 5.15215E-05
4.45600E+06 5.15332E-05
4.45700E+06 5.15450E-05
4.45800E+06 5.15567E-05
4.45900E+06 5.15685E-05
4.46000E+06 5.15802E-05
4.46100E+06 5.15920E-05
4.46200E+06 5.16037E-05
4.46300E+06 5.16154E-05
4.46400E+06 5.16272E-05
4.46500E+06 5.16389E-05
4.46600E+06 5.16507E-05
4.46700E+06 5.16624E-05
4.46800E+06 5.16742E-05
4.46900E+06 5.16859E-05
4.47000E+06 5.16977E-05
4.47100E+06 5.17094E-05
4.47200E+06 5.17212E-05
4.47300E+06 5.17329E-05
4.47400E+06 5.17447E-05
4.47500E+06 5.17564E-05
4.47600E+06 5.17682E-05
4.47700E+06 5.17799E-05
4.47800E+06 5.17917E-05
4.47900E+06 5.18034E-05
4.48000E+06 5.18152E-05
4.48100E+06 5.18269E-05
4.48200E+06 5.18387E-05
4.48300E+06 5.18504E-05
4.48400E+06 5.18622E-05
4.48500E+06 5.18739E-05
4.48600E+06 5.18857E-05
4.48700E+06 5.18974E-05
4.48800E+06 5.19092E-05
4.48900E+06 5.19209E-05
4.49000E+06 5.19327E-05
4.49500E+06 5.19914E-05
4.50000E+06 5.20502E-05
4.50500E+06 5.20980E-05
4.51000E+06 5.21458E-05
4.51500E+06 5.21936E-05
4.51600E+06 5.22032E-05
4.51700E+06 5.22127E-05
4.51800E+06 5.22223E-05
4.51900E+06 5.22319E-05
4.52000E+06 5.22414E-05
4.52100E+06 5.22510E-05
4.52200E+06 5.22606E-05
4.52300E+06 5.22701E-05
4.52400E+06 5.22797E-05
4.52500E+06 5.22893E-05
4.52600E+06 5.22988E-05
4.52700E+06 5.23084E-05
4.52800E+06 5.23179E-05
4.52900E+06 5.23275E-05
4.53000E+06 5.23371E-05
4.53100E+06 5.23466E-05
4.53200E+06 5.23562E-05
4.53300E+06 5.23658E-05
4.53400E+06 5.23753E-05
4.53500E+06 5.23849E-05
4.53600E+06 5.23945E-05
4.53700E+06 5.24040E-05
4.53800E+06 5.24136E-05
4.53900E+06 5.24232E-05
4.54000E+06 5.24327E-05
4.54100E+06 5.24423E-05
4.54200E+06 5.24518E-05
4.54300E+06 5.24614E-05
4.54400E+06 5.24710E-05
4.54500E+06 5.24805E-05
4.54600E+06 5.24901E-05
4.54700E+06 5.24997E-05
4.54800E+06 5.25092E-05
4.54900E+06 5.25188E-05
4.55000E+06 5.25284E-05
4.55500E+06 5.25762E-05
4.56000E+06 5.26240E-05
4.56500E+06 5.26718E-05
4.57000E+06 5.27196E-05
4.57500E+06 5.27675E-05
4.58000E+06 5.28153E-05
4.58500E+06 5.28631E-05
4.58600E+06 5.28727E-05
4.58700E+06 5.28822E-05
4.58800E+06 5.28918E-05
4.58900E+06 5.29014E-05
4.59000E+06 5.29109E-05
4.59100E+06 5.29205E-05
4.59200E+06 5.29300E-05
4.59300E+06 5.29396E-05
4.59310E+06 5.29406E-05
4.59320E+06 5.29415E-05
4.59330E+06 5.29425E-05
4.59340E+06 5.29434E-05
4.59350E+06 5.29444E-05
4.59360E+06 5.29453E-05
4.59370E+06 5.29463E-05
4.59380E+06 5.29473E-05
4.59390E+06 5.29482E-05
4.59400E+06 5.29492E-05
4.59410E+06 5.29501E-05
4.59420E+06 5.29511E-05
4.59430E+06 5.29520E-05
4.59440E+06 5.29530E-05
4.59450E+06 5.29540E-05
4.59460E+06 5.29549E-05
4.59470E+06 5.29559E-05
4.59480E+06 5.29568E-05
4.59490E+06 5.29578E-05
4.59500E+06 5.29587E-05
4.59510E+06 5.29597E-05
4.59520E+06 5.29606E-05
4.59530E+06 5.29616E-05
4.59540E+06 5.29626E-05
4.59550E+06 5.29635E-05
4.59560E+06 5.29645E-05
4.59570E+06 5.29654E-05
4.59580E+06 5.29664E-05
4.59590E+06 5.29673E-05
4.59600E+06 5.29683E-05
4.59610E+06 5.29693E-05
4.59620E+06 5.29702E-05
4.59630E+06 5.29712E-05
4.59640E+06 5.29721E-05
4.59650E+06 5.29731E-05
4.59660E+06 5.29740E-05
4.59670E+06 5.29750E-05
4.59680E+06 5.29760E-05
4.59690E+06 5.29769E-05
4.59700E+06 5.29779E-05
4.59800E+06 5.29874E-05
4.60000E+06 5.30066E-05
4.60200E+06 5.30257E-05
4.60400E+06 5.30448E-05
4.60600E+06 5.30639E-05
4.60800E+06 5.30831E-05
4.61000E+06 5.31022E-05
4.61200E+06 5.31213E-05
4.61400E+06 5.31405E-05
4.61600E+06 5.31596E-05
4.61800E+06 5.31787E-05
4.62000E+06 5.31978E-05
4.62200E+06 5.32170E-05
4.62400E+06 5.32361E-05
4.62600E+06 5.32552E-05
4.62650E+06 5.32600E-05
4.62700E+06 5.32648E-05
4.62750E+06 5.32696E-05
4.62800E+06 5.32743E-05
4.62850E+06 5.32791E-05
4.62900E+06 5.32839E-05
4.62950E+06 5.32887E-05
4.63000E+06 5.32935E-05
4.63050E+06 5.32983E-05
4.63100E+06 5.33030E-05
4.63150E+06 5.33078E-05
4.63200E+06 5.33126E-05
4.63250E+06 5.33174E-05
4.63300E+06 5.33222E-05
4.63350E+06 5.33269E-05
4.63400E+06 5.33317E-05
4.63450E+06 5.33365E-05
4.63500E+06 5.33413E-05
4.63550E+06 5.33461E-05
4.63600E+06 5.33509E-05
4.63650E+06 5.33556E-05
4.63700E+06 5.33604E-05
4.63750E+06 5.33652E-05
4.63800E+06 5.33700E-05
4.64000E+06 5.33891E-05
4.64500E+06 5.34369E-05
4.65000E+06 5.34848E-05
4.65500E+06 5.35326E-05
4.66000E+06 5.35804E-05
4.67000E+06 5.36760E-05
4.68000E+06 5.37717E-05
4.69000E+06 5.38673E-05
4.70000E+06 5.39630E-05
4.71000E+06 5.40586E-05
4.72000E+06 5.41542E-05
4.73000E+06 5.42499E-05
4.74000E+06 5.43455E-05
4.75000E+06 5.44412E-05
4.76000E+06 5.45368E-05
4.77000E+06 5.46324E-05
4.77500E+06 5.46803E-05
4.78000E+06 5.47281E-05
4.78500E+06 5.47759E-05
4.79000E+06 5.48237E-05
4.79500E+06 5.48715E-05
4.80000E+06 5.49194E-05
4.80500E+06 5.49672E-05
4.81000E+06 5.50150E-05
4.81500E+06 5.50628E-05
4.82000E+06 5.51106E-05
4.82500E+06 5.51585E-05
4.83000E+06 5.52063E-05
4.83500E+06 5.52541E-05
4.84000E+06 5.53019E-05
4.84500E+06 5.53497E-05
4.85000E+06 5.53976E-05
4.85500E+06 5.54454E-05
4.86000E+06 5.54932E-05
4.86500E+06 5.55410E-05
4.87000E+06 5.55888E-05
4.87500E+06 5.56367E-05
4.88000E+06 5.56845E-05
4.88500E+06 5.57323E-05
4.89000E+06 5.57801E-05
4.89500E+06 5.58279E-05
4.90000E+06 5.58758E-05
4.90500E+06 5.59236E-05
4.91000E+06 5.59714E-05
4.91500E+06 5.60192E-05
4.92000E+06 5.60670E-05
4.92500E+06 5.61149E-05
4.93000E+06 5.61627E-05
4.93500E+06 5.62105E-05
4.94000E+06 5.62583E-05
4.94500E+06 5.63061E-05
4.95000E+06 5.63540E-05
4.96000E+06 5.64496E-05
4.97000E+06 5.65452E-05
4.98000E+06 5.66409E-05
4.99000E+06 5.67365E-05
5.00000E+06 5.68322E-05
5.01000E+06 5.68837E-05
5.02000E+06 5.69352E-05
5.03000E+06 5.69867E-05
5.04000E+06 5.70382E-05
5.05000E+06 5.70898E-05
5.06000E+06 5.71413E-05
5.07000E+06 5.71928E-05
5.08000E+06 5.72443E-05
5.09000E+06 5.72959E-05
5.10000E+06 5.73474E-05
5.10300E+06 5.73628E-05
5.10500E+06 5.73731E-05
5.10700E+06 5.73835E-05
5.10900E+06 5.73938E-05
5.11100E+06 5.74041E-05
5.11300E+06 5.74144E-05
5.11500E+06 5.74247E-05
5.11700E+06 5.74350E-05
5.11900E+06 5.74453E-05
5.12100E+06 5.74556E-05
5.12300E+06 5.74659E-05
5.12500E+06 5.74762E-05
5.12700E+06 5.74865E-05
5.12900E+06 5.74968E-05
5.13100E+06 5.75071E-05
5.13300E+06 5.75174E-05
5.13500E+06 5.75277E-05
5.13700E+06 5.75380E-05
5.13900E+06 5.75483E-05
5.14100E+06 5.75586E-05
5.14300E+06 5.75689E-05
5.14500E+06 5.75792E-05
5.14700E+06 5.75895E-05
5.15000E+06 5.76050E-05
5.16000E+06 5.76565E-05
5.17000E+06 5.77080E-05
5.18000E+06 5.77596E-05
5.19000E+06 5.78111E-05
5.20000E+06 5.78626E-05
5.21000E+06 5.79141E-05
5.22000E+06 5.79657E-05
5.23000E+06 5.80172E-05
5.24000E+06 5.80687E-05
5.25000E+06 5.81202E-05
5.26000E+06 5.81718E-05
5.27000E+06 5.82233E-05
5.28000E+06 5.82748E-05
5.29000E+06 5.83263E-05
5.30000E+06 5.83778E-05
5.30100E+06 5.83830E-05
5.30200E+06 5.83881E-05
5.30300E+06 5.83933E-05
5.30400E+06 5.83985E-05
5.30500E+06 5.84036E-05
5.30600E+06 5.84088E-05
5.30700E+06 5.84139E-05
5.30800E+06 5.84191E-05
5.30900E+06 5.84242E-05
5.31000E+06 5.84294E-05
5.31100E+06 5.84345E-05
5.31200E+06 5.84397E-05
5.31300E+06 5.84448E-05
5.31400E+06 5.84500E-05
5.31500E+06 5.84551E-05
5.31600E+06 5.84603E-05
5.32000E+06 5.84809E-05
5.33000E+06 5.85324E-05
5.34000E+06 5.85839E-05
5.35000E+06 5.86355E-05
5.35500E+06 5.86612E-05
5.36000E+06 5.86870E-05
5.36100E+06 5.86921E-05
5.36200E+06 5.86973E-05
5.36300E+06 5.87024E-05
5.36400E+06 5.87076E-05
5.36450E+06 5.87102E-05
5.36500E+06 5.87127E-05
5.36550E+06 5.87153E-05
5.36600E+06 5.87179E-05
5.36650E+06 5.87205E-05
5.36700E+06 5.87230E-05
5.36750E+06 5.87256E-05
5.36800E+06 5.87282E-05
5.36850E+06 5.87308E-05
5.36900E+06 5.87334E-05
5.36950E+06 5.87359E-05
5.37000E+06 5.87385E-05
5.37050E+06 5.87411E-05
5.37100E+06 5.87437E-05
5.37150E+06 5.87462E-05
5.37200E+06 5.87488E-05
5.37250E+06 5.87514E-05
5.37300E+06 5.87540E-05
5.37350E+06 5.87565E-05
5.37400E+06 5.87591E-05
5.37450E+06 5.87617E-05
5.37500E+06 5.87643E-05
5.38000E+06 5.87900E-05
5.38500E+06 5.88158E-05
5.39000E+06 5.88416E-05
5.39500E+06 5.88673E-05
5.40000E+06 5.88931E-05
5.41000E+06 5.89446E-05
5.42000E+06 5.89961E-05
5.43000E+06 5.90476E-05
5.44000E+06 5.90992E-05
5.45000E+06 5.91507E-05
5.46000E+06 5.92022E-05
5.47000E+06 5.92537E-05
5.48000E+06 5.93053E-05
5.49000E+06 5.93568E-05
5.50000E+06 5.94083E-05
5.51000E+06 5.94148E-05
5.52000E+06 5.94213E-05
5.53000E+06 5.94278E-05
5.54000E+06 5.94342E-05
5.55000E+06 5.94407E-05
5.56000E+06 5.94472E-05
5.57000E+06 5.94537E-05
5.58000E+06 5.94602E-05
5.59000E+06 5.94667E-05
5.60000E+06 5.94732E-05
5.60200E+06 5.94745E-05
5.60400E+06 5.94757E-05
5.60600E+06 5.94770E-05
5.60800E+06 5.94783E-05
5.61000E+06 5.94796E-05
5.61200E+06 5.94809E-05
5.61400E+06 5.94822E-05
5.61600E+06 5.94835E-05
5.61800E+06 5.94848E-05
5.62000E+06 5.94861E-05
5.62200E+06 5.94874E-05
5.62400E+06 5.94887E-05
5.62600E+06 5.94900E-05
5.62800E+06 5.94913E-05
5.63000E+06 5.94926E-05
5.63200E+06 5.94939E-05
5.63400E+06 5.94952E-05
5.63600E+06 5.94965E-05
5.63800E+06 5.94978E-05
5.63954E+06 5.94988E-05
5.63954E+06 5.94988E-05
5.64000E+06 5.94991E-05
5.64200E+06 5.95004E-05
5.64400E+06 5.95017E-05
5.64500E+06 5.95023E-05
5.64600E+06 5.95030E-05
5.64800E+06 5.95043E-05
5.65000E+06 5.95056E-05
5.65200E+06 5.95069E-05
5.65400E+06 5.95082E-05
5.65500E+06 5.95088E-05
5.65600E+06 5.95095E-05
5.65800E+06 5.95108E-05
5.66000E+06 5.95121E-05
5.66200E+06 5.95134E-05
5.66400E+06 5.95147E-05
5.66500E+06 5.95153E-05
5.66600E+06 5.95160E-05
5.66800E+06 5.95173E-05
5.67000E+06 5.95186E-05
5.67200E+06 5.95198E-05
5.67400E+06 5.95211E-05
5.67500E+06 5.95218E-05
5.67600E+06 5.95224E-05
5.67800E+06 5.95237E-05
5.68000E+06 5.95250E-05
5.68200E+06 5.95263E-05
5.68400E+06 5.95276E-05
5.68500E+06 5.95283E-05
5.68600E+06 5.95289E-05
5.68800E+06 5.95302E-05
5.69000E+06 5.95315E-05
5.69200E+06 5.95328E-05
5.69400E+06 5.95341E-05
5.69500E+06 5.95348E-05
5.69600E+06 5.95354E-05
5.69800E+06 5.95367E-05
5.70000E+06 5.95380E-05
5.70500E+06 5.95412E-05
5.71000E+06 5.95445E-05
5.71500E+06 5.95477E-05
5.72000E+06 5.95510E-05
5.72500E+06 5.95542E-05
5.73000E+06 5.95575E-05
5.73500E+06 5.95607E-05
5.74000E+06 5.95639E-05
5.74500E+06 5.95672E-05
5.75000E+06 5.95704E-05
5.75500E+06 5.95737E-05
5.76000E+06 5.95769E-05
5.76500E+06 5.95802E-05
5.77000E+06 5.95834E-05
5.77500E+06 5.95866E-05
5.78000E+06 5.95899E-05
5.78500E+06 5.95931E-05
5.79000E+06 5.95964E-05
5.79500E+06 5.95996E-05
5.80000E+06 5.96029E-05
5.80500E+06 5.96061E-05
5.81000E+06 5.96093E-05
5.81500E+06 5.96126E-05
5.82000E+06 5.96158E-05
5.82500E+06 5.96191E-05
5.83000E+06 5.96223E-05
5.83500E+06 5.96256E-05
5.84000E+06 5.96288E-05
5.84500E+06 5.96320E-05
5.85000E+06 5.96353E-05
5.85500E+06 5.96385E-05
5.86000E+06 5.96418E-05
5.86500E+06 5.96450E-05
5.87000E+06 5.96483E-05
5.87500E+06 5.96515E-05
5.88000E+06 5.96547E-05
5.88500E+06 5.96580E-05
5.89000E+06 5.96612E-05
5.89500E+06 5.96645E-05
5.90000E+06 5.96677E-05
5.90500E+06 5.96709E-05
5.91000E+06 5.96742E-05
5.91500E+06 5.96774E-05
5.91600E+06 5.96781E-05
5.91700E+06 5.96787E-05
5.91800E+06 5.96794E-05
5.91900E+06 5.96800E-05
5.92000E+06 5.96807E-05
5.92100E+06 5.96813E-05
5.92200E+06 5.96820E-05
5.92300E+06 5.96826E-05
5.92400E+06 5.96833E-05
5.92500E+06 5.96839E-05
5.92600E+06 5.96846E-05
5.92700E+06 5.96852E-05
5.92800E+06 5.96859E-05
5.92900E+06 5.96865E-05
5.93000E+06 5.96872E-05
5.93500E+06 5.96904E-05
5.94000E+06 5.96936E-05
5.94500E+06 5.96969E-05
5.95000E+06 5.97001E-05
5.95200E+06 5.97014E-05
5.95400E+06 5.97027E-05
5.95500E+06 5.97034E-05
5.95600E+06 5.97040E-05
5.95800E+06 5.97053E-05
5.96000E+06 5.97066E-05
5.96200E+06 5.97079E-05
5.96400E+06 5.97092E-05
5.96500E+06 5.97099E-05
5.96600E+06 5.97105E-05
5.96800E+06 5.97118E-05
5.97000E+06 5.97131E-05
5.97200E+06 5.97144E-05
5.97400E+06 5.97157E-05
5.97500E+06 5.97163E-05
5.97600E+06 5.97170E-05
5.97800E+06 5.97183E-05
5.98000E+06 5.97196E-05
5.98200E+06 5.97209E-05
5.98400E+06 5.97222E-05
5.98600E+06 5.97235E-05
5.98800E+06 5.97248E-05
5.99000E+06 5.97261E-05
5.99200E+06 5.97274E-05
5.99400E+06 5.97287E-05
5.99500E+06 5.97293E-05
5.99600E+06 5.97300E-05
5.99700E+06 5.97306E-05
5.99800E+06 5.97313E-05
5.99900E+06 5.97319E-05
6.00000E+06 5.97326E-05
6.00100E+06 5.97307E-05
6.00200E+06 5.97288E-05
6.00300E+06 5.97269E-05
6.00400E+06 5.97251E-05
6.00600E+06 5.97213E-05
6.00800E+06 5.97176E-05
6.01000E+06 5.97138E-05
6.01200E+06 5.97101E-05
6.01400E+06 5.97063E-05
6.01600E+06 5.97026E-05
6.01800E+06 5.96988E-05
6.02000E+06 5.96951E-05
6.02200E+06 5.96914E-05
6.02400E+06 5.96876E-05
6.02500E+06 5.96857E-05
6.02600E+06 5.96839E-05
6.02800E+06 5.96801E-05
6.03000E+06 5.96764E-05
6.03200E+06 5.96726E-05
6.03400E+06 5.96689E-05
6.03500E+06 5.96670E-05
6.03600E+06 5.96651E-05
6.03800E+06 5.96614E-05
6.04000E+06 5.96576E-05
6.04200E+06 5.96539E-05
6.04400E+06 5.96502E-05
6.04500E+06 5.96483E-05
6.04600E+06 5.96464E-05
6.04800E+06 5.96427E-05
6.05000E+06 5.96389E-05
6.05200E+06 5.96352E-05
6.05400E+06 5.96314E-05
6.05500E+06 5.96296E-05
6.05600E+06 5.96277E-05
6.05800E+06 5.96239E-05
6.06000E+06 5.96202E-05
6.06200E+06 5.96164E-05
6.06400E+06 5.96127E-05
6.06600E+06 5.96090E-05
6.06800E+06 5.96052E-05
6.07000E+06 5.96015E-05
6.07050E+06 5.96005E-05
6.07100E+06 5.95996E-05
6.07150E+06 5.95987E-05
6.07200E+06 5.95977E-05
6.07250E+06 5.95968E-05
6.07300E+06 5.95958E-05
6.07350E+06 5.95949E-05
6.07400E+06 5.95940E-05
6.07450E+06 5.95930E-05
6.07500E+06 5.95921E-05
6.07550E+06 5.95912E-05
6.07600E+06 5.95902E-05
6.07650E+06 5.95893E-05
6.07700E+06 5.95884E-05
6.07750E+06 5.95874E-05
6.07800E+06 5.95865E-05
6.07850E+06 5.95855E-05
6.07900E+06 5.95846E-05
6.07950E+06 5.95837E-05
6.08000E+06 5.95827E-05
6.08050E+06 5.95818E-05
6.08100E+06 5.95809E-05
6.08150E+06 5.95799E-05
6.08200E+06 5.95790E-05
6.08400E+06 5.95752E-05
6.08600E+06 5.95715E-05
6.08800E+06 5.95678E-05
6.09000E+06 5.95640E-05
6.09200E+06 5.95603E-05
6.09400E+06 5.95565E-05
6.09600E+06 5.95528E-05
6.09800E+06 5.95490E-05
6.10000E+06 5.95453E-05
6.10200E+06 5.95415E-05
6.10400E+06 5.95378E-05
6.10600E+06 5.95340E-05
6.10800E+06 5.95303E-05
6.11000E+06 5.95266E-05
6.11200E+06 5.95228E-05
6.11400E+06 5.95191E-05
6.11500E+06 5.95172E-05
6.11600E+06 5.95153E-05
6.11800E+06 5.95116E-05
6.12000E+06 5.95078E-05
6.12200E+06 5.95041E-05
6.12400E+06 5.95003E-05
6.12500E+06 5.94985E-05
6.12600E+06 5.94966E-05
6.12800E+06 5.94928E-05
6.13000E+06 5.94891E-05
6.13500E+06 5.94797E-05
6.14000E+06 5.94704E-05
6.14500E+06 5.94610E-05
6.15000E+06 5.94517E-05
6.15500E+06 5.94423E-05
6.16000E+06 5.94329E-05
6.16500E+06 5.94236E-05
6.17000E+06 5.94142E-05
6.17500E+06 5.94048E-05
6.18000E+06 5.93955E-05
6.18500E+06 5.93861E-05
6.19000E+06 5.93767E-05
6.19500E+06 5.93674E-05
6.20000E+06 5.93580E-05
6.20500E+06 5.93487E-05
6.21000E+06 5.93393E-05
6.21500E+06 5.93299E-05
6.22000E+06 5.93206E-05
6.22500E+06 5.93112E-05
6.23000E+06 5.93018E-05
6.23500E+06 5.92925E-05
6.24000E+06 5.92831E-05
6.24500E+06 5.92737E-05
6.25000E+06 5.92644E-05
6.25500E+06 5.92550E-05
6.26000E+06 5.92457E-05
6.26500E+06 5.92363E-05
6.27000E+06 5.92269E-05
6.27217E+06 5.92229E-05
6.27217E+06 5.92229E-05
6.27220E+06 5.92228E-05
6.27500E+06 5.92176E-05
6.28000E+06 5.92082E-05
6.28500E+06 5.91988E-05
6.29000E+06 5.91895E-05
6.29500E+06 5.91801E-05
6.30000E+06 5.91707E-05
6.30200E+06 5.91670E-05
6.30400E+06 5.91633E-05
6.30500E+06 5.91614E-05
6.30600E+06 5.91595E-05
6.30800E+06 5.91558E-05
6.31000E+06 5.91520E-05
6.31200E+06 5.91483E-05
6.31400E+06 5.91445E-05
6.31500E+06 5.91427E-05
6.31600E+06 5.91408E-05
6.31800E+06 5.91370E-05
6.32000E+06 5.91333E-05
6.32200E+06 5.91295E-05
6.32400E+06 5.91258E-05
6.32500E+06 5.91239E-05
6.32600E+06 5.91221E-05
6.32800E+06 5.91183E-05
6.33000E+06 5.91146E-05
6.33200E+06 5.91108E-05
6.33400E+06 5.91071E-05
6.33500E+06 5.91052E-05
6.33600E+06 5.91033E-05
6.33800E+06 5.90996E-05
6.34000E+06 5.90958E-05
6.34200E+06 5.90921E-05
6.34400E+06 5.90883E-05
6.34500E+06 5.90865E-05
6.34600E+06 5.90846E-05
6.34800E+06 5.90809E-05
6.35000E+06 5.90771E-05
6.35200E+06 5.90734E-05
6.35400E+06 5.90696E-05
6.35500E+06 5.90677E-05
6.35600E+06 5.90659E-05
6.35800E+06 5.90621E-05
6.36000E+06 5.90584E-05
6.36200E+06 5.90546E-05
6.36400E+06 5.90509E-05
6.36500E+06 5.90490E-05
6.36600E+06 5.90471E-05
6.36800E+06 5.90434E-05
6.37000E+06 5.90397E-05
6.37200E+06 5.90359E-05
6.37400E+06 5.90322E-05
6.37500E+06 5.90303E-05
6.37600E+06 5.90284E-05
6.37800E+06 5.90247E-05
6.38000E+06 5.90209E-05
6.38200E+06 5.90172E-05
6.38400E+06 5.90134E-05
6.38500E+06 5.90116E-05
6.38600E+06 5.90097E-05
6.38700E+06 5.90078E-05
6.38800E+06 5.90059E-05
6.38900E+06 5.90041E-05
6.39000E+06 5.90022E-05
6.39100E+06 5.90003E-05
6.39200E+06 5.89985E-05
6.39300E+06 5.89966E-05
6.39400E+06 5.89947E-05
6.39500E+06 5.89928E-05
6.39600E+06 5.89910E-05
6.39700E+06 5.89891E-05
6.39800E+06 5.89872E-05
6.39900E+06 5.89853E-05
6.40000E+06 5.89835E-05
6.40100E+06 5.89816E-05
6.40200E+06 5.89797E-05
6.40300E+06 5.89779E-05
6.40400E+06 5.89760E-05
6.40500E+06 5.89741E-05
6.40600E+06 5.89722E-05
6.40700E+06 5.89704E-05
6.40800E+06 5.89685E-05
6.40900E+06 5.89666E-05
6.41000E+06 5.89647E-05
6.41100E+06 5.89629E-05
6.41200E+06 5.89610E-05
6.41300E+06 5.89591E-05
6.41400E+06 5.89573E-05
6.41500E+06 5.89554E-05
6.41600E+06 5.89535E-05
6.41800E+06 5.89498E-05
6.42000E+06 5.89460E-05
6.42200E+06 5.89423E-05
6.42400E+06 5.89385E-05
6.42500E+06 5.89367E-05
6.42600E+06 5.89348E-05
6.42800E+06 5.89310E-05
6.43000E+06 5.89273E-05
6.43089E+06 5.89256E-05
6.43089E+06 5.89256E-05
6.43200E+06 5.89235E-05
6.43400E+06 5.89198E-05
6.43500E+06 5.89179E-05
6.43600E+06 5.89161E-05
6.43800E+06 5.89123E-05
6.44000E+06 5.89086E-05
6.44200E+06 5.89048E-05
6.44400E+06 5.89011E-05
6.44500E+06 5.88992E-05
6.44600E+06 5.88973E-05
6.44800E+06 5.88936E-05
6.45000E+06 5.88898E-05
6.45200E+06 5.88861E-05
6.45210E+06 5.88859E-05
6.45215E+06 5.88858E-05
6.45215E+06 5.88858E-05
6.45400E+06 5.88823E-05
6.45500E+06 5.88805E-05
6.45600E+06 5.88786E-05
6.45800E+06 5.88749E-05
6.46000E+06 5.88711E-05
6.46200E+06 5.88674E-05
6.46400E+06 5.88636E-05
6.46500E+06 5.88617E-05
6.46600E+06 5.88599E-05
6.46800E+06 5.88561E-05
6.47000E+06 5.88524E-05
6.47200E+06 5.88486E-05
6.47400E+06 5.88449E-05
6.47500E+06 5.88430E-05
6.47600E+06 5.88411E-05
6.47800E+06 5.88374E-05
6.48000E+06 5.88337E-05
6.48200E+06 5.88299E-05
6.48400E+06 5.88262E-05
6.48500E+06 5.88243E-05
6.48600E+06 5.88224E-05
6.48800E+06 5.88187E-05
6.49000E+06 5.88149E-05
6.49200E+06 5.88112E-05
6.49400E+06 5.88074E-05
6.49500E+06 5.88056E-05
6.49600E+06 5.88037E-05
6.49800E+06 5.88000E-05
6.50000E+06 5.87962E-05
6.50200E+06 5.87604E-05
6.50400E+06 5.87246E-05
6.50600E+06 5.86887E-05
6.50800E+06 5.86529E-05
6.51000E+06 5.86171E-05
6.51200E+06 5.85813E-05
6.51400E+06 5.85454E-05
6.51600E+06 5.85096E-05
6.51646E+06 5.85014E-05
6.51800E+06 5.84738E-05
6.52000E+06 5.84380E-05
6.52200E+06 5.84021E-05
6.52400E+06 5.83663E-05
6.52500E+06 5.83484E-05
6.52600E+06 5.83305E-05
6.52800E+06 5.82947E-05
6.53000E+06 5.82588E-05
6.53200E+06 5.82230E-05
6.53400E+06 5.81872E-05
6.53600E+06 5.81514E-05
6.53800E+06 5.81155E-05
6.54000E+06 5.80797E-05
6.54200E+06 5.80439E-05
6.54400E+06 5.80081E-05
6.54600E+06 5.79723E-05
6.54800E+06 5.79364E-05
6.55000E+06 5.79006E-05
6.55200E+06 5.78648E-05
6.55400E+06 5.78290E-05
6.55600E+06 5.77931E-05
6.55800E+06 5.77573E-05
6.56000E+06 5.77215E-05
6.56200E+06 5.76857E-05
6.56400E+06 5.76498E-05
6.56600E+06 5.76140E-05
6.56800E+06 5.75782E-05
6.57000E+06 5.75424E-05
6.57200E+06 5.75065E-05
6.57400E+06 5.74707E-05
6.57500E+06 5.74528E-05
6.57600E+06 5.74349E-05
6.57800E+06 5.73991E-05
6.58000E+06 5.73632E-05
6.58200E+06 5.73274E-05
6.58400E+06 5.72916E-05
6.58600E+06 5.72558E-05
6.58800E+06 5.72199E-05
6.59000E+06 5.71841E-05
6.59200E+06 5.71483E-05
6.59400E+06 5.71125E-05
6.59600E+06 5.70766E-05
6.59800E+06 5.70408E-05
6.60000E+06 5.70050E-05
6.60200E+06 5.69692E-05
6.60400E+06 5.69334E-05
6.60600E+06 5.68975E-05
6.60800E+06 5.68617E-05
6.61000E+06 5.68259E-05
6.61200E+06 5.67901E-05
6.61400E+06 5.67542E-05
6.61600E+06 5.67184E-05
6.61800E+06 5.66826E-05
6.62000E+06 5.66468E-05
6.62200E+06 5.66109E-05
6.62400E+06 5.65751E-05
6.62500E+06 5.65572E-05
6.62600E+06 5.65393E-05
6.62800E+06 5.65035E-05
6.63000E+06 5.64676E-05
6.63200E+06 5.64318E-05
6.63400E+06 5.63960E-05
6.63600E+06 5.63602E-05
6.63800E+06 5.63243E-05
6.64000E+06 5.62885E-05
6.64200E+06 5.62527E-05
6.64400E+06 5.62169E-05
6.64600E+06 5.61810E-05
6.64800E+06 5.61452E-05
6.65000E+06 5.61094E-05
6.65100E+06 5.60915E-05
6.65200E+06 5.60736E-05
6.65300E+06 5.60557E-05
6.65400E+06 5.60377E-05
6.65500E+06 5.60198E-05
6.65600E+06 5.60019E-05
6.65700E+06 5.59840E-05
6.65800E+06 5.59661E-05
6.65900E+06 5.59482E-05
6.66000E+06 5.59303E-05
6.66100E+06 5.59124E-05
6.66200E+06 5.58945E-05
6.66300E+06 5.58765E-05
6.66400E+06 5.58586E-05
6.66500E+06 5.58407E-05
6.66600E+06 5.58228E-05
6.66700E+06 5.58049E-05
6.66800E+06 5.57870E-05
6.66900E+06 5.57691E-05
6.67000E+06 5.57512E-05
6.67100E+06 5.57332E-05
6.67200E+06 5.57153E-05
6.67300E+06 5.56974E-05
6.67400E+06 5.56795E-05
6.67500E+06 5.56616E-05
6.67600E+06 5.56437E-05
6.67700E+06 5.56258E-05
6.67800E+06 5.56079E-05
6.67900E+06 5.55899E-05
6.68000E+06 5.55720E-05
6.68100E+06 5.55541E-05
6.68200E+06 5.55362E-05
6.68300E+06 5.55183E-05
6.68400E+06 5.55004E-05
6.68500E+06 5.54825E-05
6.68600E+06 5.54646E-05
6.68700E+06 5.54466E-05
6.68800E+06 5.54287E-05
6.68900E+06 5.54108E-05
6.69000E+06 5.53929E-05
6.69100E+06 5.53750E-05
6.69200E+06 5.53571E-05
6.69300E+06 5.53392E-05
6.69400E+06 5.53213E-05
6.69500E+06 5.53034E-05
6.69600E+06 5.52854E-05
6.69800E+06 5.52496E-05
6.70000E+06 5.52138E-05
6.71000E+06 5.50347E-05
6.72000E+06 5.48556E-05
6.72500E+06 5.47660E-05
6.73000E+06 5.46764E-05
6.74000E+06 5.44973E-05
6.75000E+06 5.43182E-05
6.76000E+06 5.41391E-05
6.77000E+06 5.39599E-05
6.77500E+06 5.38704E-05
6.78000E+06 5.37808E-05
6.79000E+06 5.36017E-05
6.80000E+06 5.34226E-05
6.81000E+06 5.32435E-05
6.82000E+06 5.30643E-05
6.82500E+06 5.29748E-05
6.83000E+06 5.28852E-05
6.84000E+06 5.27061E-05
6.85000E+06 5.25270E-05
6.86000E+06 5.23479E-05
6.87000E+06 5.21687E-05
6.87500E+06 5.20792E-05
6.88000E+06 5.19896E-05
6.89000E+06 5.18105E-05
6.90000E+06 5.16314E-05
6.91000E+06 5.14523E-05
6.92000E+06 5.12731E-05
6.92500E+06 5.11836E-05
6.93000E+06 5.10940E-05
6.94000E+06 5.09149E-05
6.95000E+06 5.07358E-05
6.96000E+06 5.05567E-05
6.97000E+06 5.03775E-05
6.97500E+06 5.02880E-05
6.98000E+06 5.01984E-05
6.99000E+06 5.00193E-05
7.00000E+06 4.98402E-05
7.01000E+06 4.97812E-05
7.02000E+06 4.97223E-05
7.02500E+06 4.96928E-05
7.03000E+06 4.96633E-05
7.04000E+06 4.96044E-05
7.05000E+06 4.95454E-05
7.06000E+06 4.94865E-05
7.07000E+06 4.94275E-05
7.07500E+06 4.93980E-05
7.08000E+06 4.93686E-05
7.09000E+06 4.93096E-05
7.10000E+06 4.92507E-05
7.10500E+06 4.92212E-05
7.11000E+06 4.91917E-05
7.11500E+06 4.91622E-05
7.12000E+06 4.91328E-05
7.12500E+06 4.91033E-05
7.13000E+06 4.90738E-05
7.13500E+06 4.90443E-05
7.14000E+06 4.90148E-05
7.14500E+06 4.89854E-05
7.15000E+06 4.89559E-05
7.15500E+06 4.89264E-05
7.16000E+06 4.88969E-05
7.16500E+06 4.88675E-05
7.17000E+06 4.88380E-05
7.17500E+06 4.88085E-05
7.18000E+06 4.87790E-05
7.18500E+06 4.87496E-05
7.19000E+06 4.87201E-05
7.19500E+06 4.86906E-05
7.20000E+06 4.86611E-05
7.20500E+06 4.86317E-05
7.21000E+06 4.86022E-05
7.21500E+06 4.85727E-05
7.22000E+06 4.85432E-05
7.22500E+06 4.85138E-05
7.23000E+06 4.84843E-05
7.23500E+06 4.84548E-05
7.24000E+06 4.84253E-05
7.24500E+06 4.83959E-05
7.25000E+06 4.83664E-05
7.26000E+06 4.83074E-05
7.27000E+06 4.82485E-05
7.27500E+06 4.82190E-05
7.28000E+06 4.81895E-05
7.29000E+06 4.81306E-05
7.30000E+06 4.80716E-05
7.31000E+06 4.80127E-05
7.32000E+06 4.79537E-05
7.32500E+06 4.79242E-05
7.33000E+06 4.78948E-05
7.34000E+06 4.78358E-05
7.35000E+06 4.77769E-05
7.35330E+06 4.77574E-05
7.36000E+06 4.77179E-05
7.37000E+06 4.76590E-05
7.37500E+06 4.76295E-05
7.38000E+06 4.76000E-05
7.39000E+06 4.75411E-05
7.40000E+06 4.74821E-05
7.41000E+06 4.74232E-05
7.42000E+06 4.73642E-05
7.42500E+06 4.73347E-05
7.43000E+06 4.73052E-05
7.44000E+06 4.72463E-05
7.45000E+06 4.71873E-05
7.46000E+06 4.71284E-05
7.47000E+06 4.70694E-05
7.47500E+06 4.70400E-05
7.48000E+06 4.70105E-05
7.49000E+06 4.69515E-05
7.50000E+06 4.68926E-05
7.51000E+06 4.68110E-05
7.52000E+06 4.67295E-05
7.52500E+06 4.66887E-05
7.53000E+06 4.66479E-05
7.54000E+06 4.65663E-05
7.55000E+06 4.64848E-05
7.56000E+06 4.64032E-05
7.56560E+06 4.63575E-05
7.56565E+06 4.63571E-05
7.57000E+06 4.63216E-05
7.57500E+06 4.62809E-05
7.58000E+06 4.62401E-05
7.59000E+06 4.61585E-05
7.60000E+06 4.60769E-05
7.61000E+06 4.59954E-05
7.61360E+06 4.59661E-05
7.62000E+06 4.59138E-05
7.62500E+06 4.58730E-05
7.63000E+06 4.58322E-05
7.64000E+06 4.57507E-05
7.65000E+06 4.56691E-05
7.66000E+06 4.55876E-05
7.67000E+06 4.55060E-05
7.67500E+06 4.54652E-05
7.68000E+06 4.54244E-05
7.69000E+06 4.53429E-05
7.70000E+06 4.52613E-05
7.71000E+06 4.51797E-05
7.72000E+06 4.50982E-05
7.72500E+06 4.50574E-05
7.73000E+06 4.50166E-05
7.74000E+06 4.49350E-05
7.75000E+06 4.48535E-05
7.76000E+06 4.47719E-05
7.77000E+06 4.46903E-05
7.77500E+06 4.46496E-05
7.78000E+06 4.46088E-05
7.79000E+06 4.45272E-05
7.80000E+06 4.44456E-05
7.81000E+06 4.43641E-05
7.82000E+06 4.42825E-05
7.82500E+06 4.42417E-05
7.83000E+06 4.42010E-05
7.84000E+06 4.41194E-05
7.85000E+06 4.40378E-05
7.86000E+06 4.39563E-05
7.87000E+06 4.38747E-05
7.87500E+06 4.38339E-05
7.88000E+06 4.37931E-05
7.89000E+06 4.37116E-05
7.90000E+06 4.36300E-05
7.91000E+06 4.35484E-05
7.92000E+06 4.34669E-05
7.92500E+06 4.34261E-05
7.93000E+06 4.33853E-05
7.94000E+06 4.33037E-05
7.95000E+06 4.32222E-05
7.96000E+06 4.31406E-05
7.97000E+06 4.30590E-05
7.97500E+06 4.30183E-05
7.98000E+06 4.29775E-05
7.99000E+06 4.28959E-05
8.00000E+06 4.28144E-05
8.01000E+06 4.27631E-05
8.02000E+06 4.27119E-05
8.02500E+06 4.26863E-05
8.03000E+06 4.26607E-05
8.04000E+06 4.26095E-05
8.05000E+06 4.25583E-05
8.06000E+06 4.25071E-05
8.07000E+06 4.24558E-05
8.07500E+06 4.24302E-05
8.08000E+06 4.24046E-05
8.09000E+06 4.23534E-05
8.10000E+06 4.23022E-05
8.11000E+06 4.22510E-05
8.12000E+06 4.21998E-05
8.12500E+06 4.21742E-05
8.13000E+06 4.21485E-05
8.14000E+06 4.20973E-05
8.15000E+06 4.20461E-05
8.16000E+06 4.19949E-05
8.17000E+06 4.19437E-05
8.17500E+06 4.19181E-05
8.18000E+06 4.18925E-05
8.19000E+06 4.18413E-05
8.20000E+06 4.17900E-05
8.21000E+06 4.17388E-05
8.22000E+06 4.16876E-05
8.22500E+06 4.16620E-05
8.23000E+06 4.16364E-05
8.24000E+06 4.15852E-05
8.25000E+06 4.15340E-05
8.26000E+06 4.14827E-05
8.27000E+06 4.14315E-05
8.27500E+06 4.14059E-05
8.28000E+06 4.13803E-05
8.29000E+06 4.13291E-05
8.30000E+06 4.12779E-05
8.31000E+06 4.12267E-05
8.32000E+06 4.11754E-05
8.32500E+06 4.11498E-05
8.33000E+06 4.11242E-05
8.34000E+06 4.10730E-05
8.35000E+06 4.10218E-05
8.36000E+06 4.09706E-05
8.37000E+06 4.09194E-05
8.37500E+06 4.08938E-05
8.38000E+06 4.08682E-05
8.39000E+06 4.08169E-05
8.40000E+06 4.07657E-05
8.41000E+06 4.07145E-05
8.42000E+06 4.06633E-05
8.42500E+06 4.06377E-05
8.43000E+06 4.06121E-05
8.44000E+06 4.05609E-05
8.45000E+06 4.05096E-05
8.46000E+06 4.04584E-05
8.47000E+06 4.04072E-05
8.47500E+06 4.03816E-05
8.48000E+06 4.03560E-05
8.49000E+06 4.03048E-05
8.50000E+06 4.02536E-05
8.51000E+06 4.02161E-05
8.52000E+06 4.01787E-05
8.52500E+06 4.01600E-05
8.53000E+06 4.01413E-05
8.54000E+06 4.01039E-05
8.55000E+06 4.00664E-05
8.56000E+06 4.00290E-05
8.57000E+06 3.99916E-05
8.57500E+06 3.99729E-05
8.58000E+06 3.99541E-05
8.59000E+06 3.99167E-05
8.60000E+06 3.98793E-05
8.61000E+06 3.98419E-05
8.62000E+06 3.98044E-05
8.62500E+06 3.97857E-05
8.63000E+06 3.97670E-05
8.64000E+06 3.97296E-05
8.65000E+06 3.96921E-05
8.66000E+06 3.96547E-05
8.67000E+06 3.96173E-05
8.67500E+06 3.95986E-05
8.68000E+06 3.95799E-05
8.69000E+06 3.95424E-05
8.70000E+06 3.95050E-05
8.71000E+06 3.94676E-05
8.72000E+06 3.94301E-05
8.72500E+06 3.94114E-05
8.73000E+06 3.93927E-05
8.74000E+06 3.93553E-05
8.74500E+06 3.93366E-05
8.75000E+06 3.93179E-05
8.76000E+06 3.92804E-05
8.77000E+06 3.92430E-05
8.77500E+06 3.92243E-05
8.78000E+06 3.92056E-05
8.79000E+06 3.91682E-05
8.80000E+06 3.91307E-05
8.81000E+06 3.90933E-05
8.82000E+06 3.90559E-05
8.82500E+06 3.90372E-05
8.83000E+06 3.90184E-05
8.84000E+06 3.89810E-05
8.85000E+06 3.89436E-05
8.86000E+06 3.89062E-05
8.87000E+06 3.88687E-05
8.87500E+06 3.88500E-05
8.88000E+06 3.88313E-05
8.89000E+06 3.87939E-05
8.90000E+06 3.87564E-05
8.91000E+06 3.87190E-05
8.92000E+06 3.86816E-05
8.92500E+06 3.86629E-05
8.93000E+06 3.86442E-05
8.94000E+06 3.86067E-05
8.95000E+06 3.85693E-05
8.96000E+06 3.85319E-05
8.97000E+06 3.84944E-05
8.97500E+06 3.84757E-05
8.98000E+06 3.84570E-05
8.99000E+06 3.84196E-05
9.00000E+06 3.83822E-05
9.02000E+06 3.83182E-05
9.02500E+06 3.83023E-05
9.04000E+06 3.82543E-05
9.05000E+06 3.82224E-05
9.06000E+06 3.81904E-05
9.07500E+06 3.81425E-05
9.08000E+06 3.81265E-05
9.10000E+06 3.80625E-05
9.12000E+06 3.79986E-05
9.12500E+06 3.79826E-05
9.13600E+06 3.79475E-05
9.14000E+06 3.79347E-05
9.15000E+06 3.79027E-05
9.16000E+06 3.78708E-05
9.17500E+06 3.78228E-05
9.18000E+06 3.78069E-05
9.20000E+06 3.77429E-05
9.22500E+06 3.76630E-05
9.24800E+06 3.75895E-05
9.25000E+06 3.75831E-05
9.27500E+06 3.75032E-05
9.30000E+06 3.74233E-05
9.32500E+06 3.73434E-05
9.35000E+06 3.72635E-05
9.37500E+06 3.71836E-05
9.40000E+06 3.71037E-05
9.42500E+06 3.70238E-05
9.43100E+06 3.70046E-05
9.43138E+06 3.70034E-05
9.43138E+06 3.70034E-05
9.43140E+06 3.70033E-05
9.43150E+06 3.70030E-05
9.45000E+06 3.69439E-05
9.47000E+06 3.68800E-05
9.47500E+06 3.68640E-05
9.50000E+06 3.67841E-05
9.50800E+06 3.67570E-05
9.52500E+06 3.66995E-05
9.55000E+06 3.66148E-05
9.57500E+06 3.65302E-05
9.60000E+06 3.64456E-05
9.62500E+06 3.63610E-05
9.65000E+06 3.62763E-05
9.67500E+06 3.61917E-05
9.67600E+06 3.61883E-05
9.70000E+06 3.61071E-05
9.72000E+06 3.60394E-05
9.72500E+06 3.60225E-05
9.74000E+06 3.59717E-05
9.75000E+06 3.59378E-05
9.76000E+06 3.59040E-05
9.77500E+06 3.58532E-05
9.78000E+06 3.58363E-05
9.80000E+06 3.57686E-05
9.82500E+06 3.56839E-05
9.85000E+06 3.55993E-05
9.87500E+06 3.55147E-05
9.90000E+06 3.54301E-05
9.92500E+06 3.53454E-05
9.95000E+06 3.52608E-05
9.97500E+06 3.51762E-05
1.00000E+07 3.50916E-05
1.00500E+07 3.49804E-05
1.01000E+07 3.48693E-05
1.01220E+07 3.48204E-05
1.01500E+07 3.47581E-05
1.01890E+07 3.46714E-05
1.01895E+07 3.46704E-05
1.01895E+07 3.46704E-05
1.01900E+07 3.46692E-05
1.02000E+07 3.46470E-05
1.02020E+07 3.46425E-05
1.02445E+07 3.45480E-05
1.02445E+07 3.45480E-05
1.02450E+07 3.45469E-05
1.02470E+07 3.45425E-05
1.02500E+07 3.45358E-05
1.03000E+07 3.44247E-05
1.03500E+07 3.43135E-05
1.03720E+07 3.42646E-05
1.03722E+07 3.42642E-05
1.03722E+07 3.42642E-05
1.04000E+07 3.42024E-05
1.04500E+07 3.40913E-05
1.04650E+07 3.40579E-05
1.04680E+07 3.40512E-05
1.05000E+07 3.39801E-05
1.05260E+07 3.39153E-05
1.05275E+07 3.39115E-05
1.05280E+07 3.39103E-05
1.05500E+07 3.38555E-05
1.05600E+07 3.38305E-05
1.05602E+07 3.38299E-05
1.05603E+07 3.38299E-05
1.05630E+07 3.38230E-05
1.06000E+07 3.37308E-05
1.06500E+07 3.36062E-05
1.06670E+07 3.35638E-05
1.06671E+07 3.35636E-05
1.06671E+07 3.35635E-05
1.06690E+07 3.35588E-05
1.06800E+07 3.35314E-05
1.06900E+07 3.35064E-05
1.07000E+07 3.34815E-05
1.07100E+07 3.34566E-05
1.07200E+07 3.34316E-05
1.07300E+07 3.34067E-05
1.07400E+07 3.33818E-05
1.07500E+07 3.33569E-05
1.07600E+07 3.33319E-05
1.07700E+07 3.33070E-05
1.07800E+07 3.32821E-05
1.07900E+07 3.32571E-05
1.08000E+07 3.32322E-05
1.08100E+07 3.32073E-05
1.08200E+07 3.31823E-05
1.08300E+07 3.31574E-05
1.08400E+07 3.31325E-05
1.08500E+07 3.31075E-05
1.08600E+07 3.30826E-05
1.08700E+07 3.30577E-05
1.08800E+07 3.30328E-05
1.08900E+07 3.30078E-05
1.09000E+07 3.29829E-05
1.09100E+07 3.29580E-05
1.09200E+07 3.29330E-05
1.09300E+07 3.29081E-05
1.09400E+07 3.28832E-05
1.09500E+07 3.28582E-05
1.09600E+07 3.28333E-05
1.09700E+07 3.28084E-05
1.09800E+07 3.27835E-05
1.09900E+07 3.27585E-05
1.10000E+07 3.27336E-05
1.10070E+07 3.27182E-05
1.10090E+07 3.27139E-05
1.10500E+07 3.26240E-05
1.11000E+07 3.25144E-05
1.11500E+07 3.24048E-05
1.12000E+07 3.22951E-05
1.12200E+07 3.22513E-05
1.12500E+07 3.21855E-05
1.13000E+07 3.20759E-05
1.13500E+07 3.19663E-05
1.14000E+07 3.18567E-05
1.14500E+07 3.17471E-05
1.15000E+07 3.16375E-05
1.15200E+07 3.15983E-05
1.15400E+07 3.15592E-05
1.15500E+07 3.15396E-05
1.16000E+07 3.14417E-05
1.16430E+07 3.13575E-05
1.16480E+07 3.13478E-05
1.16480E+07 3.13478E-05
1.16480E+07 3.13477E-05
1.16500E+07 3.13438E-05
1.17000E+07 3.12459E-05
1.17500E+07 3.11480E-05
1.17787E+07 3.10918E-05
1.17787E+07 3.10918E-05
1.17790E+07 3.10913E-05
1.17960E+07 3.10580E-05
1.17970E+07 3.10560E-05
1.18000E+07 3.10501E-05
1.18500E+07 3.09523E-05
1.19000E+07 3.08544E-05
1.19500E+07 3.07565E-05
1.19700E+07 3.07173E-05
1.20000E+07 3.06586E-05
1.20500E+07 3.05541E-05
1.21000E+07 3.04495E-05
1.21100E+07 3.04286E-05
1.21500E+07 3.03450E-05
1.21610E+07 3.03220E-05
1.22000E+07 3.02405E-05
1.22467E+07 3.01429E-05
1.22470E+07 3.01422E-05
1.22480E+07 3.01401E-05
1.22500E+07 3.01359E-05
1.23000E+07 3.00314E-05
1.23317E+07 2.99651E-05
1.23320E+07 2.99645E-05
1.23330E+07 2.99624E-05
1.23500E+07 2.99269E-05
1.23630E+07 2.98997E-05
1.23700E+07 2.98851E-05
1.24000E+07 2.98223E-05
1.24500E+07 2.97178E-05
1.25000E+07 2.96133E-05
1.25500E+07 2.95344E-05
1.25800E+07 2.94871E-05
1.26000E+07 2.94556E-05
1.26200E+07 2.94240E-05
1.26500E+07 2.93767E-05
1.27000E+07 2.92978E-05
1.27500E+07 2.92190E-05
1.28000E+07 2.91401E-05
1.28090E+07 2.91259E-05
1.28090E+07 2.91259E-05
1.28130E+07 2.91196E-05
1.28500E+07 2.90613E-05
1.28924E+07 2.89945E-05
1.28924E+07 2.89944E-05
1.29000E+07 2.89824E-05
1.29500E+07 2.89035E-05
1.30000E+07 2.88247E-05
1.30500E+07 2.87783E-05
1.31000E+07 2.87320E-05
1.31500E+07 2.86857E-05
1.32000E+07 2.86393E-05
1.32247E+07 2.86164E-05
1.32250E+07 2.86162E-05
1.32270E+07 2.86143E-05
1.32500E+07 2.85930E-05
1.33000E+07 2.85467E-05
1.33180E+07 2.85300E-05
1.33200E+07 2.85281E-05
1.33204E+07 2.85278E-05
1.33500E+07 2.85003E-05
1.34000E+07 2.84540E-05
1.34500E+07 2.84077E-05
1.35000E+07 2.83613E-05
1.35500E+07 2.83601E-05
1.36000E+07 2.83589E-05
1.36020E+07 2.83588E-05
1.36030E+07 2.83588E-05
1.36032E+07 2.83588E-05
1.36100E+07 2.83586E-05
1.36200E+07 2.83584E-05
1.36300E+07 2.83581E-05
1.36400E+07 2.83579E-05
1.36500E+07 2.83576E-05
1.36600E+07 2.83574E-05
1.36700E+07 2.83571E-05
1.36744E+07 2.83570E-05
1.36744E+07 2.83570E-05
1.36800E+07 2.83569E-05
1.36900E+07 2.83566E-05
1.37000E+07 2.83564E-05
1.37100E+07 2.83562E-05
1.37200E+07 2.83559E-05
1.37300E+07 2.83557E-05
1.37400E+07 2.83554E-05
1.37500E+07 2.83552E-05
1.37600E+07 2.83549E-05
1.37700E+07 2.83547E-05
1.37800E+07 2.83544E-05
1.37850E+07 2.83543E-05
1.37867E+07 2.83543E-05
1.37870E+07 2.83543E-05
1.37900E+07 2.83542E-05
1.38000E+07 2.83539E-05
1.38100E+07 2.83537E-05
1.38200E+07 2.83534E-05
1.38300E+07 2.83532E-05
1.38400E+07 2.83530E-05
1.38500E+07 2.83527E-05
1.38600E+07 2.83525E-05
1.38700E+07 2.83522E-05
1.38800E+07 2.83520E-05
1.38900E+07 2.83517E-05
1.39000E+07 2.83515E-05
1.39500E+07 2.83502E-05
1.39790E+07 2.83495E-05
1.40000E+07 2.83490E-05
1.40500E+07 2.83988E-05
1.41000E+07 2.84485E-05
1.41500E+07 2.84983E-05
1.42000E+07 2.85480E-05
1.42500E+07 2.85978E-05
1.42980E+07 2.86455E-05
1.43000E+07 2.86475E-05
1.43500E+07 2.86973E-05
1.44000E+07 2.87470E-05
1.44500E+07 2.87968E-05
1.45000E+07 2.88465E-05
1.45500E+07 2.89538E-05
1.46000E+07 2.90610E-05
1.46170E+07 2.90975E-05
1.46500E+07 2.91682E-05
1.47000E+07 2.92755E-05
1.47500E+07 2.93827E-05
1.48000E+07 2.94899E-05
1.48500E+07 2.95972E-05
1.49000E+07 2.97044E-05
1.49360E+07 2.97816E-05
1.49500E+07 2.98117E-05
1.50000E+07 2.99189E-05
1.50200E+07 2.99912E-05
1.50400E+07 3.00635E-05
1.50500E+07 3.00996E-05
1.51000E+07 3.02804E-05
1.51500E+07 3.04612E-05
1.52000E+07 3.06419E-05
1.52500E+07 3.08227E-05
1.52550E+07 3.08408E-05
1.53000E+07 3.10034E-05
1.53472E+07 3.11740E-05
1.53500E+07 3.11842E-05
1.53921E+07 3.13363E-05
1.53921E+07 3.13363E-05
1.54000E+07 3.13650E-05
1.54500E+07 3.15457E-05
1.55000E+07 3.17265E-05
1.55500E+07 3.19701E-05
1.55740E+07 3.20871E-05
1.56000E+07 3.22138E-05
1.56500E+07 3.24575E-05
1.57000E+07 3.27011E-05
1.57500E+07 3.29448E-05
1.58000E+07 3.31884E-05
1.58500E+07 3.34321E-05
1.58930E+07 3.36417E-05
1.59000E+07 3.36758E-05
1.59500E+07 3.39194E-05
1.60000E+07 3.41631E-05
1.61000E+07 3.47913E-05
1.61300E+07 3.49798E-05
1.61610E+07 3.51745E-05
1.62000E+07 3.54195E-05
1.62050E+07 3.54509E-05
1.62120E+07 3.54949E-05
1.63000E+07 3.60477E-05
1.64000E+07 3.66760E-05
1.64100E+07 3.67388E-05
1.65000E+07 3.73042E-05
1.65310E+07 3.75752E-05
1.66000E+07 3.81783E-05
1.66150E+07 3.83095E-05
1.66516E+07 3.86294E-05
1.67000E+07 3.90525E-05
1.68000E+07 3.99267E-05
1.68200E+07 4.01015E-05
1.68500E+07 4.03637E-05
1.69000E+07 4.08008E-05
1.70000E+07 4.16750E-05
1.70250E+07 4.19554E-05
1.71000E+07 4.27966E-05
1.71680E+07 4.35593E-05
1.71690E+07 4.35706E-05
1.72000E+07 4.39183E-05
1.72300E+07 4.42548E-05
1.72502E+07 4.44812E-05
1.72502E+07 4.44813E-05
1.73000E+07 4.50399E-05
1.74000E+07 4.61616E-05
1.74350E+07 4.65542E-05
1.74870E+07 4.71374E-05
1.74880E+07 4.71486E-05
1.75000E+07 4.72832E-05
1.76000E+07 4.87337E-05
1.76400E+07 4.93139E-05
1.77000E+07 5.01843E-05
1.78000E+07 5.16348E-05
1.78060E+07 5.17218E-05
1.78070E+07 5.17363E-05
1.78450E+07 5.22875E-05
1.78500E+07 5.23600E-05
1.78507E+07 5.23705E-05
1.78507E+07 5.23706E-05
1.79000E+07 5.30853E-05
1.80000E+07 5.45358E-05
1.80500E+07 5.54494E-05
1.81000E+07 5.63630E-05
1.81250E+07 5.68199E-05
1.81338E+07 5.69808E-05
1.81338E+07 5.69810E-05
1.82000E+07 5.81903E-05
1.82550E+07 5.91953E-05
1.82890E+07 5.98169E-05
1.82890E+07 5.98171E-05
1.83000E+07 6.00175E-05
1.84000E+07 6.18448E-05
1.84440E+07 6.26488E-05
1.84600E+07 6.29411E-05
1.85000E+07 6.36720E-05
1.85718E+07 6.53192E-05
1.85718E+07 6.53194E-05
1.86000E+07 6.59664E-05
1.86650E+07 6.74578E-05
1.87000E+07 6.82609E-05
1.87630E+07 6.97064E-05
1.88000E+07 7.05553E-05
1.88700E+07 7.21614E-05
1.89000E+07 7.28497E-05
1.90000E+07 7.51442E-05
1.90750E+07 7.71965E-05
1.90820E+07 7.73881E-05
1.91000E+07 7.78807E-05
1.92000E+07 8.06172E-05
1.92800E+07 8.28064E-05
1.93000E+07 8.33537E-05
1.93645E+07 8.51192E-05
1.93645E+07 8.51195E-05
1.94000E+07 8.60902E-05
1.94010E+07 8.61175E-05
1.94850E+07 8.84162E-05
1.95000E+07 8.88267E-05
1.95891E+07 9.16829E-05
1.95892E+07 9.16832E-05
1.96000E+07 9.20309E-05
1.96394E+07 9.32943E-05
1.96394E+07 9.32947E-05
1.96900E+07 9.49147E-05
1.97000E+07 9.52352E-05
1.97200E+07 9.58760E-05
1.98000E+07 9.84394E-05
1.98950E+07 0.000101483
1.99000E+07 0.000101644
2.00000E+07 0.000104848
2.01000E+07 0.000108544
2.01482E+07 0.000110325
2.01482E+07 0.000110326
2.02562E+07 0.000114317
2.02562E+07 0.000114317
2.02597E+07 0.000114447
2.02597E+07 0.000114447
2.03342E+07 0.000117201
2.03343E+07 0.000117201
2.03500E+07 0.000117783
2.04200E+07 0.000120370
2.05000E+07 0.000123327
2.06171E+07 0.000127655
2.06171E+07 0.000127656
2.06500E+07 0.000128870
2.08200E+07 0.000135152
2.08200E+07 0.000135152
2.09030E+07 0.000138220
2.09030E+07 0.000138220
2.09500E+07 0.000139958
2.09763E+07 0.000140931
2.09763E+07 0.000140931
2.09945E+07 0.000141603
2.09945E+07 0.000141603
2.10000E+07 0.000141806
2.10816E+07 0.000144820
2.10816E+07 0.000144820
2.12325E+07 0.000150399
2.12325E+07 0.000150400
2.12500E+07 0.000151045
2.14424E+07 0.000158155
2.14424E+07 0.000158155
2.15000E+07 0.000160284
2.15500E+07 0.000162132
2.15942E+07 0.000163765
2.15942E+07 0.000163765
2.16362E+07 0.000165317
2.16362E+07 0.000165317
2.17251E+07 0.000168602
2.17251E+07 0.000168602
2.18500E+07 0.000173219
2.18950E+07 0.000174884
2.18950E+07 0.000174884
2.19868E+07 0.000178274
2.19868E+07 0.000178274
2.20000E+07 0.000178763
2.20440E+07 0.000179286
2.20440E+07 0.000179286
2.21500E+07 0.000180548
2.21614E+07 0.000180684
2.22230E+07 0.000181416
2.22448E+07 0.000181676
2.22448E+07 0.000181676
2.24500E+07 0.000184117
2.25000E+07 0.000184712
2.27500E+07 0.000187687
2.28644E+07 0.000189049
2.28645E+07 0.000189049
2.30000E+07 0.000190661
2.30430E+07 0.000191173
2.30500E+07 0.000191256
2.32174E+07 0.000193248
2.33500E+07 0.000194826
2.35000E+07 0.000196611
2.36500E+07 0.000198395
2.37435E+07 0.000199508
2.37435E+07 0.000199508
2.38731E+07 0.000201050
2.39436E+07 0.000201888
2.39500E+07 0.000201965
2.40000E+07 0.000202560
2.42500E+07 0.000198206
2.43863E+07 0.000195833
2.44088E+07 0.000195440
2.44089E+07 0.000195440
2.45000E+07 0.000193853
2.45500E+07 0.000192982
2.45771E+07 0.000192510
2.45771E+07 0.000192510
2.48500E+07 0.000187758
2.50000E+07 0.000185146
2.51500E+07 0.000182534
2.54500E+07 0.000177309
2.55000E+07 0.000176439
2.57500E+07 0.000172085
2.60000E+07 0.000167732
2.60500E+07 0.000166657
2.63500E+07 0.000160207
2.65000E+07 0.000156982
2.66500E+07 0.000153757
2.69500E+07 0.000147308
2.70000E+07 0.000146233
2.72500E+07 0.000140858
2.75000E+07 0.000135483
2.75500E+07 0.000134408
2.78500E+07 0.000127958
2.80000E+07 0.000124733
2.81500E+07 0.000122121
2.84500E+07 0.000116896
2.85000E+07 0.000116026
2.87500E+07 0.000111672
2.90000E+07 0.000107318
2.90500E+07 0.000106447
2.93500E+07 0.000101223
2.95000E+07 9.86103E-05
2.96500E+07 9.59980E-05
2.99500E+07 9.07734E-05
3.00000E+07 8.99026E-05
3.00000E+07 0.00000
3.07079E+07 0.00000
3.10000E+07 0.00000
3.14223E+07 0.00000
3.20000E+07 0.00000
3.30000E+07 0.00000
3.32630E+07 0.00000
3.40000E+07 0.00000
3.41482E+07 0.00000
3.43888E+07 0.00000
3.50000E+07 0.00000
3.55351E+07 0.00000
3.60000E+07 0.00000
3.70000E+07 0.00000
3.80000E+07 0.00000
3.90000E+07 0.00000
3.91296E+07 0.00000
4.00000E+07 0.00000
4.10000E+07 0.00000
4.20000E+07 0.00000
4.30000E+07 0.00000
4.40000E+07 0.00000
4.50000E+07 0.00000
4.60000E+07 0.00000
4.70000E+07 0.00000
4.80000E+07 0.00000
4.90000E+07 0.00000
5.00000E+07 0.00000
5.10000E+07 0.00000
5.20000E+07 0.00000
5.30000E+07 0.00000
5.40000E+07 0.00000
5.50000E+07 0.00000
5.60000E+07 0.00000
5.70000E+07 0.00000
5.80000E+07 0.00000
5.90000E+07 0.00000
6.00000E+07 0.00000
6.10000E+07 0.00000
6.20000E+07 0.00000
6.30000E+07 0.00000
6.40000E+07 0.00000
6.50000E+07 0.00000
6.60000E+07 0.00000
6.70000E+07 0.00000
6.80000E+07 0.00000
6.90000E+07 0.00000
7.00000E+07 0.00000
7.10000E+07 0.00000
7.20000E+07 0.00000
7.30000E+07 0.00000
7.40000E+07 0.00000
7.50000E+07 0.00000
7.60000E+07 0.00000
7.70000E+07 0.00000
7.80000E+07 0.00000
7.90000E+07 0.00000
8.00000E+07 0.00000
8.10000E+07 0.00000
8.20000E+07 0.00000
8.30000E+07 0.00000
8.40000E+07 0.00000
8.50000E+07 0.00000
8.60000E+07 0.00000
8.70000E+07 0.00000
8.80000E+07 0.00000
8.90000E+07 0.00000
9.00000E+07 0.00000
9.10000E+07 0.00000
9.20000E+07 0.00000
9.30000E+07 0.00000
9.40000E+07 0.00000
9.50000E+07 0.00000
9.60000E+07 0.00000
9.70000E+07 0.00000
9.80000E+07 0.00000
9.90000E+07 0.00000
1.00000E+08 0.00000
1.02000E+08 0.00000
1.04000E+08 0.00000
1.06000E+08 0.00000
1.08000E+08 0.00000
1.10000E+08 0.00000
1.12000E+08 0.00000
1.14000E+08 0.00000
1.16000E+08 0.00000
1.18000E+08 0.00000
1.20000E+08 0.00000
1.22000E+08 0.00000
1.24000E+08 0.00000
1.26000E+08 0.00000
1.28000E+08 0.00000
1.30000E+08 0.00000
1.32000E+08 0.00000
1.34000E+08 0.00000
1.36000E+08 0.00000
1.38000E+08 0.00000
1.40000E+08 0.00000
1.42000E+08 0.00000
1.44000E+08 0.00000
1.46000E+08 0.00000
1.48000E+08 0.00000
1.50000E+08 0.00000
