15-P_n-tot
>   15-P-31:1.000000
1.000000e-05 5.10487000e+01
1.031250e-05 5.02744000e+01
1.062500e-05 4.95347000e+01
1.093750e-05 4.88269000e+01
1.125000e-05 4.81489000e+01
1.156250e-05 4.74987000e+01
1.187500e-05 4.68743000e+01
1.218750e-05 4.62742000e+01
1.250000e-05 4.56968000e+01
1.281250e-05 4.51408000e+01
1.312500e-05 4.46047000e+01
1.343750e-05 4.40875000e+01
1.375000e-05 4.35881000e+01
1.437500e-05 4.26388000e+01
1.500000e-05 4.17496000e+01
1.546240e-05 4.11268000e+01
1.592480e-05 4.05315000e+01
1.638710e-05 3.99617000e+01
1.684950e-05 3.94155000e+01
1.687500e-05 3.93861000e+01
1.695310e-05 3.92962000e+01
1.703130e-05 3.92070000e+01
1.718750e-05 3.90304000e+01
1.750000e-05 3.86843000e+01
1.812500e-05 3.80192000e+01
1.875000e-05 3.73879000e+01
1.937500e-05 3.67874000e+01
2.000000e-05 3.62154000e+01
2.083050e-05 3.54958000e+01
2.166110e-05 3.48181000e+01
2.249160e-05 3.41785000e+01
2.332210e-05 3.35735000e+01
2.415260e-05 3.30001000e+01
2.498320e-05 3.24558000e+01
2.581370e-05 3.19380000e+01
2.664420e-05 3.14448000e+01
2.750000e-05 3.09603000e+01
2.843750e-05 3.04550000e+01
2.937500e-05 2.99742000e+01
3.031250e-05 2.95161000e+01
3.125000e-05 2.90788000e+01
3.218750e-05 2.86609000e+01
3.312500e-05 2.82610000e+01
3.406250e-05 2.78779000e+01
3.500000e-05 2.75104000e+01
3.625000e-05 2.70428000e+01
3.750000e-05 2.65991000e+01
3.875000e-05 2.61771000e+01
4.000000e-05 2.57753000e+01
4.125000e-05 2.53920000e+01
4.250000e-05 2.50259000e+01
4.437500e-05 2.45063000e+01
4.625000e-05 2.40189000e+01
4.812500e-05 2.35606000e+01
5.000000e-05 2.31286000e+01
5.156250e-05 2.27869000e+01
5.312500e-05 2.24606000e+01
5.468750e-05 2.21485000e+01
5.625000e-05 2.18496000e+01
5.781250e-05 2.15631000e+01
5.937500e-05 2.12882000e+01
6.093750e-05 2.10240000e+01
6.250000e-05 2.07699000e+01
6.406250e-05 2.05252000e+01
6.562500e-05 2.02895000e+01
6.718750e-05 2.00622000e+01
6.875000e-05 1.98428000e+01
7.187500e-05 1.94259000e+01
7.500000e-05 1.90358000e+01
7.750000e-05 1.87411000e+01
8.000000e-05 1.84605000e+01
8.375000e-05 1.80639000e+01
8.750000e-05 1.76935000e+01
9.062500e-05 1.74029000e+01
9.375000e-05 1.71272000e+01
9.687500e-05 1.68652000e+01
1.000000e-04 1.66158000e+01
1.031250e-04 1.63781000e+01
1.062500e-04 1.61512000e+01
1.093750e-04 1.59343000e+01
1.125000e-04 1.57267000e+01
1.156250e-04 1.55278000e+01
1.187500e-04 1.53370000e+01
1.218750e-04 1.51537000e+01
1.250000e-04 1.49775000e+01
1.281250e-04 1.48080000e+01
1.312500e-04 1.46448000e+01
1.343750e-04 1.44874000e+01
1.375000e-04 1.43355000e+01
1.437500e-04 1.40473000e+01
1.500000e-04 1.37778000e+01
1.550000e-04 1.35743000e+01
1.600000e-04 1.33808000e+01
1.675000e-04 1.31075000e+01
1.750000e-04 1.28526000e+01
1.812500e-04 1.26527000e+01
1.875000e-04 1.24633000e+01
1.937500e-04 1.22835000e+01
2.000000e-04 1.21125000e+01
2.082030e-04 1.19004000e+01
2.164060e-04 1.17009000e+01
2.246090e-04 1.15129000e+01
2.328130e-04 1.13354000e+01
2.410160e-04 1.11675000e+01
2.492190e-04 1.10083000e+01
2.574220e-04 1.08572000e+01
2.656250e-04 1.07134000e+01
2.750000e-04 1.05575000e+01
2.843580e-04 1.04100000e+01
2.937160e-04 1.02700000e+01
2.937500e-04 1.02696000e+01
2.938530e-04 1.02681000e+01
2.939550e-04 1.02666000e+01
2.941600e-04 1.02636000e+01
2.945700e-04 1.02576000e+01
2.953910e-04 1.02457000e+01
2.970310e-04 1.02221000e+01
3.003130e-04 1.01756000e+01
3.068750e-04 1.00848000e+01
3.200000e-04 9.91213000e+00
3.350000e-04 9.72816000e+00
3.500000e-04 9.55689000e+00
3.593750e-04 9.45570000e+00
3.687500e-04 9.35865000e+00
3.781250e-04 9.26548000e+00
3.875000e-04 9.17596000e+00
3.968750e-04 9.08986000e+00
4.062500e-04 9.00697000e+00
4.250000e-04 8.85013000e+00
4.437500e-04 8.70410000e+00
4.625000e-04 8.56777000e+00
4.812500e-04 8.44014000e+00
5.000000e-04 8.32038000e+00
5.156250e-04 8.22605000e+00
5.312500e-04 8.13630000e+00
5.468750e-04 8.05078000e+00
5.625000e-04 7.96920000e+00
5.781250e-04 7.89126000e+00
5.937500e-04 7.81674000e+00
6.093750e-04 7.74539000e+00
6.250000e-04 7.67701000e+00
6.400000e-04 7.61399000e+00
6.675000e-04 7.50461000e+00
6.950000e-04 7.40252000e+00
7.225000e-04 7.30697000e+00
7.500000e-04 7.21735000e+00
7.812500e-04 7.12199000e+00
8.125000e-04 7.03288000e+00
8.437500e-04 6.94939000e+00
8.750000e-04 6.87101000e+00
9.062500e-04 6.79725000e+00
9.375000e-04 6.72773000e+00
9.687500e-04 6.66207000e+00
1.000000e-03 6.59995000e+00
1.031250e-03 6.54109000e+00
1.062500e-03 6.48523000e+00
1.093750e-03 6.43215000e+00
1.125000e-03 6.38164000e+00
1.156250e-03 6.33352000e+00
1.187500e-03 6.28761000e+00
1.218750e-03 6.24376000e+00
1.250000e-03 6.20184000e+00
1.280000e-03 6.16329000e+00
1.335000e-03 6.09658000e+00
1.390000e-03 6.03455000e+00
1.445000e-03 5.97672000e+00
1.500000e-03 5.92266000e+00
1.562500e-03 5.86535000e+00
1.625000e-03 5.81198000e+00
1.687500e-03 5.76216000e+00
1.750000e-03 5.71554000e+00
1.812500e-03 5.67181000e+00
1.875000e-03 5.63072000e+00
1.937500e-03 5.59202000e+00
2.000000e-03 5.55550000e+00
2.070000e-03 5.51698000e+00
2.140000e-03 5.48075000e+00
2.210000e-03 5.44661000e+00
2.280000e-03 5.41437000e+00
2.350000e-03 5.38388000e+00
2.420000e-03 5.35500000e+00
2.490000e-03 5.32761000e+00
2.560000e-03 5.30158000e+00
2.562500e-03 5.30067000e+00
2.568360e-03 5.29856000e+00
2.574220e-03 5.29645000e+00
2.585940e-03 5.29226000e+00
2.609380e-03 5.28399000e+00
2.656250e-03 5.26784000e+00
2.750000e-03 5.23705000e+00
2.843750e-03 5.20813000e+00
2.937500e-03 5.18090000e+00
3.031250e-03 5.15521000e+00
3.125000e-03 5.13093000e+00
3.218750e-03 5.10795000e+00
3.312500e-03 5.08616000e+00
3.406250e-03 5.06548000e+00
3.500000e-03 5.04581000e+00
3.593750e-03 5.02708000e+00
3.687500e-03 5.00922000e+00
3.781250e-03 4.99218000e+00
3.875000e-03 4.97589000e+00
3.968750e-03 4.96031000e+00
4.062500e-03 4.94538000e+00
4.250000e-03 4.91734000e+00
4.437500e-03 4.89148000e+00
4.625000e-03 4.86753000e+00
4.812500e-03 4.84529000e+00
5.000000e-03 4.82458000e+00
5.120000e-03 4.81205000e+00
5.261250e-03 4.79796000e+00
5.402500e-03 4.78455000e+00
5.543750e-03 4.77176000e+00
5.685000e-03 4.75955000e+00
5.826250e-03 4.74788000e+00
5.967500e-03 4.73671000e+00
6.250000e-03 4.71574000e+00
6.406250e-03 4.70487000e+00
6.562500e-03 4.69446000e+00
6.718750e-03 4.68449000e+00
6.875000e-03 4.67494000e+00
7.187500e-03 4.65695000e+00
7.500000e-03 4.64032000e+00
7.812500e-03 4.62488000e+00
8.125000e-03 4.61052000e+00
8.437500e-03 4.59712000e+00
8.750000e-03 4.58457000e+00
9.062500e-03 4.57281000e+00
9.375000e-03 4.56174000e+00
9.687500e-03 4.55132000e+00
1.000000e-02 4.54148000e+00
1.031250e-02 4.53217000e+00
1.062500e-02 4.52335000e+00
1.093750e-02 4.51498000e+00
1.125000e-02 4.50702000e+00
1.156250e-02 4.49945000e+00
1.187500e-02 4.49223000e+00
1.218750e-02 4.48533000e+00
1.250000e-02 4.47875000e+00
1.281250e-02 4.47245000e+00
1.312500e-02 4.46641000e+00
1.343750e-02 4.46062000e+00
1.375000e-02 4.45507000e+00
1.437500e-02 4.44459000e+00
1.500000e-02 4.43489000e+00
1.562500e-02 4.42587000e+00
1.625000e-02 4.41747000e+00
1.687500e-02 4.40960000e+00
1.750000e-02 4.40224000e+00
1.812500e-02 4.39531000e+00
1.875000e-02 4.38879000e+00
1.937500e-02 4.38263000e+00
2.000000e-02 4.37681000e+00
2.066250e-02 4.37097000e+00
2.132500e-02 4.36545000e+00
2.198750e-02 4.36022000e+00
2.265000e-02 4.35525000e+00
2.331250e-02 4.35052000e+00
2.397500e-02 4.34602000e+00
2.463750e-02 4.34173000e+00
2.530000e-02 4.33763000e+00
2.597540e-02 4.33363000e+00
2.665080e-02 4.32981000e+00
2.732620e-02 4.32615000e+00
2.800160e-02 4.32264000e+00
2.867700e-02 4.31927000e+00
2.935240e-02 4.31604000e+00
3.070310e-02 4.30993000e+00
3.205390e-02 4.30426000e+00
3.340470e-02 4.29899000e+00
3.475550e-02 4.29407000e+00
3.610630e-02 4.28946000e+00
3.697460e-02 4.28665000e+00
3.784300e-02 4.28394000e+00
3.957970e-02 4.27884000e+00
4.131640e-02 4.27411000e+00
4.305310e-02 4.26970000e+00
4.478990e-02 4.26558000e+00
4.652660e-02 4.26172000e+00
4.826330e-02 4.25810000e+00
5.000000e-02 4.25469000e+00
5.060000e-02 4.25356000e+00
5.208750e-02 4.25085000e+00
5.357500e-02 4.24827000e+00
5.506250e-02 4.24580000e+00
5.655000e-02 4.24345000e+00
5.803750e-02 4.24119000e+00
5.952500e-02 4.23903000e+00
6.101250e-02 4.23696000e+00
6.250000e-02 4.23498000e+00
6.406250e-02 4.23297000e+00
6.562500e-02 4.23105000e+00
6.718750e-02 4.22920000e+00
6.875000e-02 4.22742000e+00
7.187500e-02 4.22405000e+00
7.500000e-02 4.22092000e+00
7.812500e-02 4.21801000e+00
8.125000e-02 4.21527000e+00
8.437500e-02 4.21271000e+00
8.750000e-02 4.21030000e+00
9.062500e-02 4.20803000e+00
9.375000e-02 4.20588000e+00
9.687500e-02 4.20385000e+00
1.000000e-01 4.20192000e+00
1.031250e-01 4.20010000e+00
1.062500e-01 4.19835000e+00
1.093750e-01 4.19670000e+00
1.125000e-01 4.19511000e+00
1.156250e-01 4.19360000e+00
1.187500e-01 4.19215000e+00
1.218750e-01 4.19077000e+00
1.250000e-01 4.18944000e+00
1.281250e-01 4.18817000e+00
1.312500e-01 4.18694000e+00
1.343750e-01 4.18577000e+00
1.375000e-01 4.18463000e+00
1.437500e-01 4.18249000e+00
1.500000e-01 4.18049000e+00
1.562500e-01 4.17862000e+00
1.625000e-01 4.17687000e+00
1.687500e-01 4.17522000e+00
1.750000e-01 4.17367000e+00
1.812500e-01 4.17221000e+00
1.875000e-01 4.17083000e+00
1.937500e-01 4.16952000e+00
2.000000e-01 4.16828000e+00
2.082030e-01 4.16674000e+00
2.164060e-01 4.16529000e+00
2.246090e-01 4.16393000e+00
2.328130e-01 4.16265000e+00
2.410160e-01 4.16144000e+00
2.492190e-01 4.16029000e+00
2.574220e-01 4.15921000e+00
2.656250e-01 4.15818000e+00
2.750000e-01 4.15706000e+00
2.843750e-01 4.15600000e+00
2.937500e-01 4.15499000e+00
3.031250e-01 4.15404000e+00
3.125000e-01 4.15313000e+00
3.218750e-01 4.15226000e+00
3.312500e-01 4.15143000e+00
3.406250e-01 4.15064000e+00
3.500000e-01 4.14988000e+00
3.593750e-01 4.14916000e+00
3.687500e-01 4.14847000e+00
3.781250e-01 4.14780000e+00
3.875000e-01 4.14716000e+00
3.968750e-01 4.14654000e+00
4.062500e-01 4.14594000e+00
4.250000e-01 4.14482000e+00
4.437500e-01 4.14376000e+00
4.625000e-01 4.14278000e+00
5.000000e-01 4.14099000e+00
5.312500e-01 4.13966000e+00
5.625000e-01 4.13844000e+00
5.937500e-01 4.13733000e+00
6.250000e-01 4.13630000e+00
6.875000e-01 4.13447000e+00
7.500000e-01 4.13289000e+00
8.125000e-01 4.13150000e+00
8.750000e-01 4.13027000e+00
9.375000e-01 4.12916000e+00
1.000000e+00 4.12817000e+00
1.062500e+00 4.12727000e+00
1.125000e+00 4.12646000e+00
1.187500e+00 4.12570000e+00
1.250000e+00 4.12501000e+00
1.375000e+00 4.12377000e+00
1.500000e+00 4.12270000e+00
1.625000e+00 4.12176000e+00
1.750000e+00 4.12092000e+00
1.875000e+00 4.12017000e+00
2.000000e+00 4.11949000e+00
2.164060e+00 4.11870000e+00
2.328130e+00 4.11800000e+00
2.492190e+00 4.11736000e+00
2.656250e+00 4.11679000e+00
2.750000e+00 4.11649000e+00
2.937500e+00 4.11593000e+00
3.125000e+00 4.11542000e+00
3.312500e+00 4.11496000e+00
3.500000e+00 4.11454000e+00
3.750000e+00 4.11402000e+00
4.000000e+00 4.11356000e+00
4.250000e+00 4.11314000e+00
4.625000e+00 4.11258000e+00
5.000000e+00 4.11208000e+00
5.500000e+00 4.11150000e+00
5.750000e+00 4.11125000e+00
5.875000e+00 4.11113000e+00
6.000000e+00 4.11103000e+00
6.125000e+00 4.11098000e+00
6.250000e+00 4.11095000e+00
6.562500e+00 4.11090000e+00
6.875000e+00 4.11085000e+00
7.500000e+00 4.11074000e+00
8.750000e+00 4.11053000e+00
9.000000e+00 4.11050000e+00
1.000000e+01 4.11046000e+00
1.250000e+01 4.11039000e+00
1.500000e+01 4.11033000e+00
1.750000e+01 4.11028000e+00
2.000000e+01 4.11023000e+00
2.750000e+01 4.11010000e+00
3.500000e+01 4.10998000e+00
4.232300e+01 4.10987000e+00
4.250000e+01 4.10986000e+00
4.296880e+01 4.10986000e+00
4.343750e+01 4.10985000e+00
4.437500e+01 4.10984000e+00
4.625000e+01 4.10983000e+00
5.000000e+01 4.10979000e+00
6.250000e+01 4.10967000e+00
6.875000e+01 4.10961000e+00
6.900100e+01 4.10961000e+00
6.975090e+01 4.10960000e+00
7.050080e+01 4.10960000e+00
7.200050e+01 4.10959000e+00
7.500000e+01 4.10957000e+00
8.125000e+01 4.10953000e+00
8.750000e+01 4.10950000e+00
1.000000e+02 4.10943000e+00
1.119300e+02 4.10936000e+00
1.125000e+02 4.10936000e+00
1.140630e+02 4.10935000e+00
1.156250e+02 4.10935000e+00
1.187500e+02 4.10933000e+00
1.250000e+02 4.10931000e+00
1.500000e+02 4.10922000e+00
1.687500e+02 4.10916000e+00
1.750000e+02 4.10914000e+00
2.000000e+02 4.10910000e+00
2.750000e+02 4.10896000e+00
3.500000e+02 4.10882000e+00
3.542600e+02 4.10881000e+00
3.631030e+02 4.10880000e+00
3.719450e+02 4.10879000e+00
3.896300e+02 4.10878000e+00
4.250000e+02 4.10874000e+00
5.000000e+02 4.10867000e+00
6.250000e+02 4.10856000e+00
6.445400e+02 4.10854000e+00
6.562500e+02 4.10853000e+00
7.031250e+02 4.10851000e+00
7.500000e+02 4.10848000e+00
8.750000e+02 4.10842000e+00
1.000000e+03 4.10836000e+00
1.125000e+03 4.10830000e+00
1.250000e+03 4.10826000e+00
1.500000e+03 4.10818000e+00
1.721700e+03 4.10811000e+00
1.750000e+03 4.10811000e+00
1.812500e+03 4.10810000e+00
1.875000e+03 4.10809000e+00
2.000000e+03 4.10807000e+00
2.375000e+03 4.10801000e+00
2.750000e+03 4.10795000e+00
3.500000e+03 4.10783000e+00
3.656300e+03 4.10780000e+00
3.687500e+03 4.10780000e+00
3.757810e+03 4.10780000e+00
3.828130e+03 4.10779000e+00
3.968750e+03 4.10778000e+00
4.250000e+03 4.10776000e+00
5.000000e+03 4.10770000e+00
5.250000e+03 4.10768000e+00
5.500000e+03 4.10766000e+00
5.750000e+03 4.10765000e+00
6.000000e+03 4.10826000e+00
6.250000e+03 4.23261000e+00
6.500000e+03 4.35759000e+00
6.750000e+03 4.48257000e+00
7.000000e+03 4.60851000e+00
7.500000e+03 5.20753000e+00
8.000000e+03 5.80099000e+00
8.400000e+03 4.51566000e+00
8.900000e+03 5.59995000e+00
9.200000e+03 4.81753000e+00
9.600000e+03 6.29180000e+00
9.900000e+03 4.51719000e+00
9.912500e+03 4.50744000e+00
9.925000e+03 4.50743000e+00
9.950000e+03 4.50743000e+00
1.000000e+04 4.50742000e+00
1.050000e+04 4.50782000e+00
1.090000e+04 4.60910000e+00
1.130000e+04 5.10433000e+00
1.190000e+04 4.80764000e+00
1.240900e+04 4.63766000e+00
1.250000e+04 4.60928000e+00
1.268750e+04 4.74482000e+00
1.287500e+04 4.88232000e+00
1.325000e+04 5.15731000e+00
1.400000e+04 5.70340000e+00
1.455000e+04 5.00727000e+00
1.482500e+04 4.65727000e+00
1.496250e+04 4.48226000e+00
1.503130e+04 4.39476000e+00
1.506560e+04 4.35101000e+00
1.508280e+04 4.32913000e+00
1.509140e+04 4.31932000e+00
1.509570e+04 4.31952000e+00
1.510000e+04 4.33196000e+00
1.510630e+04 4.37923000e+00
1.511250e+04 4.44492000e+00
1.512500e+04 4.58229000e+00
1.515000e+04 4.85729000e+00
1.517500e+04 5.13229000e+00
1.518750e+04 5.26963000e+00
1.519380e+04 5.33488000e+00
1.520000e+04 5.37935000e+00
1.520470e+04 5.38728000e+00
1.520940e+04 5.37981000e+00
1.521880e+04 5.35413000e+00
1.523750e+04 5.30100000e+00
1.527500e+04 5.19475000e+00
1.535000e+04 4.98225000e+00
1.550000e+04 4.55725000e+00
1.565000e+04 4.13224000e+00
1.572500e+04 3.91974000e+00
1.576250e+04 3.81349000e+00
1.578130e+04 3.76037000e+00
1.579060e+04 3.73415000e+00
1.580000e+04 3.71760000e+00
1.580780e+04 3.72519000e+00
1.581560e+04 3.74165000e+00
1.583130e+04 3.77600000e+00
1.586250e+04 3.84475000e+00
1.592500e+04 3.98225000e+00
1.605000e+04 4.25725000e+00
1.617500e+04 4.53224000e+00
1.623750e+04 4.66974000e+00
1.626880e+04 4.73849000e+00
1.628440e+04 4.77287000e+00
1.630000e+04 4.79720000e+00
1.631560e+04 4.76658000e+00
1.633130e+04 4.72598000e+00
1.636250e+04 4.64473000e+00
1.642500e+04 4.48223000e+00
1.655000e+04 4.15722000e+00
1.667500e+04 3.83222000e+00
1.673750e+04 3.66972000e+00
1.676880e+04 3.58847000e+00
1.678440e+04 3.54784000e+00
1.680000e+04 3.51521000e+00
1.680940e+04 3.51848000e+00
1.681880e+04 3.52910000e+00
1.683750e+04 3.55098000e+00
1.687500e+04 3.59472000e+00
1.695000e+04 3.68222000e+00
1.710000e+04 3.85722000e+00
1.740000e+04 4.20721000e+00
1.800000e+04 4.90288000e+00
1.950000e+04 3.70903000e+00
1.993000e+04 3.71497000e+00
2.000000e+04 3.71624000e+00
2.015630e+04 3.71908000e+00
2.031250e+04 3.72192000e+00
2.062500e+04 3.72759000e+00
2.125000e+04 3.73895000e+00
2.250000e+04 3.76166000e+00
2.500000e+04 3.80718000e+00
3.000000e+04 4.10700000e+00
3.250000e+04 4.25695000e+00
4.000000e+04 4.70657000e+00
4.250000e+04 4.66927000e+00
4.500000e+04 4.63172000e+00
4.750000e+04 4.59418000e+00
5.000000e+04 4.55663000e+00
5.250000e+04 4.51908000e+00
5.500000e+04 4.48154000e+00
5.750000e+04 4.44399000e+00
6.000000e+04 4.40648000e+00
6.750000e+04 4.35631000e+00
7.500000e+04 4.30617000e+00
8.250000e+04 4.25603000e+00
9.000000e+04 4.20533000e+00
9.500000e+04 3.60580000e+00
1.000000e+05 3.00618000e+00
1.125000e+05 2.65547000e+00
1.250000e+05 2.30487000e+00
1.310000e+05 1.75513000e+00
1.370000e+05 1.20729000e+00
1.430000e+05 2.90269000e+00
1.470000e+05 2.60750000e+00
1.510000e+05 4.00571000e+00
1.550000e+05 5.99905000e+00
1.630000e+05 3.00622000e+00
1.730000e+05 1.80721000e+00
1.810000e+05 4.20386000e+00
1.830000e+05 4.70090000e+00
1.890000e+05 3.40406000e+00
1.950000e+05 2.10623000e+00
2.010000e+05 2.70555000e+00
2.070000e+05 4.69969000e+00
2.190000e+05 2.20490000e+00
2.310000e+05 1.90409000e+00
2.400000e+05 2.60249000e+00
2.490000e+05 2.60567000e+00
2.550000e+05 4.59837000e+00
2.690000e+05 1.70667000e+00
2.770000e+05 3.89823000e+00
2.850000e+05 2.20632000e+00
2.890000e+05 3.19936000e+00
3.000000e+05 2.40200000e+00
3.110000e+05 1.60369000e+00
3.190000e+05 2.50040000e+00
3.290000e+05 1.90264000e+00
3.400000e+05 2.00271000e+00
3.610000e+05 3.80359000e+00
3.690000e+05 5.79807000e+00
3.950000e+05 2.10342000e+00
4.170000e+05 2.10155000e+00
4.210000e+05 1.95194000e+00
4.230000e+05 1.87694000e+00
4.240000e+05 1.83944000e+00
4.245000e+05 1.82069000e+00
4.247500e+05 1.81132000e+00
4.248750e+05 1.80663000e+00
4.249380e+05 1.80432000e+00
4.250000e+05 1.80682000e+00
4.250390e+05 1.81875000e+00
4.250780e+05 1.83479000e+00
4.251560e+05 1.86759000e+00
4.253130e+05 1.93319000e+00
4.256250e+05 2.06444000e+00
4.262500e+05 2.32694000e+00
4.275000e+05 2.85194000e+00
4.300000e+05 3.90249000e+00
4.370000e+05 7.19338000e+00
4.450000e+05 4.65193000e+00
4.490000e+05 3.37693000e+00
4.510000e+05 2.73943000e+00
4.520000e+05 2.42068000e+00
4.525000e+05 2.26130000e+00
4.527500e+05 2.18161000e+00
4.528750e+05 2.14177000e+00
4.529380e+05 2.12196000e+00
4.529690e+05 2.11357000e+00
4.530000e+05 2.11242000e+00
4.530240e+05 2.11970000e+00
4.530470e+05 2.13211000e+00
4.530940e+05 2.16134000e+00
4.531880e+05 2.22068000e+00
4.533750e+05 2.33943000e+00
4.537500e+05 2.57693000e+00
4.545000e+05 3.05193000e+00
4.552500e+05 3.52693000e+00
4.556250e+05 3.76443000e+00
4.558130e+05 3.88318000e+00
4.559060e+05 3.94258000e+00
4.559530e+05 3.97185000e+00
4.560000e+05 3.99259000e+00
4.560700e+05 3.98702000e+00
4.561410e+05 3.97222000e+00
4.562810e+05 3.94254000e+00
4.565630e+05 3.88317000e+00
4.571250e+05 3.76442000e+00
4.582500e+05 3.52692000e+00
4.605000e+05 3.05192000e+00
4.627500e+05 2.57692000e+00
4.638750e+05 2.33942000e+00
4.644380e+05 2.22067000e+00
4.647190e+05 2.16129000e+00
4.648590e+05 2.13160000e+00
4.649300e+05 2.11682000e+00
4.649650e+05 2.11082000e+00
4.650000e+05 2.11377000e+00
4.650310e+05 2.13049000e+00
4.650630e+05 2.15518000e+00
4.651250e+05 2.20817000e+00
4.652500e+05 2.31442000e+00
4.655000e+05 2.52692000e+00
4.660000e+05 2.95192000e+00
4.670000e+05 3.80192000e+00
4.680000e+05 4.65192000e+00
4.685000e+05 5.07692000e+00
4.687500e+05 5.28942000e+00
4.688750e+05 5.39567000e+00
4.689380e+05 5.44862000e+00
4.690000e+05 5.48679000e+00
4.690630e+05 5.47049000e+00
4.691250e+05 5.43942000e+00
4.692500e+05 5.37692000e+00
4.695000e+05 5.25192000e+00
4.700000e+05 5.00192000e+00
4.705000e+05 4.75192000e+00
4.707500e+05 4.62692000e+00
4.708750e+05 4.56442000e+00
4.709380e+05 4.53330000e+00
4.710000e+05 4.51343000e+00
4.710630e+05 4.53487000e+00
4.711250e+05 4.56754000e+00
4.712500e+05 4.63317000e+00
4.715000e+05 4.76442000e+00
4.720000e+05 5.02692000e+00
4.730000e+05 5.55192000e+00
4.750000e+05 6.59331000e+00
4.830000e+05 4.70191000e+00
4.910000e+05 2.80436000e+00
5.080000e+05 2.40190000e+00
5.165000e+05 2.20190000e+00
5.207500e+05 2.10189000e+00
5.228750e+05 2.05189000e+00
5.239380e+05 2.02689000e+00
5.244690e+05 2.01439000e+00
5.247340e+05 2.00814000e+00
5.248670e+05 2.00502000e+00
5.249340e+05 2.00352000e+00
5.249670e+05 2.00366000e+00
5.250000e+05 2.00781000e+00
5.250630e+05 2.03168000e+00
5.251250e+05 2.06127000e+00
5.252500e+05 2.12064000e+00
5.255000e+05 2.23939000e+00
5.260000e+05 2.47689000e+00
5.270000e+05 2.95189000e+00
5.280000e+05 3.42689000e+00
5.290000e+05 3.89487000e+00
5.316250e+05 3.60189000e+00
5.342500e+05 3.30189000e+00
5.395000e+05 2.70188000e+00
5.447500e+05 2.10188000e+00
5.473750e+05 1.80188000e+00
5.486880e+05 1.65188000e+00
5.493440e+05 1.57687000e+00
5.496720e+05 1.53938000e+00
5.498360e+05 1.52062000e+00
5.499180e+05 1.51127000e+00
5.499590e+05 1.50718000e+00
5.500000e+05 1.50779000e+00
5.500430e+05 1.51844000e+00
5.500860e+05 1.53395000e+00
5.501720e+05 1.56595000e+00
5.503440e+05 1.63002000e+00
5.506880e+05 1.75813000e+00
5.513750e+05 2.01438000e+00
5.527500e+05 2.52688000e+00
5.555000e+05 3.55188000e+00
5.610000e+05 5.59598000e+00
5.730000e+05 4.30187000e+00
5.850000e+05 3.00318000e+00
6.181250e+05 2.90185000e+00
6.512500e+05 2.80183000e+00
7.175000e+05 2.60180000e+00
8.500000e+05 2.20353000e+00
8.690000e+05 4.39893000e+00
9.000000e+05 2.30380000e+00
9.300000e+05 4.29801000e+00
9.360000e+05 3.30856000e+00
9.480000e+05 6.49513000e+00
9.680000e+05 3.60360000e+00
9.950000e+05 2.90122000e+00
1.010000e+06 2.10166000e+00
1.016000e+06 2.10166000e+00
1.022000e+06 3.30165000e+00
1.030000e+06 3.30165000e+00
1.056000e+06 2.70164000e+00
1.060000e+06 2.90163000e+00
1.076000e+06 2.10163000e+00
1.082000e+06 3.50162000e+00
1.092000e+06 2.80162000e+00
1.115000e+06 1.80161000e+00
1.127000e+06 3.00160000e+00
1.150000e+06 5.00159000e+00
1.200000e+06 3.30157000e+00
1.310000e+06 3.19151000e+00
1.310010e+06 3.19151000e+00
1.500000e+06 3.05142000e+00
1.590000e+06 2.99868000e+00
1.650000e+06 2.96635000e+00
1.750000e+06 2.91048000e+00
2.000000e+06 2.92082000e+00
2.200000e+06 2.84909000e+00
2.250000e+06 2.83273000e+00
2.306000e+06 2.71921000e+00
2.350000e+06 2.63001000e+00
2.500000e+06 2.90094000e+00
2.650000e+06 3.28696000e+00
2.730000e+06 2.93283000e+00
2.750000e+06 2.83042000e+00
2.780000e+06 2.88164000e+00
2.840000e+06 3.04128000e+00
2.940000e+06 3.22901000e+00
2.950000e+06 3.25436000e+00
3.000000e+06 3.14363000e+00
3.050000e+06 3.03297000e+00
3.125000e+06 3.07949000e+00
3.200000e+06 3.07730000e+00
3.210000e+06 3.03868000e+00
3.300000e+06 2.71084000e+00
3.350000e+06 2.64120000e+00
3.460000e+06 2.51537000e+00
3.500000e+06 2.45652000e+00
3.600000e+06 2.67075000e+00
3.610000e+06 2.68218000e+00
3.720000e+06 2.84984000e+00
3.750000e+06 2.86570000e+00
3.820000e+06 2.82271000e+00
3.850000e+06 2.81601000e+00
4.100000e+06 2.76014000e+00
4.140000e+06 2.74358000e+00
4.220000e+06 2.73921000e+00
4.250000e+06 2.72949000e+00
4.350000e+06 3.03045000e+00
4.400000e+06 2.82538000e+00
4.425000e+06 2.79785000e+00
4.500000e+06 2.73560000e+00
4.540000e+06 2.72641000e+00
4.750000e+06 2.64117000e+00
4.800000e+06 2.71588000e+00
4.850000e+06 2.78302000e+00
5.000000e+06 2.55943000e+00
5.050000e+06 2.53853000e+00
5.500000e+06 2.44161000e+00
6.000000e+06 2.20170000e+00
6.300000e+06 2.36236000e+00
6.750000e+06 2.37834000e+00
7.100000e+06 2.24077000e+00
7.537720e+06 2.15905000e+00
8.000000e+06 2.07374000e+00
9.000000e+06 2.02576000e+00
1.000000e+07 1.99945000e+00
1.100000e+07 1.96091000e+00
1.200000e+07 1.93487000e+00
1.271100e+07 1.91281000e+00
1.300000e+07 1.90584000e+00
1.350000e+07 1.89382000e+00
1.400000e+07 1.88180000e+00
1.450000e+07 1.86454000e+00
1.500000e+07 1.85028000e+00
1.700000e+07 1.77025000e+00
1.800000e+07 1.74857000e+00
2.000000e+07 1.80027000e+00
2.040210e+07 1.94170000e+00
2.100000e+07 1.95551000e+00
2.200000e+07 1.97230000e+00
2.300000e+07 1.98657000e+00
2.346720e+07 1.99282000e+00
2.400000e+07 1.99958000e+00
2.411320e+07 2.00096000e+00
2.439660e+07 2.00429000e+00
2.440170e+07 2.00435000e+00
2.494210e+07 2.01018000e+00
2.500000e+07 2.01076000e+00
2.600000e+07 2.01951000e+00
2.700000e+07 2.02534000e+00
2.718570e+07 2.02613000e+00
2.733080e+07 2.02670000e+00
2.768210e+07 2.02795000e+00
2.800000e+07 2.02895000e+00
2.900000e+07 2.03112000e+00
3.000000e+07 2.03210000e+00
3.001100e+07 2.03211000e+00
3.083170e+07 2.03217000e+00
3.100000e+07 2.03209000e+00
3.121290e+07 2.03194000e+00
3.200000e+07 2.03099000e+00
3.278560e+07 2.02947000e+00
3.300000e+07 2.02896000e+00
3.322510e+07 2.02839000e+00
3.400000e+07 2.02614000e+00
3.500000e+07 2.02266000e+00
3.520340e+07 2.02185000e+00
3.525160e+07 2.02164000e+00
3.535740e+07 2.02117000e+00
3.538160e+07 2.02106000e+00
3.600000e+07 2.01785000e+00
3.700000e+07 2.01123000e+00
3.717050e+07 2.00994000e+00
3.788420e+07 2.00415000e+00
3.800000e+07 2.00315000e+00
3.900000e+07 1.99393000e+00
3.988560e+07 1.98503000e+00
4.000000e+07 1.98384000e+00
4.100000e+07 1.97294000e+00
4.187940e+07 1.96270000e+00
4.198480e+07 1.96144000e+00
4.200000e+07 1.96125000e+00
4.268050e+07 1.95293000e+00
4.284560e+07 1.95088000e+00
4.295160e+07 1.94955000e+00
4.300000e+07 1.94894000e+00
4.322720e+07 1.94607000e+00
4.360030e+07 1.94131000e+00
4.400000e+07 1.93615000e+00
4.463960e+07 1.92777000e+00
4.465230e+07 1.92760000e+00
4.486540e+07 1.92478000e+00
4.500000e+07 1.92299000e+00
4.547700e+07 1.91660000e+00
4.600000e+07 1.90950000e+00
4.654360e+07 1.90201000e+00
4.670710e+07 1.89974000e+00
4.700000e+07 1.89563000e+00
4.800000e+07 1.88137000e+00
4.900000e+07 1.86671000e+00
4.975530e+07 1.85537000e+00
5.000000e+07 1.85165000e+00
5.100000e+07 1.83618000e+00
5.143260e+07 1.82934000e+00
5.200000e+07 1.82022000e+00
5.204300e+07 1.81952000e+00
5.232110e+07 1.81498000e+00
5.268680e+07 1.80894000e+00
5.300000e+07 1.80370000e+00
5.363190e+07 1.79295000e+00
5.400000e+07 1.78657000e+00
5.444760e+07 1.77869000e+00
5.500000e+07 1.76878000e+00
5.600000e+07 1.75068000e+00
5.642580e+07 1.74299000e+00
5.700000e+07 1.73263000e+00
5.715040e+07 1.72991000e+00
5.744070e+07 1.72468000e+00
5.800000e+07 1.71460000e+00
5.853420e+07 1.70497000e+00
5.900000e+07 1.69658000e+00
6.000000e+07 1.67855000e+00
6.100000e+07 1.66068000e+00
6.200000e+07 1.64314000e+00
6.228500e+07 1.63820000e+00
6.230930e+07 1.63778000e+00
6.300000e+07 1.62593000e+00
6.303740e+07 1.62529000e+00
6.400000e+07 1.60906000e+00
6.475700e+07 1.59652000e+00
6.500000e+07 1.59253000e+00
6.589740e+07 1.57809000e+00
6.592920e+07 1.57758000e+00
6.600000e+07 1.57646000e+00
6.700000e+07 1.56073000e+00
6.724520e+07 1.55690000e+00
6.800000e+07 1.54506000e+00
6.900000e+07 1.52915000e+00
7.000000e+07 1.51280000e+00
7.100000e+07 1.49597000e+00
7.200000e+07 1.47894000e+00
7.300000e+07 1.46194000e+00
7.400000e+07 1.44519000e+00
7.430340e+07 1.44019000e+00
7.500000e+07 1.42887000e+00
7.600000e+07 1.41302000e+00
7.648190e+07 1.40551000e+00
7.700000e+07 1.39751000e+00
7.800000e+07 1.38227000e+00
7.900000e+07 1.36722000e+00
7.958230e+07 1.35851000e+00
8.000000e+07 1.35228000e+00
8.100000e+07 1.33706000e+00
8.200000e+07 1.32149000e+00
8.300000e+07 1.30601000e+00
8.400000e+07 1.29098000e+00
8.500000e+07 1.27675000e+00
8.600000e+07 1.26352000e+00
8.700000e+07 1.25100000e+00
8.800000e+07 1.23879000e+00
8.900000e+07 1.22650000e+00
9.000000e+07 1.21380000e+00
9.100000e+07 1.20092000e+00
9.200000e+07 1.18827000e+00
9.300000e+07 1.17588000e+00
9.400000e+07 1.16376000e+00
9.500000e+07 1.15191000e+00
9.600000e+07 1.14030000e+00
9.700000e+07 1.12892000e+00
9.800000e+07 1.11777000e+00
9.900000e+07 1.10689000e+00
1.000000e+08 1.09630000e+00
1.020000e+08 1.07597000e+00
1.040000e+08 1.05663000e+00
1.060000e+08 1.03811000e+00
1.080000e+08 1.02025000e+00
1.100000e+08 1.00294000e+00
1.120000e+08 9.86132000e-01
1.140000e+08 9.69865000e-01
1.160000e+08 9.54133000e-01
1.180000e+08 9.38932000e-01
1.200000e+08 9.24253000e-01
1.220000e+08 9.10173000e-01
1.240000e+08 8.96710000e-01
1.260000e+08 8.83778000e-01
1.280000e+08 8.71300000e-01
1.300000e+08 8.59209000e-01
1.320000e+08 8.47562000e-01
1.340000e+08 8.36429000e-01
1.360000e+08 8.25766000e-01
1.380000e+08 8.15536000e-01
1.400000e+08 8.05705000e-01
1.420000e+08 7.96363000e-01
1.440000e+08 7.87566000e-01
1.460000e+08 7.79241000e-01
1.480000e+08 7.71320000e-01
