06-C_n-tot
>   06-C-12:0.989300
>   06-C-13:0.010700
1.000000e-05 4.90325977e+00
1.193360e-05 4.90134969e+00
1.250000e-05 4.90170013e+00
1.386720e-05 4.90255714e+00
1.500000e-05 4.90235728e+00
1.773440e-05 4.90189357e+00
2.000000e-05 4.90108545e+00
2.160160e-05 4.90124717e+00
2.546880e-05 4.90061408e+00
2.750000e-05 4.90028157e+00
3.320320e-05 4.89936785e+00
3.500000e-05 4.89907768e+00
4.093750e-05 4.89812993e+00
4.250000e-05 4.89776074e+00
5.000000e-05 4.89599710e+00
5.640630e-05 4.89570233e+00
6.250000e-05 4.89474620e+00
7.187500e-05 4.89328196e+00
7.500000e-05 4.89279589e+00
8.734400e-05 4.89088341e+00
1.000000e-04 4.88883709e+00
1.028130e-04 4.88847819e+00
1.250000e-04 4.88504378e+00
1.337500e-04 4.88369154e+00
1.500000e-04 4.88118033e+00
1.646880e-04 4.87891374e+00
1.956250e-04 4.87413951e+00
2.000000e-04 4.87338543e+00
2.575000e-04 4.86461150e+00
2.750000e-04 4.86191414e+00
3.193750e-04 4.85507933e+00
3.500000e-04 4.85036236e+00
3.812500e-04 4.84555099e+00
4.250000e-04 4.83880509e+00
5.000000e-04 4.82724327e+00
5.050000e-04 4.82650086e+00
6.250000e-04 4.80803304e+00
6.287500e-04 4.80745601e+00
7.500000e-04 4.78881790e+00
7.525000e-04 4.78843366e+00
1.000000e-03 4.75034417e+00
1.250000e-03 4.75019967e+00
1.379690e-03 4.75012571e+00
1.500000e-03 4.75005397e+00
1.759380e-03 4.74990112e+00
2.000000e-03 4.74972908e+00
2.139070e-03 4.74968808e+00
2.518750e-03 4.74946653e+00
2.750000e-03 4.74934064e+00
3.278130e-03 4.74905500e+00
3.500000e-03 4.74892633e+00
4.037500e-03 4.74861562e+00
4.250000e-03 4.74848135e+00
5.000000e-03 4.74800833e+00
5.556250e-03 4.74775948e+00
6.250000e-03 4.74737346e+00
7.075000e-03 4.74691498e+00
7.500000e-03 4.74667602e+00
8.593750e-03 4.74606172e+00
1.000000e-02 4.74526823e+00
1.011250e-02 4.74520876e+00
1.250000e-02 4.74387672e+00
1.315000e-02 4.74351424e+00
1.500000e-02 4.74248255e+00
1.618750e-02 4.74182060e+00
1.922500e-02 4.74012741e+00
2.000000e-02 4.73968184e+00
2.530000e-02 4.73673180e+00
3.147500e-02 4.73659291e+00
3.463750e-02 4.73652200e+00
3.765000e-02 4.73645445e+00
4.397500e-02 4.73631290e+00
5.000000e-02 4.73616373e+00
5.331250e-02 4.73609419e+00
6.250000e-02 4.73588899e+00
6.265000e-02 4.73588564e+00
7.500000e-02 4.73560347e+00
8.132500e-02 4.73545913e+00
1.000000e-01 4.73504282e+00
1.193360e-01 4.73502250e+00
1.386720e-01 4.73503185e+00
1.500000e-01 4.73503154e+00
1.773440e-01 4.73503107e+00
2.000000e-01 4.73502079e+00
2.160160e-01 4.73502063e+00
2.546880e-01 4.73501035e+00
2.750000e-01 4.73500755e+00
3.320320e-01 4.73499985e+00
3.500000e-01 4.73499742e+00
4.093750e-01 4.73498957e+00
5.000000e-01 4.73495950e+00
5.640630e-01 4.73495937e+00
7.187500e-01 4.73493925e+00
7.500000e-01 4.73493319e+00
8.734400e-01 4.73490929e+00
1.000000e+00 4.73489918e+00
1.028130e+00 4.73488926e+00
1.337500e+00 4.73483954e+00
1.500000e+00 4.73481341e+00
1.646880e+00 4.73478987e+00
1.956250e+00 4.73474027e+00
2.000000e+00 4.73473036e+00
2.575000e+00 4.73464108e+00
2.750000e+00 4.73461302e+00
3.193750e+00 4.73454194e+00
3.500000e+00 4.73449289e+00
3.812500e+00 4.73444288e+00
5.000000e+00 4.73425475e+00
5.050000e+00 4.73424485e+00
6.287500e+00 4.73404683e+00
7.500000e+00 4.73385281e+00
7.525000e+00 4.73384881e+00
1.000000e+01 4.73345288e+00
1.386720e+01 4.73343284e+00
1.500000e+01 4.73342698e+00
1.773440e+01 4.73341287e+00
2.000000e+01 4.73340288e+00
2.160160e+01 4.73339292e+00
2.546880e+01 4.73338286e+00
2.750000e+01 4.73337238e+00
3.320320e+01 4.73334295e+00
3.500000e+01 4.73333598e+00
4.093750e+01 4.73331294e+00
5.000000e+01 4.73326309e+00
5.640630e+01 4.73323319e+00
7.187500e+01 4.73316341e+00
7.500000e+01 4.73314732e+00
8.734400e+01 4.73308369e+00
1.000000e+02 4.73303373e+00
1.028130e+02 4.73301385e+00
1.337500e+02 4.73286433e+00
1.500000e+02 4.73279099e+00
1.646880e+02 4.73272473e+00
1.956250e+02 4.73257527e+00
2.000000e+02 4.73255534e+00
2.575000e+02 4.73227628e+00
2.750000e+02 4.73219452e+00
3.193750e+02 4.73198718e+00
3.500000e+02 4.73184409e+00
3.812500e+02 4.73169810e+00
5.000000e+02 4.73113994e+00
5.050000e+02 4.73111009e+00
6.287500e+02 4.73052206e+00
7.500000e+02 4.72994590e+00
7.525000e+02 4.72993403e+00
1.000000e+03 4.72876786e+00
1.500000e+03 4.72646503e+00
2.000000e+03 4.72415241e+00
2.750000e+03 4.72070322e+00
3.500000e+03 4.71724413e+00
5.000000e+03 4.71032617e+00
7.500000e+03 4.70183035e+00
1.000000e+04 4.69333484e+00
1.500000e+04 4.67634500e+00
2.000000e+04 4.65955453e+00
2.100000e+04 4.65621660e+00
2.500000e+04 4.64286487e+00
2.750000e+04 4.63452004e+00
3.000000e+04 4.62617632e+00
3.500000e+04 4.60968674e+00
4.000000e+04 4.59320072e+00
4.500000e+04 4.57681363e+00
5.000000e+04 4.56052547e+00
6.000000e+04 4.52855808e+00
7.500000e+04 4.48060700e+00
8.750000e+04 4.44176650e+00
9.700000e+04 4.41227739e+00
1.000000e+05 4.40296055e+00
1.063190e+05 4.38324863e+00
1.126380e+05 4.36357481e+00
1.189560e+05 4.34397545e+00
1.250000e+05 4.32536957e+00
1.252750e+05 4.32454260e+00
1.284340e+05 4.31515604e+00
1.300000e+05 4.31057448e+00
1.315940e+05 4.30644717e+00
1.347530e+05 4.29852839e+00
1.350000e+05 4.29794963e+00
1.379130e+05 4.29198860e+00
1.400000e+05 4.28849284e+00
1.410720e+05 4.28743960e+00
1.425000e+05 4.28690236e+00
1.426520e+05 4.28704367e+00
1.442310e+05 4.28984839e+00
1.450000e+05 4.29250257e+00
1.458110e+05 4.29838263e+00
1.473910e+05 4.31577813e+00
1.475000e+05 4.31762781e+00
1.481810e+05 4.33473549e+00
1.487500e+05 4.35347525e+00
1.489700e+05 4.36392460e+00
1.497600e+05 4.41220988e+00
1.500000e+05 4.43240802e+00
1.505500e+05 4.49354977e+00
1.510000e+05 4.55690432e+00
1.514750e+05 4.63745318e+00
1.520000e+05 4.71086846e+00
1.524000e+05 4.75342858e+00
1.529000e+05 4.74926111e+00
1.533250e+05 4.69985122e+00
1.540000e+05 4.60271764e+00
1.542500e+05 4.56147198e+00
1.550000e+05 4.45841748e+00
1.550190e+05 4.45635751e+00
1.557870e+05 4.38950368e+00
1.560000e+05 4.37376370e+00
1.565560e+05 4.34758356e+00
1.573250e+05 4.31731054e+00
1.580000e+05 4.29485836e+00
1.588620e+05 4.27786912e+00
1.600000e+05 4.25998984e+00
1.604000e+05 4.25529618e+00
1.612500e+05 4.24689212e+00
1.619370e+05 4.24107835e+00
1.625000e+05 4.23685608e+00
1.634740e+05 4.23070775e+00
1.650000e+05 4.22216601e+00
1.665490e+05 4.21499730e+00
1.696240e+05 4.20216342e+00
1.700000e+05 4.20067300e+00
1.726980e+05 4.19120628e+00
1.750000e+05 4.18345703e+00
1.788480e+05 4.17134097e+00
1.800000e+05 4.16781095e+00
1.849970e+05 4.15356175e+00
1.911470e+05 4.13625253e+00
2.000000e+05 4.11155126e+00
2.034450e+05 4.10216069e+00
2.157440e+05 4.06881212e+00
2.250000e+05 4.04377403e+00
2.280430e+05 4.03577131e+00
2.500000e+05 3.97812649e+00
2.526410e+05 3.97129745e+00
2.750000e+05 3.91355028e+00
2.772380e+05 3.90790298e+00
3.000000e+05 3.85050541e+00
3.018360e+05 3.84599919e+00
3.250000e+05 3.78918495e+00
3.500000e+05 3.72935151e+00
3.510310e+05 3.72694110e+00
3.750000e+05 3.67095776e+00
4.000000e+05 3.61395138e+00
4.250000e+05 3.55842895e+00
4.494220e+05 3.50534992e+00
4.500000e+05 3.50409499e+00
4.750000e+05 3.45110214e+00
5.000000e+05 3.39939538e+00
5.250000e+05 3.34887578e+00
5.478130e+05 3.30376867e+00
5.500000e+05 3.29944993e+00
5.750000e+05 3.25126878e+00
6.000000e+05 3.20407694e+00
6.250000e+05 3.15807225e+00
6.500000e+05 3.11295793e+00
6.750000e+05 3.06893184e+00
7.000000e+05 3.02579612e+00
7.250000e+05 2.98364970e+00
7.445940e+05 2.95123733e+00
7.500000e+05 2.94230842e+00
7.750000e+05 2.90200606e+00
8.000000e+05 2.86249514e+00
8.250000e+05 2.82387459e+00
8.500000e+05 2.78604549e+00
8.750000e+05 2.74900782e+00
9.000000e+05 2.71276159e+00
9.250000e+05 2.67720787e+00
9.413750e+05 2.65443858e+00
9.500000e+05 2.64246152e+00
9.750000e+05 2.60833897e+00
1.000000e+06 2.57500787e+00
1.025000e+06 2.54227035e+00
1.050000e+06 2.51022534e+00
1.053000e+06 2.50643138e+00
1.075000e+06 2.47887284e+00
1.100000e+06 2.44811392e+00
1.125000e+06 2.41794857e+00
1.138160e+06 2.40238200e+00
1.150000e+06 2.38838896e+00
1.175000e+06 2.35943644e+00
1.200000e+06 2.33107750e+00
1.225000e+06 2.30321320e+00
1.236550e+06 2.29061413e+00
1.250000e+06 2.27594872e+00
1.275000e+06 2.24918424e+00
1.300000e+06 2.22301334e+00
1.325000e+06 2.19723816e+00
1.334940e+06 2.18722595e+00
1.350000e+06 2.17205921e+00
1.375000e+06 2.14737666e+00
1.400000e+06 2.12318876e+00
1.425000e+06 2.09939659e+00
1.433330e+06 2.09166681e+00
1.450000e+06 2.07619429e+00
1.475000e+06 2.05338587e+00
1.482520e+06 2.04664413e+00
1.500000e+06 2.03096339e+00
1.525000e+06 2.00863565e+00
1.531720e+06 2.00279350e+00
1.550000e+06 1.98687770e+00
1.553000e+06 1.98426966e+00
1.575000e+06 1.96540781e+00
1.580920e+06 1.96044088e+00
1.600000e+06 1.94439524e+00
1.605510e+06 1.93982693e+00
1.625000e+06 1.92362204e+00
1.630110e+06 1.91949468e+00
1.650000e+06 1.90335186e+00
1.654710e+06 1.89951057e+00
1.667010e+06 1.88942587e+00
1.675000e+06 1.88284711e+00
1.679310e+06 1.87940070e+00
1.680000e+06 1.87884754e+00
1.691600e+06 1.86908889e+00
1.697750e+06 1.86393700e+00
1.700000e+06 1.86207866e+00
1.703900e+06 1.85889612e+00
1.710000e+06 1.85411911e+00
1.710050e+06 1.85408342e+00
1.715000e+06 1.85099891e+00
1.716200e+06 1.85041735e+00
1.719280e+06 1.84941131e+00
1.720000e+06 1.84933230e+00
1.722350e+06 1.85019033e+00
1.725000e+06 1.85216687e+00
1.725430e+06 1.85293000e+00
1.728500e+06 1.86036574e+00
1.730000e+06 1.86511410e+00
1.732000e+06 1.87318641e+00
1.734000e+06 1.88096194e+00
1.734500e+06 1.88231224e+00
1.736000e+06 1.88384800e+00
1.738000e+06 1.87717845e+00
1.739750e+06 1.86900538e+00
1.740000e+06 1.86762406e+00
1.743500e+06 1.84821626e+00
1.745000e+06 1.84125402e+00
1.746380e+06 1.83635052e+00
1.749250e+06 1.82832495e+00
1.750000e+06 1.82681770e+00
1.755000e+06 1.82013304e+00
1.760000e+06 1.81789700e+00
1.765250e+06 1.81596467e+00
1.770000e+06 1.81433483e+00
1.775000e+06 1.81253017e+00
1.775500e+06 1.81235861e+00
1.780000e+06 1.81011018e+00
1.785440e+06 1.80723063e+00
1.790000e+06 1.80443731e+00
1.795380e+06 1.80108845e+00
1.800000e+06 1.79804673e+00
1.805310e+06 1.79455072e+00
1.815250e+06 1.78785443e+00
1.820000e+06 1.78461673e+00
1.825000e+06 1.78120862e+00
1.835130e+06 1.77446415e+00
1.850000e+06 1.76452588e+00
1.855000e+06 1.76122373e+00
1.874880e+06 1.74809761e+00
1.875000e+06 1.74801846e+00
1.894750e+06 1.73521833e+00
1.900000e+06 1.73182123e+00
1.925000e+06 1.71595126e+00
1.934500e+06 1.71003345e+00
1.950000e+06 1.70039481e+00
1.974250e+06 1.68541096e+00
1.975000e+06 1.68494811e+00
1.983000e+06 1.68043448e+00
1.991000e+06 1.67522833e+00
2.000000e+06 1.67011340e+00
2.014000e+06 1.66374499e+00
2.025000e+06 1.65874932e+00
2.050000e+06 1.68409856e+00
2.052000e+06 1.69417544e+00
2.053000e+06 1.70099463e+00
2.054000e+06 1.70781381e+00
2.056000e+06 1.72649760e+00
2.058000e+06 1.75260115e+00
2.060000e+06 1.78978485e+00
2.061000e+06 1.81421357e+00
2.062000e+06 1.84408344e+00
2.063000e+06 1.88058163e+00
2.064000e+06 1.92588458e+00
2.065000e+06 1.98266341e+00
2.066000e+06 2.05457853e+00
2.067000e+06 2.14657644e+00
2.068000e+06 2.26637369e+00
2.069000e+06 2.42386326e+00
2.070000e+06 2.63368680e+00
2.071000e+06 2.91543245e+00
2.072000e+06 3.29383271e+00
2.073000e+06 3.79381795e+00
2.074000e+06 4.42053251e+00
2.075000e+06 5.11837774e+00
2.076000e+06 5.72174482e+00
2.077000e+06 5.99587286e+00
2.078000e+06 5.82610200e+00
2.079000e+06 5.33233538e+00
2.080000e+06 4.73142757e+00
2.081000e+06 4.17098213e+00
2.082000e+06 3.70531163e+00
2.083000e+06 3.33698826e+00
2.084000e+06 3.04998534e+00
2.085000e+06 2.82649548e+00
2.086000e+06 2.65108560e+00
2.087000e+06 2.51178517e+00
2.088000e+06 2.39969050e+00
2.089000e+06 2.30876684e+00
2.090000e+06 2.23367198e+00
2.091000e+06 2.17124016e+00
2.092000e+06 2.11870134e+00
2.093000e+06 2.07407693e+00
2.093500e+06 2.05493048e+00
2.094000e+06 2.03578430e+00
2.095000e+06 2.00273525e+00
2.096000e+06 1.97403911e+00
2.097000e+06 1.94880552e+00
2.098000e+06 1.92653983e+00
2.099000e+06 1.90684633e+00
2.100000e+06 1.88923035e+00
2.102000e+06 1.85934061e+00
2.104000e+06 1.83479310e+00
2.106000e+06 1.81440064e+00
2.108000e+06 1.79717395e+00
2.110000e+06 1.78251943e+00
2.112000e+06 1.76994245e+00
2.114000e+06 1.75884941e+00
2.116000e+06 1.74914140e+00
2.118000e+06 1.74052161e+00
2.120000e+06 1.73289113e+00
2.140000e+06 1.68488026e+00
2.160000e+06 1.65982115e+00
2.173000e+06 1.64906292e+00
2.180000e+06 1.64327042e+00
2.200000e+06 1.63077658e+00
2.220000e+06 1.62065706e+00
2.240000e+06 1.61231828e+00
2.252500e+06 1.60784851e+00
2.260000e+06 1.60516304e+00
2.280000e+06 1.59899108e+00
2.292250e+06 1.59581670e+00
2.300000e+06 1.59380395e+00
2.312130e+06 1.59119368e+00
2.320000e+06 1.58949586e+00
2.332000e+06 1.58744128e+00
2.340000e+06 1.58606819e+00
2.351880e+06 1.58449926e+00
2.360000e+06 1.58342968e+00
2.361810e+06 1.58327184e+00
2.371750e+06 1.58242234e+00
2.380000e+06 1.58176460e+00
2.381690e+06 1.58169674e+00
2.386660e+06 1.58155336e+00
2.391630e+06 1.58149739e+00
2.396590e+06 1.58162992e+00
2.399080e+06 1.58183805e+00
2.400000e+06 1.58198197e+00
2.401560e+06 1.58230318e+00
2.404050e+06 1.58313053e+00
2.406530e+06 1.58455505e+00
2.409020e+06 1.58718791e+00
2.411500e+06 1.59227505e+00
2.413750e+06 1.59984423e+00
2.416000e+06 1.60535334e+00
2.418250e+06 1.60170507e+00
2.420000e+06 1.59719194e+00
2.420500e+06 1.59592720e+00
2.422000e+06 1.59367583e+00
2.423500e+06 1.59269518e+00
2.425630e+06 1.59302481e+00
2.427750e+06 1.59485805e+00
2.432000e+06 1.59960732e+00
2.436250e+06 1.59929249e+00
2.440000e+06 1.59716338e+00
2.440500e+06 1.59690670e+00
2.441600e+06 1.59710183e+00
2.445000e+06 1.60103441e+00
2.446700e+06 1.60000930e+00
2.448400e+06 1.59671483e+00
2.450060e+06 1.59412682e+00
2.451720e+06 1.59243109e+00
2.455040e+06 1.59054747e+00
2.458360e+06 1.58960512e+00
2.460000e+06 1.58935152e+00
2.461680e+06 1.58917484e+00
2.468310e+06 1.58907827e+00
2.474950e+06 1.58935654e+00
2.480000e+06 1.58967068e+00
2.488230e+06 1.59071185e+00
2.494860e+06 1.59140284e+00
2.496520e+06 1.59159695e+00
2.498180e+06 1.59194631e+00
2.499840e+06 1.59289743e+00
2.500000e+06 1.59311298e+00
2.500670e+06 1.59405867e+00
2.501500e+06 1.59617779e+00
2.502750e+06 1.60221017e+00
2.503380e+06 1.60597767e+00
2.504000e+06 1.60878129e+00
2.506500e+06 1.60666738e+00
2.507570e+06 1.60474207e+00
2.508630e+06 1.60340084e+00
2.509700e+06 1.60251632e+00
2.510770e+06 1.60194605e+00
2.512900e+06 1.60137613e+00
2.515030e+06 1.60124148e+00
2.519300e+06 1.60158650e+00
2.520000e+06 1.60170477e+00
2.523560e+06 1.60255284e+00
2.532090e+06 1.60503335e+00
2.540000e+06 1.60756701e+00
2.540630e+06 1.60781459e+00
2.553000e+06 1.61288256e+00
2.557690e+06 1.61482444e+00
2.560000e+06 1.61580304e+00
2.574750e+06 1.62325032e+00
2.580000e+06 1.62594144e+00
2.600000e+06 1.63817192e+00
2.620000e+06 1.65238100e+00
2.640000e+06 1.66896441e+00
2.643000e+06 1.67185258e+00
2.660000e+06 1.68831870e+00
2.680000e+06 1.71075744e+00
2.700000e+06 1.73685658e+00
2.720000e+06 1.76711079e+00
2.740000e+06 1.80241043e+00
2.760000e+06 1.84384372e+00
2.779500e+06 1.89215064e+00
2.780000e+06 1.89339164e+00
2.785000e+06 1.90735978e+00
2.790000e+06 1.92221829e+00
2.795000e+06 1.93816502e+00
2.800000e+06 1.95599143e+00
2.802000e+06 1.96411130e+00
2.804000e+06 1.97331939e+00
2.806000e+06 1.98490180e+00
2.808000e+06 2.00143072e+00
2.810000e+06 2.03299699e+00
2.811000e+06 2.06554876e+00
2.812000e+06 2.13302283e+00
2.813000e+06 2.31901503e+00
2.814000e+06 3.14261108e+00
2.815000e+06 5.03257360e+00
2.816000e+06 2.76243069e+00
2.817000e+06 2.28094218e+00
2.818000e+06 2.15174341e+00
2.819000e+06 2.10238114e+00
2.820000e+06 2.07992783e+00
2.822000e+06 2.06351305e+00
2.824000e+06 2.06114634e+00
2.826000e+06 2.06402291e+00
2.828000e+06 2.06937273e+00
2.830000e+06 2.07620651e+00
2.835000e+06 2.09640724e+00
2.840000e+06 2.11977373e+00
2.845000e+06 2.14521775e+00
2.850000e+06 2.17283823e+00
2.855000e+06 2.20263516e+00
2.860000e+06 2.23460856e+00
2.865000e+06 2.26915414e+00
2.870000e+06 2.30627190e+00
2.875000e+06 2.34645649e+00
2.880000e+06 2.38990577e+00
2.885000e+06 2.43701546e+00
2.890000e+06 2.48818128e+00
2.895000e+06 2.54370002e+00
2.900000e+06 2.60396740e+00
2.905000e+06 2.66937914e+00
2.910000e+06 2.74003417e+00
2.915000e+06 2.81563569e+00
2.916000e+06 2.83160680e+00
2.920000e+06 2.89551618e+00
2.924000e+06 2.96134479e+00
2.928000e+06 3.02707448e+00
2.932000e+06 3.08993520e+00
2.936000e+06 3.14596975e+00
2.940000e+06 3.18924233e+00
2.944000e+06 3.21173961e+00
2.948000e+06 3.20337073e+00
2.952000e+06 3.15345125e+00
2.956000e+06 3.05248389e+00
2.960000e+06 2.89621466e+00
2.964000e+06 2.68919434e+00
2.968000e+06 2.44626243e+00
2.972000e+06 2.18938139e+00
2.976000e+06 1.94189870e+00
2.980000e+06 1.72201747e+00
2.984000e+06 1.54002644e+00
2.988000e+06 1.39829992e+00
2.992000e+06 1.29406787e+00
2.996000e+06 1.22169128e+00
3.000000e+06 1.17503649e+00
3.010000e+06 1.13467454e+00
3.020000e+06 1.15535241e+00
3.030000e+06 1.20224672e+00
3.040000e+06 1.25883617e+00
3.050000e+06 1.31760209e+00
3.052500e+06 1.33213693e+00
3.053000e+06 1.33504822e+00
3.060000e+06 1.37565133e+00
3.080000e+06 1.48484819e+00
3.100000e+06 1.58425098e+00
3.120000e+06 1.67544258e+00
3.140000e+06 1.76039169e+00
3.141750e+06 1.76739279e+00
3.160000e+06 1.84067715e+00
3.180000e+06 1.91722944e+00
3.200000e+06 1.99041811e+00
3.220000e+06 2.06083674e+00
3.231000e+06 2.09798905e+00
3.240000e+06 2.12852097e+00
3.260000e+06 2.19365564e+00
3.267500e+06 2.21696818e+00
3.280000e+06 2.25596166e+00
3.295000e+06 2.30023112e+00
3.300000e+06 2.31498088e+00
3.320000e+06 2.37031949e+00
3.340000e+06 2.42160197e+00
3.350000e+06 2.44506675e+00
3.360000e+06 2.46809437e+00
3.380000e+06 2.50949988e+00
3.395000e+06 2.53669575e+00
3.400000e+06 2.54555528e+00
3.417500e+06 2.57197575e+00
3.420000e+06 2.57567137e+00
3.440000e+06 2.59989415e+00
3.451250e+06 2.60993418e+00
3.456880e+06 2.61492929e+00
3.459690e+06 2.61777312e+00
3.460000e+06 2.61818020e+00
3.461090e+06 2.61930962e+00
3.462500e+06 2.62150676e+00
3.464250e+06 2.62618671e+00
3.466000e+06 2.63205961e+00
3.469000e+06 2.63363492e+00
3.469500e+06 2.63332401e+00
3.470770e+06 2.63266007e+00
3.472030e+06 2.63228838e+00
3.474560e+06 2.63232008e+00
3.479630e+06 2.63397398e+00
3.480000e+06 2.63416551e+00
3.489750e+06 2.63651180e+00
3.500000e+06 2.63990375e+00
3.510000e+06 2.64054185e+00
3.520000e+06 2.64203058e+00
3.540000e+06 2.63986366e+00
3.545000e+06 2.63810433e+00
3.553000e+06 2.63569600e+00
3.560000e+06 2.63361154e+00
3.580000e+06 2.62306277e+00
3.600000e+06 2.60819225e+00
3.612500e+06 2.59648676e+00
3.620000e+06 2.58934447e+00
3.640000e+06 2.56683582e+00
3.645000e+06 2.56046668e+00
3.660000e+06 2.54119536e+00
3.677500e+06 2.51637493e+00
3.680000e+06 2.51281982e+00
3.693750e+06 2.49177040e+00
3.700000e+06 2.48222170e+00
3.710000e+06 2.46595448e+00
3.719500e+06 2.45061391e+00
3.720000e+06 2.44982063e+00
3.729000e+06 2.43487381e+00
3.733750e+06 2.42722388e+00
3.738500e+06 2.41991795e+00
3.740000e+06 2.41782017e+00
3.743250e+06 2.41306600e+00
3.748000e+06 2.40737110e+00
3.753000e+06 2.40321769e+00
3.758000e+06 2.39790056e+00
3.760000e+06 2.39300369e+00
3.768000e+06 2.37302049e+00
3.771120e+06 2.36533443e+00
3.774240e+06 2.35819590e+00
3.780000e+06 2.34601053e+00
3.780470e+06 2.34499997e+00
3.786700e+06 2.33239125e+00
3.792940e+06 2.32014716e+00
3.800000e+06 2.30658611e+00
3.805410e+06 2.29606063e+00
3.817880e+06 2.27209535e+00
3.820000e+06 2.26804662e+00
3.840000e+06 2.22965319e+00
3.842810e+06 2.22424501e+00
3.860000e+06 2.19125463e+00
3.867750e+06 2.17638112e+00
3.880000e+06 2.15289812e+00
3.900000e+06 2.11495424e+00
3.917630e+06 2.08176833e+00
3.920000e+06 2.07730946e+00
3.940000e+06 2.04037436e+00
3.960000e+06 2.00432963e+00
3.967500e+06 1.99118384e+00
3.980000e+06 1.96927852e+00
4.000000e+06 1.93561502e+00
4.010000e+06 1.91947578e+00
4.020000e+06 1.90383120e+00
4.030000e+06 1.88887912e+00
4.040000e+06 1.87471848e+00
4.049520e+06 1.86199100e+00
4.050000e+06 1.86134823e+00
4.053000e+06 1.85771674e+00
4.060000e+06 1.84904541e+00
4.070000e+06 1.83802868e+00
4.080000e+06 1.82839697e+00
4.090000e+06 1.82074386e+00
4.100000e+06 1.81516828e+00
4.110000e+06 1.81216488e+00
4.120000e+06 1.81242618e+00
4.130000e+06 1.81634788e+00
4.131540e+06 1.81765264e+00
4.140000e+06 1.82477513e+00
4.150000e+06 1.83823959e+00
4.160000e+06 1.85773877e+00
4.165000e+06 1.87080252e+00
4.170000e+06 1.88384486e+00
4.180000e+06 1.91675571e+00
4.190000e+06 1.95628891e+00
4.200000e+06 2.00175792e+00
4.210000e+06 2.05138198e+00
4.220000e+06 2.10209427e+00
4.230000e+06 2.15043225e+00
4.240000e+06 2.19243870e+00
4.241250e+06 2.19647762e+00
4.250000e+06 2.22459906e+00
4.260000e+06 2.24466840e+00
4.270000e+06 2.25207470e+00
4.271880e+06 2.25119803e+00
4.280000e+06 2.24736073e+00
4.287190e+06 2.23649420e+00
4.290000e+06 2.23229740e+00
4.300000e+06 2.20934883e+00
4.302500e+06 2.20215247e+00
4.310000e+06 2.18154429e+00
4.320000e+06 2.15030736e+00
4.330000e+06 2.11699291e+00
4.340000e+06 2.08278809e+00
4.350000e+06 2.04878113e+00
4.360000e+06 2.01428416e+00
4.361880e+06 2.00798471e+00
4.370000e+06 1.98065546e+00
4.373750e+06 1.96855357e+00
4.380000e+06 1.94842073e+00
4.390000e+06 1.91759319e+00
4.397500e+06 1.89551131e+00
4.400000e+06 1.88818943e+00
4.420000e+06 1.83386840e+00
4.431880e+06 1.80465746e+00
4.440000e+06 1.78479197e+00
4.460000e+06 1.74041297e+00
4.466250e+06 1.72778116e+00
4.480000e+06 1.70010826e+00
4.500000e+06 1.66313136e+00
4.520000e+06 1.62891461e+00
4.535000e+06 1.60518118e+00
4.540000e+06 1.59728750e+00
4.553000e+06 1.57811929e+00
4.560000e+06 1.56768152e+00
4.580000e+06 1.53996509e+00
4.591500e+06 1.52493830e+00
4.600000e+06 1.51382931e+00
4.620000e+06 1.48897659e+00
4.640000e+06 1.46540996e+00
4.648000e+06 1.45641860e+00
4.660000e+06 1.44290588e+00
4.676250e+06 1.42533084e+00
4.680000e+06 1.42125939e+00
4.700000e+06 1.40033645e+00
4.704500e+06 1.39578460e+00
4.718630e+06 1.38138748e+00
4.720000e+06 1.37998107e+00
4.725690e+06 1.37433685e+00
4.732750e+06 1.36727245e+00
4.739810e+06 1.36010993e+00
4.740000e+06 1.35991288e+00
4.746880e+06 1.35291386e+00
4.753940e+06 1.34553207e+00
4.757470e+06 1.34193712e+00
4.760000e+06 1.33992905e+00
4.761000e+06 1.33916007e+00
4.763250e+06 1.33864414e+00
4.765500e+06 1.33932115e+00
4.767750e+06 1.33980566e+00
4.770000e+06 1.33876297e+00
4.772250e+06 1.33657537e+00
4.774500e+06 1.33398385e+00
4.779000e+06 1.32876935e+00
4.780000e+06 1.32767214e+00
4.782950e+06 1.32446456e+00
4.786910e+06 1.32035348e+00
4.790860e+06 1.31638205e+00
4.794810e+06 1.31249824e+00
4.800000e+06 1.30750277e+00
4.802720e+06 1.30488471e+00
4.810000e+06 1.29799545e+00
4.810630e+06 1.29738056e+00
4.812000e+06 1.29605986e+00
4.812020e+06 1.29603959e+00
4.820000e+06 1.28913917e+00
4.826440e+06 1.28486347e+00
4.842250e+06 1.27448905e+00
4.850000e+06 1.26943817e+00
4.873880e+06 1.26029886e+00
4.899900e+06 1.25038762e+00
4.900000e+06 1.25038660e+00
4.905500e+06 1.25686567e+00
4.919400e+06 1.27323193e+00
4.920000e+06 1.27757840e+00
4.930000e+06 1.34978872e+00
4.934500e+06 1.38200142e+00
4.935500e+06 1.75613403e+00
4.936700e+06 2.00166539e+00
4.937130e+06 1.99558702e+00
4.938500e+06 1.97621710e+00
4.939500e+06 1.77527666e+00
4.940000e+06 1.73263102e+00
4.943200e+06 1.45973851e+00
4.948100e+06 1.32286149e+00
4.950000e+06 1.30976696e+00
4.954600e+06 1.27824458e+00
4.958400e+06 1.25712075e+00
4.968750e+06 1.24005660e+00
4.980000e+06 1.22143436e+00
4.990000e+06 1.20125823e+00
5.000000e+06 1.18106231e+00
5.000380e+06 1.18564102e+00
5.001000e+06 1.19310959e+00
5.016190e+06 1.18337528e+00
5.024090e+06 1.17847572e+00
5.030000e+06 1.17524120e+00
5.032000e+06 1.17496860e+00
5.039500e+06 1.17544175e+00
5.047000e+06 1.17746633e+00
5.053000e+06 1.17758569e+00
5.054500e+06 1.17725271e+00
5.062000e+06 1.17325349e+00
5.071750e+06 1.16755246e+00
5.081500e+06 1.16222797e+00
5.091250e+06 1.15724983e+00
5.100000e+06 1.15300717e+00
5.101000e+06 1.15105634e+00
5.110750e+06 1.13226260e+00
5.120000e+06 1.11472479e+00
5.120500e+06 1.11511648e+00
5.130250e+06 1.12336663e+00
5.135130e+06 1.12795987e+00
5.140000e+06 1.13308826e+00
5.147500e+06 1.14229899e+00
5.150000e+06 1.14517703e+00
5.155000e+06 1.14529409e+00
5.170000e+06 1.13543962e+00
5.175380e+06 1.13185952e+00
5.180000e+06 1.12918603e+00
5.180750e+06 1.12839712e+00
5.186130e+06 1.12307587e+00
5.191500e+06 1.11798735e+00
5.200000e+06 1.11025225e+00
5.202250e+06 1.10937333e+00
5.213000e+06 1.10547131e+00
5.223750e+06 1.10172539e+00
5.230000e+06 1.09959992e+00
5.234500e+06 1.09652923e+00
5.256000e+06 1.08200735e+00
5.277500e+06 1.06759215e+00
5.280000e+06 1.06592255e+00
5.299000e+06 1.05936138e+00
5.300000e+06 1.05901811e+00
5.330000e+06 1.04634585e+00
5.335000e+06 1.08004647e+00
5.340000e+06 1.02807370e+00
5.342000e+06 1.08259011e+00
5.360000e+06 1.57326903e+00
5.362000e+06 1.81781365e+00
5.370000e+06 1.98278754e+00
5.371000e+06 1.96230386e+00
5.378000e+06 1.75065642e+00
5.380000e+06 1.67338175e+00
5.390000e+06 1.45875090e+00
5.400000e+06 1.32514371e+00
5.410000e+06 1.25920465e+00
5.420000e+06 1.22620928e+00
5.428000e+06 1.20337446e+00
5.430000e+06 1.19766712e+00
5.440000e+06 1.18970790e+00
5.460000e+06 1.14480295e+00
5.500000e+06 1.11820933e+00
5.514000e+06 1.11321590e+00
5.550000e+06 1.10036884e+00
5.553000e+06 1.10995103e+00
5.600000e+06 1.08786792e+00
5.650000e+06 1.07809287e+00
5.686000e+06 1.07005762e+00
5.700000e+06 1.06691855e+00
5.772000e+06 1.07399561e+00
5.800000e+06 1.07684446e+00
5.815000e+06 1.07693120e+00
5.858000e+06 1.07801623e+00
5.900000e+06 1.08139700e+00
5.903000e+06 1.08214006e+00
5.925500e+06 1.08796946e+00
5.948000e+06 1.09281885e+00
5.993000e+06 1.10032681e+00
6.000000e+06 1.10141222e+00
6.038000e+06 1.10557517e+00
6.050000e+06 1.10695144e+00
6.053000e+06 1.11076202e+00
6.082810e+06 1.12060995e+00
6.125000e+06 1.13475453e+00
6.127630e+06 1.13688887e+00
6.160000e+06 1.16326550e+00
6.172440e+06 1.18699254e+00
6.174000e+06 1.18997142e+00
6.180000e+06 1.19646803e+00
6.180750e+06 1.19764121e+00
6.181200e+06 1.19834115e+00
6.190000e+06 1.21214329e+00
6.200000e+06 1.22781855e+00
6.210000e+06 1.27396425e+00
6.217250e+06 1.28733710e+00
6.220000e+06 1.29241548e+00
6.230000e+06 1.34372708e+00
6.240000e+06 1.42659735e+00
6.250000e+06 1.50006927e+00
6.285000e+06 2.40239299e+00
6.295000e+06 2.69450022e+00
6.303000e+06 2.58396895e+00
6.306880e+06 2.45311865e+00
6.310000e+06 2.34790486e+00
6.320000e+06 1.92714187e+00
6.330000e+06 1.69761056e+00
6.340000e+06 1.51705950e+00
6.350000e+06 1.47874999e+00
6.360000e+06 1.59646298e+00
6.370000e+06 1.40403043e+00
6.390000e+06 1.17844261e+00
6.396500e+06 1.16332215e+00
6.400000e+06 1.15518577e+00
6.410000e+06 1.11838555e+00
6.420000e+06 1.09098368e+00
6.430000e+06 1.10374739e+00
6.440000e+06 1.08069845e+00
6.450000e+06 1.08089805e+00
6.470000e+06 1.06151126e+00
6.486130e+06 1.05943960e+00
6.490000e+06 1.05894880e+00
6.510000e+06 1.03890173e+00
6.540000e+06 9.74452955e-01
6.553000e+06 8.98863976e-01
6.560000e+06 8.52804778e-01
6.570000e+06 7.74034787e-01
6.575750e+06 7.52872553e-01
6.580000e+06 7.37239024e-01
6.590000e+06 7.48148403e-01
6.600000e+06 7.42843155e-01
6.620000e+06 7.86475978e-01
6.640000e+06 7.68712842e-01
6.658000e+06 9.38958778e-01
6.665000e+06 8.67022976e-01
6.665380e+06 8.65966503e-01
6.670000e+06 8.53129156e-01
6.680000e+06 8.46989565e-01
6.700000e+06 8.40949897e-01
6.750000e+06 8.20694002e-01
6.755000e+06 8.19242866e-01
6.810000e+06 8.03068198e-01
6.852500e+06 7.92420856e-01
6.901250e+06 7.79685943e-01
6.920000e+06 7.74667072e-01
6.950000e+06 7.64949222e-01
6.950100e+06 7.63662017e-01
7.000000e+06 7.53423584e-01
7.053000e+06 7.57483738e-01
7.100000e+06 7.57201529e-01
7.140000e+06 7.76270803e-01
7.180000e+06 8.05490295e-01
7.200000e+06 8.52014859e-01
7.220000e+06 8.84605529e-01
7.225000e+06 8.94744163e-01
7.250000e+06 9.82644904e-01
7.270000e+06 1.07402967e+00
7.280000e+06 1.14288157e+00
7.340000e+06 1.64324922e+00
7.350000e+06 1.75375064e+00
7.360000e+06 1.75305475e+00
7.370000e+06 1.80558320e+00
7.396440e+06 1.78185849e+00
7.400000e+06 1.77871451e+00
7.420000e+06 1.76822669e+00
7.470000e+06 1.75318623e+00
7.529000e+06 1.75159969e+00
7.542000e+06 1.73240646e+00
7.553000e+06 1.72320529e+00
7.594000e+06 1.70222958e+00
7.600000e+06 1.70152148e+00
7.620000e+06 1.69916160e+00
7.650000e+06 1.72043037e+00
7.667000e+06 1.77968877e+00
7.680000e+06 1.80560792e+00
7.698000e+06 1.92313606e+00
7.700000e+06 1.92808248e+00
7.725000e+06 2.21784747e+00
7.745000e+06 2.41620133e+00
7.750000e+06 2.38345530e+00
7.760830e+06 2.32045586e+00
7.770000e+06 2.26711282e+00
7.789000e+06 2.13662337e+00
7.800000e+06 2.09019178e+00
7.810000e+06 2.04798146e+00
7.819000e+06 2.05323447e+00
7.860000e+06 1.99663585e+00
7.886400e+06 1.96586813e+00
7.886500e+06 1.96452268e+00
7.886510e+06 1.96445343e+00
7.888000e+06 1.94430136e+00
7.897000e+06 1.94123436e+00
7.930000e+06 1.90878470e+00
7.936000e+06 1.88751464e+00
8.000000e+06 1.84932646e+00
8.005000e+06 1.86019682e+00
8.010000e+06 1.81329207e+00
8.014000e+06 1.85137057e+00
8.044000e+06 1.83952628e+00
8.053000e+06 1.87878001e+00
8.073150e+06 1.88057200e+00
8.079000e+06 1.88109804e+00
8.080000e+06 1.87199508e+00
8.100000e+06 1.88186010e+00
8.101000e+06 1.89966610e+00
8.105000e+06 1.88432635e+00
8.109000e+06 1.86354546e+00
8.120000e+06 1.84641518e+00
8.130410e+06 1.81250719e+00
8.131000e+06 1.81058713e+00
8.132420e+06 1.80749457e+00
8.138000e+06 1.79535016e+00
8.160000e+06 1.71274453e+00
8.166000e+06 1.66802843e+00
8.200000e+06 1.51676589e+00
8.210000e+06 1.47145637e+00
8.218000e+06 1.45335252e+00
8.240000e+06 1.40111840e+00
8.280000e+06 1.30179437e+00
8.282200e+06 1.29690495e+00
8.293020e+06 1.27287024e+00
8.295800e+06 1.26669040e+00
8.296200e+06 1.26154651e+00
8.297600e+06 1.26011369e+00
8.320000e+06 1.23713896e+00
8.330000e+06 1.21657335e+00
8.391000e+06 1.15075813e+00
8.400000e+06 1.14107364e+00
8.426000e+06 1.13971938e+00
8.448000e+06 1.12282837e+00
8.450000e+06 1.10621050e+00
8.480000e+06 1.11158821e+00
8.499500e+06 1.08875845e+00
8.500000e+06 1.07975641e+00
8.520000e+06 1.08815954e+00
8.553000e+06 1.07133167e+00
8.600000e+06 1.08437651e+00
8.611000e+06 1.08417539e+00
8.664000e+06 1.07021057e+00
8.700000e+06 1.07306888e+00
8.708000e+06 1.06772429e+00
8.750000e+06 1.06642576e+00
8.768000e+06 1.07265302e+00
8.800000e+06 1.07679861e+00
8.833000e+06 1.08114176e+00
8.836070e+06 1.08128377e+00
8.850000e+06 1.08194288e+00
8.885000e+06 1.10215122e+00
8.920000e+06 1.09109767e+00
8.940000e+06 1.10852456e+00
8.980000e+06 1.13526608e+00
9.000000e+06 1.13686416e+00
9.005000e+06 1.15704627e+00
9.020000e+06 1.15863031e+00
9.030000e+06 1.17168985e+00
9.045000e+06 1.17861611e+00
9.053000e+06 1.20127170e+00
9.067000e+06 1.20048134e+00
9.080000e+06 1.22689666e+00
9.149000e+06 1.29140437e+00
9.163000e+06 1.30980643e+00
9.180000e+06 1.30476232e+00
9.219000e+06 1.33286146e+00
9.250000e+06 1.32801629e+00
9.254000e+06 1.34147108e+00
9.300000e+06 1.32188650e+00
9.360000e+06 1.29557577e+00
9.400000e+06 1.27292390e+00
9.450000e+06 1.25601074e+00
9.500000e+06 1.23850401e+00
9.522000e+06 1.23820289e+00
9.547270e+06 1.22900450e+00
9.553000e+06 1.22692060e+00
9.560000e+06 1.23335192e+00
9.590000e+06 1.22534232e+00
9.600000e+06 1.22267245e+00
9.630000e+06 1.22623766e+00
9.640000e+06 1.23474689e+00
9.678000e+06 1.22950832e+00
9.680000e+06 1.22733211e+00
9.692000e+06 1.22931220e+00
9.700000e+06 1.23940406e+00
9.726000e+06 1.23416400e+00
9.740000e+06 1.24910417e+00
9.750000e+06 1.22991299e+00
9.800000e+06 1.23268925e+00
9.821000e+06 1.22091919e+00
9.830000e+06 1.22220640e+00
9.868000e+06 1.20222726e+00
9.900000e+06 1.18600672e+00
9.917000e+06 1.18689920e+00
9.921000e+06 1.17700670e+00
1.000000e+07 1.17691759e+00
1.005000e+07 1.15178327e+00
1.005300e+07 1.14297813e+00
1.017000e+07 1.12278213e+00
1.023670e+07 1.11823743e+00
1.025000e+07 1.11733688e+00
1.030000e+07 1.11616490e+00
1.037200e+07 1.14200748e+00
1.040000e+07 1.14993038e+00
1.044800e+07 1.16597161e+00
1.045030e+07 1.16728808e+00
1.047800e+07 1.18319454e+00
1.050000e+07 1.19942574e+00
1.050600e+07 1.19991891e+00
1.053600e+07 1.21564139e+00
1.055000e+07 1.21316469e+00
1.055210e+07 1.22202830e+00
1.055300e+07 1.22582703e+00
1.055370e+07 1.22615971e+00
1.062000e+07 1.25766599e+00
1.066470e+07 1.28538829e+00
1.069000e+07 1.30109219e+00
1.070000e+07 1.30139174e+00
1.075000e+07 1.33365669e+00
1.079020e+07 1.35259821e+00
1.080000e+07 1.35721579e+00
1.083000e+07 1.37631751e+00
1.088070e+07 1.40255662e+00
1.090000e+07 1.41254501e+00
1.094000e+07 1.42155847e+00
1.099460e+07 1.41104016e+00
1.100000e+07 1.40999993e+00
1.100400e+07 1.40208535e+00
1.105300e+07 1.40277570e+00
1.109600e+07 1.39060541e+00
1.110000e+07 1.39555173e+00
1.116600e+07 1.40178141e+00
1.117000e+07 1.40277053e+00
1.125000e+07 1.38842215e+00
1.127140e+07 1.38693923e+00
1.130000e+07 1.38496621e+00
1.140000e+07 1.37529748e+00
1.147230e+07 1.36322862e+00
1.150000e+07 1.35860737e+00
1.155300e+07 1.34720366e+00
1.158710e+07 1.34542351e+00
1.165710e+07 1.34178907e+00
1.165720e+07 1.34178390e+00
1.170800e+07 1.33916814e+00
1.175000e+07 1.35688532e+00
1.175100e+07 1.35134545e+00
1.180000e+07 1.36124862e+00
1.182800e+07 1.37510463e+00
1.184900e+07 1.38650655e+00
1.190000e+07 1.41421112e+00
1.190900e+07 1.40956578e+00
1.191700e+07 1.42312308e+00
1.193950e+07 1.42439448e+00
1.200000e+07 1.42785156e+00
1.205000e+07 1.44586561e+00
1.205300e+07 1.45120835e+00
1.207430e+07 1.45067024e+00
1.208800e+07 1.45032414e+00
1.210000e+07 1.45279950e+00
1.211990e+07 1.43959626e+00
1.212000e+07 1.43952989e+00
1.219600e+07 1.38910522e+00
1.222400e+07 1.37704061e+00
1.225000e+07 1.36962535e+00
1.225860e+07 1.36584930e+00
1.230000e+07 1.34767128e+00
1.240000e+07 1.32760515e+00
1.250000e+07 1.33434906e+00
1.255300e+07 1.34382626e+00
1.259900e+07 1.34984357e+00
1.265930e+07 1.36104291e+00
1.270000e+07 1.36861192e+00
1.273800e+07 1.36910144e+00
1.276700e+07 1.38004211e+00
1.276710e+07 1.38007985e+00
1.279200e+07 1.38948573e+00
1.287700e+07 1.40072726e+00
1.290000e+07 1.40378248e+00
1.299000e+07 1.42513605e+00
1.300000e+07 1.42207851e+00
1.304510e+07 1.41801789e+00
1.305300e+07 1.41730768e+00
1.307090e+07 1.41756601e+00
1.308170e+07 1.41772396e+00
1.310000e+07 1.41799317e+00
1.312000e+07 1.41809164e+00
1.313230e+07 1.41724892e+00
1.313240e+07 1.41724207e+00
1.320160e+07 1.41251401e+00
1.325000e+07 1.40920704e+00
1.326550e+07 1.40287147e+00
1.326680e+07 1.40234010e+00
1.328000e+07 1.39694460e+00
1.330000e+07 1.39922322e+00
1.338370e+07 1.39737360e+00
1.338380e+07 1.39737137e+00
1.340280e+07 1.39695187e+00
1.350000e+07 1.39485526e+00
1.354000e+07 1.40198689e+00
1.355300e+07 1.40149506e+00
1.358700e+07 1.40249173e+00
1.363520e+07 1.39078665e+00
1.363530e+07 1.39076235e+00
1.364500e+07 1.38840678e+00
1.364510e+07 1.38837712e+00
1.364600e+07 1.38815967e+00
1.370000e+07 1.38371961e+00
1.376700e+07 1.37631448e+00
1.382200e+07 1.35129720e+00
1.383000e+07 1.35149680e+00
1.396500e+07 1.33342208e+00
1.400000e+07 1.30543253e+00
1.400840e+07 1.30748569e+00
1.405300e+07 1.31838644e+00
1.412060e+07 1.32563671e+00
1.412690e+07 1.32631226e+00
1.418200e+07 1.33222168e+00
1.425000e+07 1.33706131e+00
1.426070e+07 1.33584366e+00
1.431010e+07 1.33022174e+00
1.436400e+07 1.32408757e+00
1.441900e+07 1.31517707e+00
1.445020e+07 1.31610502e+00
1.447200e+07 1.31675333e+00
1.450000e+07 1.32298237e+00
1.455300e+07 1.33673669e+00
1.456600e+07 1.33723209e+00
1.462260e+07 1.35564270e+00
1.465300e+07 1.36553095e+00
1.469400e+07 1.38155979e+00
1.475000e+07 1.38294780e+00
1.476700e+07 1.37978294e+00
1.480700e+07 1.38275297e+00
1.481200e+07 1.38473184e+00
1.482740e+07 1.38656089e+00
1.483700e+07 1.38770101e+00
1.486300e+07 1.39096693e+00
1.488660e+07 1.39233328e+00
1.488700e+07 1.39235308e+00
1.488800e+07 1.39235313e+00
1.489200e+07 1.39868484e+00
1.490600e+07 1.40066410e+00
1.490900e+07 1.40135675e+00
1.492700e+07 1.39858755e+00
1.495400e+07 1.39908348e+00
1.496200e+07 1.39888599e+00
1.499600e+07 1.40561484e+00
1.500000e+07 1.39958029e+00
1.500600e+07 1.40175500e+00
1.504500e+07 1.41223017e+00
1.504730e+07 1.41345623e+00
1.505300e+07 1.41648182e+00
1.507210e+07 1.42158103e+00
1.509300e+07 1.42715456e+00
1.509690e+07 1.42736118e+00
1.512170e+07 1.42869937e+00
1.514650e+07 1.43003757e+00
1.519620e+07 1.43272382e+00
1.522610e+07 1.43433721e+00
1.524580e+07 1.43540006e+00
1.524800e+07 1.43551812e+00
1.526300e+07 1.43551362e+00
1.534500e+07 1.44448175e+00
1.540000e+07 1.45049009e+00
1.544420e+07 1.45532440e+00
1.544800e+07 1.45573876e+00
1.547700e+07 1.45632364e+00
1.550000e+07 1.45839427e+00
1.552150e+07 1.46111661e+00
1.555300e+07 1.46510521e+00
1.564270e+07 1.47295252e+00
1.567320e+07 1.47562223e+00
1.573100e+07 1.48068107e+00
1.574190e+07 1.48194394e+00
1.584120e+07 1.49349736e+00
1.596600e+07 1.50801066e+00
1.597000e+07 1.51424199e+00
1.599000e+07 1.51057528e+00
1.600000e+07 1.51611221e+00
1.602690e+07 1.50963094e+00
1.605300e+07 1.50334757e+00
1.606800e+07 1.50265430e+00
1.621270e+07 1.47317576e+00
1.625600e+07 1.46435891e+00
1.634700e+07 1.43675285e+00
1.639850e+07 1.43823421e+00
1.644300e+07 1.43951805e+00
1.649450e+07 1.43468872e+00
1.649460e+07 1.43467934e+00
1.650000e+07 1.43417292e+00
1.653200e+07 1.43041153e+00
1.655300e+07 1.42694764e+00
1.658430e+07 1.42323576e+00
1.669500e+07 1.41012045e+00
1.674480e+07 1.40700097e+00
1.682000e+07 1.40229698e+00
1.682400e+07 1.40110957e+00
1.690520e+07 1.39912577e+00
1.697400e+07 1.39743956e+00
1.700000e+07 1.39892184e+00
1.705300e+07 1.40297409e+00
1.706570e+07 1.40572341e+00
1.707400e+07 1.40752333e+00
1.713800e+07 1.39980210e+00
1.714590e+07 1.39955419e+00
1.722610e+07 1.39707506e+00
1.729800e+07 1.39484387e+00
1.730000e+07 1.39484372e+00
1.730100e+07 1.40800134e+00
1.737810e+07 1.40511682e+00
1.738820e+07 1.40474020e+00
1.743100e+07 1.40314401e+00
1.744400e+07 1.40300009e+00
1.746700e+07 1.40274542e+00
1.750000e+07 1.40719462e+00
1.752160e+07 1.40925160e+00
1.753010e+07 1.41006106e+00
1.755300e+07 1.41223559e+00
1.760180e+07 1.41667612e+00
1.761600e+07 1.41796822e+00
1.763580e+07 1.41827002e+00
1.768700e+07 1.41905017e+00
1.783420e+07 1.42867272e+00
1.790000e+07 1.43298015e+00
1.790100e+07 1.43575010e+00
1.800000e+07 1.44405132e+00
1.805300e+07 1.45374162e+00
1.808670e+07 1.44785512e+00
1.808700e+07 1.44780271e+00
1.813820e+07 1.46292425e+00
1.815800e+07 1.46876913e+00
1.817340e+07 1.46847747e+00
1.820000e+07 1.46797369e+00
1.827300e+07 1.46658171e+00
1.829800e+07 1.46603702e+00
1.844220e+07 1.46289451e+00
1.846000e+07 1.46250689e+00
1.850000e+07 1.47061513e+00
1.851600e+07 1.47368026e+00
1.855300e+07 1.47713888e+00
1.863200e+07 1.48445132e+00
1.868710e+07 1.48717594e+00
1.870000e+07 1.48780772e+00
1.879340e+07 1.48633885e+00
1.883300e+07 1.48571599e+00
1.883880e+07 1.48579070e+00
1.889170e+07 1.48647203e+00
1.893200e+07 1.48699106e+00
1.900000e+07 1.48787384e+00
1.903000e+07 1.48832570e+00
1.903400e+07 1.48838463e+00
1.904890e+07 1.48862354e+00
1.905300e+07 1.48868926e+00
1.913730e+07 1.49027514e+00
1.917690e+07 1.49102003e+00
1.918500e+07 1.49116750e+00
1.931860e+07 1.49413236e+00
1.934600e+07 1.49474030e+00
1.942190e+07 1.49652202e+00
1.942880e+07 1.49668378e+00
1.944120e+07 1.49697444e+00
1.950000e+07 1.49835275e+00
1.951100e+07 1.49861853e+00
1.955300e+07 1.49958298e+00
1.960000e+07 1.50064575e+00
1.962330e+07 1.50114930e+00
1.966100e+07 1.50196384e+00
1.971320e+07 1.50296633e+00
1.979400e+07 1.50452910e+00
1.989200e+07 1.50605013e+00
