07-N_n-tot
>   07-N-14:0.996360
>   07-N-15:0.003640
1.000000e-05 1.05212773e+02
1.250000e-05 9.51497357e+01
1.500000e-05 8.77212737e+01
2.000000e-05 7.72939673e+01
2.750000e-05 6.73725129e+01
3.500000e-05 6.08429669e+01
4.250000e-05 5.61291875e+01
5.000000e-05 5.25204711e+01
6.250000e-05 4.80200124e+01
7.500000e-05 4.46978491e+01
1.000000e-04 4.00346848e+01
1.250000e-04 3.68524105e+01
1.500000e-04 3.45033920e+01
2.000000e-04 3.12060381e+01
2.750000e-04 2.80685999e+01
3.500000e-04 2.60038430e+01
4.250000e-04 2.45131887e+01
5.000000e-04 2.33720576e+01
6.250000e-04 2.19488569e+01
7.500000e-04 2.08983945e+01
1.000000e-03 1.94236820e+01
1.250000e-03 1.84173583e+01
1.500000e-03 1.76745719e+01
2.000000e-03 1.66317815e+01
2.750000e-03 1.56397058e+01
3.500000e-03 1.49866914e+01
4.250000e-03 1.45153135e+01
5.000000e-03 1.41544318e+01
6.250000e-03 1.37043760e+01
7.500000e-03 1.33721896e+01
1.000000e-02 1.29058931e+01
1.250000e-02 1.25876557e+01
1.500000e-02 1.23527140e+01
2.000000e-02 1.20229188e+01
2.530000e-02 1.17865822e+01
3.147500e-02 1.15904845e+01
3.765000e-02 1.14449048e+01
5.000000e-02 1.12394372e+01
6.250000e-02 1.10971427e+01
7.500000e-02 1.09920150e+01
1.000000e-01 1.08445353e+01
1.250000e-01 1.07438886e+01
1.500000e-01 1.06695485e+01
2.000000e-01 1.05652111e+01
2.500000e-01 1.04940574e+01
2.750000e-01 1.04677467e+01
3.000000e-01 1.04414376e+01
3.500000e-01 1.04045620e+01
4.000000e-01 1.03676890e+01
5.000000e-01 1.03173576e+01
7.500000e-01 1.02390215e+01
1.000000e+00 1.01922700e+01
1.500000e+00 1.01367505e+01
2.000000e+00 1.01035495e+01
3.000000e+00 1.00640697e+01
3.500000e+00 1.00523007e+01
4.000000e+00 1.00405360e+01
5.000000e+00 1.00243797e+01
7.500000e+00 9.99914962e+00
1.000000e+01 9.98398272e+00
1.500000e+01 9.96465724e+00
2.000000e+01 9.95245334e+00
3.000000e+01 9.93655533e+00
4.000000e+01 9.92707355e+00
5.000000e+01 9.91994318e+00
6.000000e+01 9.91471455e+00
7.500000e+01 9.90687680e+00
1.000000e+02 9.89697235e+00
1.500000e+02 9.87579731e+00
2.000000e+02 9.85687405e+00
3.000000e+02 9.82176270e+00
4.000000e+02 9.79849808e+00
5.000000e+02 9.77597076e+00
7.500000e+02 9.72118862e+00
1.000000e+03 9.66740285e+00
1.500000e+03 9.55670494e+00
2.000000e+03 9.44673438e+00
3.000000e+03 9.24747266e+00
4.000000e+03 9.04872905e+00
5.000000e+03 8.87283198e+00
6.000000e+03 8.69708510e+00
8.000000e+03 8.38379180e+00
1.000000e+04 8.10284034e+00
1.500000e+04 7.57306130e+00
2.000000e+04 7.04351146e+00
3.000000e+04 6.44367112e+00
3.500000e+04 6.14375593e+00
4.000000e+04 5.84384648e+00
5.000000e+04 5.50837186e+00
6.000000e+04 5.17291559e+00
8.000000e+04 4.73485238e+00
1.000000e+05 4.41948094e+00
1.200000e+05 4.17641604e+00
1.400000e+05 3.97980145e+00
1.500000e+05 3.89729642e+00
1.600000e+05 3.81479139e+00
1.679000e+05 3.75626298e+00
1.696990e+05 3.74335369e+00
1.697000e+05 3.74335368e+00
1.800000e+05 3.67231900e+00
1.900000e+05 3.60761395e+00
2.000000e+05 3.54649579e+00
2.500000e+05 3.28157318e+00
3.000000e+05 3.06201485e+00
3.500000e+05 2.86995532e+00
4.000000e+05 2.70164902e+00
4.100000e+05 2.67934300e+00
4.200000e+05 2.69595480e+00
4.220000e+05 2.71834948e+00
4.240000e+05 2.76145849e+00
4.250000e+05 2.79737054e+00
4.260000e+05 2.85001147e+00
4.270000e+05 2.93036118e+00
4.280000e+05 3.05933326e+00
4.290000e+05 3.28166426e+00
4.300000e+05 3.70377542e+00
4.302000e+05 3.83171666e+00
4.304000e+05 3.98147818e+00
4.306000e+05 4.15794216e+00
4.308000e+05 4.36718638e+00
4.310000e+05 4.61678317e+00
4.312000e+05 4.91599870e+00
4.314000e+05 5.27639073e+00
4.316000e+05 5.71151973e+00
4.318000e+05 6.23680934e+00
4.320000e+05 6.86691602e+00
4.322000e+05 7.61190301e+00
4.324000e+05 8.46788450e+00
4.326000e+05 9.40258840e+00
4.328000e+05 1.03378503e+01
4.330000e+05 1.11399187e+01
4.332000e+05 1.16461679e+01
4.334000e+05 1.17278681e+01
4.336000e+05 1.13641953e+01
4.338000e+05 1.06547856e+01
4.340000e+05 9.75825958e+00
4.342000e+05 8.82150049e+00
4.344000e+05 7.94062723e+00
4.346000e+05 7.16118342e+00
4.348000e+05 6.49522501e+00
4.350000e+05 5.93658454e+00
4.360000e+05 4.27103255e+00
4.370000e+05 3.55899707e+00
4.380000e+05 3.20684683e+00
4.390000e+05 3.00974017e+00
4.400000e+05 2.88845651e+00
4.420000e+05 2.75212108e+00
4.440000e+05 2.67977189e+00
4.460000e+05 2.63524107e+00
4.480000e+05 2.60478882e+00
4.500000e+05 2.58223770e+00
4.550000e+05 2.54357519e+00
4.600000e+05 2.51608188e+00
4.650000e+05 2.49551326e+00
4.700000e+05 2.47752522e+00
4.720000e+05 2.47511054e+00
4.740000e+05 2.47299477e+00
4.760000e+05 2.47137717e+00
4.780000e+05 2.47045703e+00
4.800000e+05 2.47063289e+00
4.820000e+05 2.48304404e+00
4.840000e+05 2.51027107e+00
4.860000e+05 2.56675123e+00
4.880000e+05 2.67872864e+00
4.890000e+05 2.75950678e+00
4.900000e+05 2.84031482e+00
4.906000e+05 2.86903584e+00
4.910000e+05 2.88541331e+00
4.912000e+05 2.88285132e+00
4.918000e+05 2.87081125e+00
4.920000e+05 2.86507087e+00
4.930000e+05 2.79285794e+00
4.940000e+05 2.70504200e+00
4.960000e+05 2.56527910e+00
4.980000e+05 2.48274711e+00
5.000000e+05 2.43359318e+00
5.020000e+05 2.41015742e+00
5.040000e+05 2.38910296e+00
5.060000e+05 2.36935373e+00
5.080000e+05 2.35050122e+00
5.100000e+05 2.33203730e+00
5.150000e+05 2.30505742e+00
5.200000e+05 2.27857572e+00
5.300000e+05 2.23087309e+00
5.400000e+05 2.18222393e+00
5.500000e+05 2.13014729e+00
5.600000e+05 2.07232165e+00
5.700000e+05 2.00624615e+00
5.800000e+05 1.92804495e+00
5.900000e+05 1.83264657e+00
6.000000e+05 1.71526849e+00
6.050000e+05 1.65219049e+00
6.100000e+05 1.58154015e+00
6.120000e+05 1.56055543e+00
6.140000e+05 1.54036781e+00
6.160000e+05 1.52257144e+00
6.180000e+05 1.50895979e+00
6.200000e+05 1.50232266e+00
6.220000e+05 1.51293252e+00
6.240000e+05 1.53729215e+00
6.250000e+05 1.55556969e+00
6.260000e+05 1.57867957e+00
6.280000e+05 1.64007390e+00
6.300000e+05 1.72239179e+00
6.350000e+05 1.98172592e+00
6.400000e+05 2.23940609e+00
6.420000e+05 2.31963162e+00
6.440000e+05 2.38730302e+00
6.450000e+05 2.41604233e+00
6.460000e+05 2.43971018e+00
6.480000e+05 2.47735129e+00
6.500000e+05 2.50303607e+00
6.520000e+05 2.51955435e+00
6.540000e+05 2.52740429e+00
6.550000e+05 2.52861418e+00
6.560000e+05 2.52943549e+00
6.580000e+05 2.52695318e+00
6.600000e+05 2.52008689e+00
6.700000e+05 2.47050114e+00
6.800000e+05 2.39431259e+00
6.900000e+05 2.33147526e+00
7.000000e+05 2.26944498e+00
7.100000e+05 2.21652143e+00
7.200000e+05 2.16579984e+00
7.400000e+05 2.07600410e+00
7.600000e+05 1.99440841e+00
7.800000e+05 1.91720666e+00
8.000000e+05 1.84191792e+00
8.200000e+05 1.76659105e+00
8.400000e+05 1.68948070e+00
8.500000e+05 1.64897763e+00
8.600000e+05 1.60856434e+00
8.800000e+05 1.52142084e+00
8.988300e+05 1.43015397e+00
9.000000e+05 1.42452930e+00
9.071200e+05 1.38688370e+00
9.100000e+05 1.37253204e+00
9.172200e+05 1.33345991e+00
9.200000e+05 1.31949768e+00
9.206200e+05 1.31606628e+00
9.223300e+05 1.30592236e+00
9.257700e+05 1.28290565e+00
9.300000e+05 1.25347947e+00
9.309500e+05 1.24635868e+00
9.400000e+05 1.18242396e+00
9.441000e+05 1.15186179e+00
9.500000e+05 1.10877450e+00
9.600000e+05 1.03955546e+00
9.650000e+05 1.01310613e+00
9.700000e+05 1.00080313e+00
9.750000e+05 1.01596378e+00
9.800000e+05 1.08150873e+00
9.850000e+05 1.23216276e+00
9.900000e+05 1.50577757e+00
9.950000e+05 1.90595999e+00
1.000000e+06 2.34616619e+00
1.005000e+06 2.67632088e+00
1.010000e+06 2.81553315e+00
1.012000e+06 2.82352230e+00
1.014000e+06 2.81136505e+00
1.016000e+06 2.78428233e+00
1.018000e+06 2.74656845e+00
1.020000e+06 2.70190994e+00
1.040000e+06 2.23680250e+00
1.045000e+06 2.14911370e+00
1.050000e+06 2.07362035e+00
1.055000e+06 2.00888092e+00
1.060000e+06 1.95404532e+00
1.065000e+06 1.90849542e+00
1.070000e+06 1.87212200e+00
1.075000e+06 1.84574061e+00
1.080000e+06 1.83138529e+00
1.085000e+06 1.83322128e+00
1.090000e+06 1.85953783e+00
1.093900e+06 1.91349593e+00
1.094500e+06 1.92310396e+00
1.095000e+06 1.93247717e+00
1.095600e+06 1.95146776e+00
1.096100e+06 1.96373661e+00
1.096700e+06 1.97914581e+00
1.098400e+06 2.02693265e+00
1.100000e+06 2.07312724e+00
1.105000e+06 2.37861268e+00
1.110000e+06 3.00605193e+00
1.112000e+06 3.37213113e+00
1.114000e+06 3.75351441e+00
1.116000e+06 4.03436497e+00
1.117000e+06 4.09189310e+00
1.118000e+06 4.07860992e+00
1.119000e+06 3.99607972e+00
1.120000e+06 3.85583039e+00
1.125000e+06 2.89255101e+00
1.130000e+06 2.23783436e+00
1.135000e+06 1.89780805e+00
1.140000e+06 1.71218765e+00
1.145000e+06 1.60112487e+00
1.150000e+06 1.52909947e+00
1.155000e+06 1.47958065e+00
1.160000e+06 1.44450905e+00
1.165000e+06 1.41970992e+00
1.170000e+06 1.40394778e+00
1.172000e+06 1.40062204e+00
1.174000e+06 1.39961782e+00
1.176000e+06 1.40253925e+00
1.178000e+06 1.41276401e+00
1.180000e+06 1.44307538e+00
1.181000e+06 1.47973750e+00
1.182000e+06 1.56017967e+00
1.183000e+06 1.78752516e+00
1.183200e+06 1.87978731e+00
1.183400e+06 2.00367393e+00
1.183600e+06 2.17241667e+00
1.183800e+06 2.40416922e+00
1.184000e+06 2.71797202e+00
1.184200e+06 3.11830868e+00
1.184400e+06 3.55061854e+00
1.184600e+06 3.85289345e+00
1.184800e+06 3.83631323e+00
1.185000e+06 3.50877902e+00
1.185200e+06 3.06572683e+00
1.185400e+06 2.66457158e+00
1.185600e+06 2.35434415e+00
1.185800e+06 2.12748215e+00
1.186000e+06 1.96362996e+00
1.186200e+06 1.84425529e+00
1.186400e+06 1.75607664e+00
1.186600e+06 1.68963857e+00
1.186800e+06 1.63874371e+00
1.187000e+06 1.59922729e+00
1.187200e+06 1.56798065e+00
1.187400e+06 1.54292141e+00
1.187600e+06 1.52264470e+00
1.187800e+06 1.50605452e+00
1.188000e+06 1.49235379e+00
1.189000e+06 1.45081161e+00
1.190000e+06 1.43262411e+00
1.192000e+06 1.42359918e+00
1.194000e+06 1.43155224e+00
1.196000e+06 1.45101325e+00
1.198000e+06 1.48343691e+00
1.200000e+06 1.53327693e+00
1.205000e+06 1.78990136e+00
1.210000e+06 2.11027290e+00
1.215000e+06 1.84248317e+00
1.220000e+06 1.59066509e+00
1.225000e+06 1.48549127e+00
1.230000e+06 1.44131462e+00
1.235000e+06 1.42289387e+00
1.240000e+06 1.41717671e+00
1.245000e+06 1.41874294e+00
1.250000e+06 1.42498210e+00
1.255000e+06 1.43464990e+00
1.260000e+06 1.44701784e+00
1.265000e+06 1.46158773e+00
1.270000e+06 1.47816031e+00
1.275000e+06 1.49664589e+00
1.280000e+06 1.51696479e+00
1.285000e+06 1.53924651e+00
1.290000e+06 1.56381985e+00
1.295000e+06 1.59116308e+00
1.300000e+06 1.62175444e+00
1.305000e+06 1.65691012e+00
1.310000e+06 1.69855210e+00
1.315000e+06 1.74977906e+00
1.320000e+06 1.81637985e+00
1.325000e+06 1.90879634e+00
1.330000e+06 2.04793214e+00
1.335000e+06 2.27673038e+00
1.340000e+06 2.67769963e+00
1.345000e+06 3.31592212e+00
1.350000e+06 3.76593221e+00
1.355000e+06 3.37024287e+00
1.360000e+06 2.80301024e+00
1.362000e+06 2.64488196e+00
1.364000e+06 2.52522315e+00
1.366000e+06 2.43711906e+00
1.368000e+06 2.37373466e+00
1.370000e+06 2.32975935e+00
1.372000e+06 2.30123759e+00
1.374000e+06 2.28506072e+00
1.376000e+06 2.27917626e+00
1.378000e+06 2.28219925e+00
1.380000e+06 2.29278462e+00
1.385000e+06 2.34779873e+00
1.390000e+06 2.43592189e+00
1.395000e+06 2.54348402e+00
1.400000e+06 2.64476909e+00
1.402000e+06 2.67531196e+00
1.404000e+06 2.69662853e+00
1.406000e+06 2.70684565e+00
1.408000e+06 2.70529576e+00
1.410000e+06 2.69209842e+00
1.415000e+06 2.61730777e+00
1.420000e+06 2.50978670e+00
1.425000e+06 2.39962527e+00
1.430000e+06 2.30310400e+00
1.435000e+06 2.22455708e+00
1.440000e+06 2.16268922e+00
1.445000e+06 2.11467076e+00
1.450000e+06 2.07716390e+00
1.455000e+06 2.04785836e+00
1.460000e+06 2.02466050e+00
1.465000e+06 2.00607579e+00
1.470000e+06 1.99107798e+00
1.475000e+06 1.97882016e+00
1.480000e+06 1.96866466e+00
1.485000e+06 1.96013322e+00
1.490000e+06 1.95288709e+00
1.495000e+06 1.94680670e+00
1.500000e+06 1.94151343e+00
1.505000e+06 1.93704929e+00
1.510000e+06 1.93324275e+00
1.515000e+06 1.93006392e+00
1.520000e+06 1.92748290e+00
1.525000e+06 1.92566907e+00
1.530000e+06 1.92451069e+00
1.535000e+06 1.92426895e+00
1.540000e+06 1.92514314e+00
1.545000e+06 1.92751186e+00
1.550000e+06 1.93206262e+00
1.555000e+06 1.94002505e+00
1.558600e+06 1.94911534e+00
1.560000e+06 1.95315116e+00
1.560400e+06 1.95490127e+00
1.563300e+06 1.96946036e+00
1.565000e+06 1.97438486e+00
1.565200e+06 1.97548113e+00
1.569000e+06 1.99822699e+00
1.570000e+06 2.00473952e+00
1.575000e+06 2.06051734e+00
1.580000e+06 2.16252627e+00
1.582000e+06 2.22638362e+00
1.584000e+06 2.31117449e+00
1.586000e+06 2.42496940e+00
1.588000e+06 2.57802090e+00
1.590000e+06 2.78164763e+00
1.592000e+06 3.04100077e+00
1.594000e+06 3.33730891e+00
1.595000e+06 3.47800522e+00
1.596000e+06 3.60165382e+00
1.598000e+06 3.72312070e+00
1.600000e+06 3.63714543e+00
1.602000e+06 3.39831376e+00
1.604000e+06 3.11424735e+00
1.605000e+06 2.98240690e+00
1.606000e+06 2.85721218e+00
1.608000e+06 2.65031385e+00
1.610000e+06 2.49105148e+00
1.615000e+06 2.23989854e+00
1.620000e+06 2.10663490e+00
1.625000e+06 2.02924714e+00
1.630000e+06 1.98054458e+00
1.635000e+06 1.94768414e+00
1.640000e+06 1.92419945e+00
1.645000e+06 1.90681249e+00
1.650000e+06 1.89354049e+00
1.655000e+06 1.88309085e+00
1.660000e+06 1.87477342e+00
1.665000e+06 1.86810994e+00
1.670000e+06 1.86281148e+00
1.675000e+06 1.85877840e+00
1.680000e+06 1.85595091e+00
1.685000e+06 1.85413971e+00
1.690000e+06 1.85348428e+00
1.695000e+06 1.85409424e+00
1.700000e+06 1.85603931e+00
1.705000e+06 1.85966031e+00
1.710000e+06 1.86514450e+00
1.715000e+06 1.87297014e+00
1.720000e+06 1.88376493e+00
1.725000e+06 1.89811673e+00
1.730000e+06 1.91726102e+00
1.735000e+06 1.94241336e+00
1.740000e+06 1.97575577e+00
1.745000e+06 2.01980906e+00
1.750000e+06 2.07840921e+00
1.755000e+06 2.15637106e+00
1.760000e+06 2.25937145e+00
1.765000e+06 2.39276081e+00
1.770000e+06 2.55693770e+00
1.775000e+06 2.73748478e+00
1.780000e+06 2.89383028e+00
1.782000e+06 2.93611448e+00
1.784000e+06 2.96108193e+00
1.786000e+06 2.96645099e+00
1.788000e+06 2.95179321e+00
1.790000e+06 2.91825441e+00
1.795000e+06 2.77342020e+00
1.800000e+06 2.59018629e+00
1.805000e+06 2.41481740e+00
1.810000e+06 2.26694805e+00
1.815000e+06 2.14909903e+00
1.820000e+06 2.05705573e+00
1.825000e+06 1.98516879e+00
1.830000e+06 1.92844645e+00
1.835000e+06 1.88324203e+00
1.840000e+06 1.84661628e+00
1.845000e+06 1.81640708e+00
1.850000e+06 1.79123946e+00
1.855000e+06 1.76996391e+00
1.860000e+06 1.75165751e+00
1.865000e+06 1.73577227e+00
1.870000e+06 1.72180003e+00
1.875000e+06 1.70934227e+00
1.880000e+06 1.69823866e+00
1.885000e+06 1.68811149e+00
1.890000e+06 1.67884119e+00
1.895000e+06 1.67039124e+00
1.900000e+06 1.66260885e+00
1.910000e+06 1.64839913e+00
1.920000e+06 1.63595202e+00
1.930000e+06 1.62496743e+00
1.940000e+06 1.61549441e+00
1.940500e+06 1.61505215e+00
1.943100e+06 1.61288725e+00
1.947000e+06 1.60967831e+00
1.949600e+06 1.60745480e+00
1.950000e+06 1.60708176e+00
1.952300e+06 1.60512007e+00
1.955000e+06 1.60252492e+00
1.960000e+06 1.59715387e+00
1.965000e+06 1.59193579e+00
1.970000e+06 1.58697542e+00
1.975000e+06 1.58246237e+00
1.980000e+06 1.57808035e+00
1.985000e+06 1.57397346e+00
1.990000e+06 1.56989204e+00
1.995000e+06 1.56597539e+00
2.000000e+06 1.56204309e+00
2.005000e+06 1.55824436e+00
2.010000e+06 1.55441833e+00
2.015000e+06 1.55072635e+00
2.020000e+06 1.54703656e+00
2.025000e+06 1.54355375e+00
2.030000e+06 1.54016813e+00
2.033400e+06 1.53805674e+00
2.035000e+06 1.53709044e+00
2.037000e+06 1.53590814e+00
2.039000e+06 1.53475423e+00
2.040000e+06 1.53418747e+00
2.045000e+06 1.53161259e+00
2.050000e+06 1.52914691e+00
2.055000e+06 1.52690934e+00
2.060000e+06 1.52451955e+00
2.070000e+06 1.52003886e+00
2.080000e+06 1.51597665e+00
2.090000e+06 1.51249233e+00
2.100000e+06 1.50967556e+00
2.110000e+06 1.50736877e+00
2.120000e+06 1.50609820e+00
2.130000e+06 1.50639191e+00
2.140000e+06 1.50883776e+00
2.150000e+06 1.51447196e+00
2.160000e+06 1.52479998e+00
2.170000e+06 1.54242135e+00
2.180000e+06 1.57120195e+00
2.190000e+06 1.61631289e+00
2.200000e+06 1.68178943e+00
2.202000e+06 1.69711813e+00
2.204000e+06 1.71291511e+00
2.206000e+06 1.72905086e+00
2.208000e+06 1.74519657e+00
2.210000e+06 1.76105334e+00
2.212000e+06 1.77635214e+00
2.214000e+06 1.79058484e+00
2.216000e+06 1.80347246e+00
2.218000e+06 1.81459651e+00
2.220000e+06 1.82372785e+00
2.222000e+06 1.83041811e+00
2.224000e+06 1.83460750e+00
2.226000e+06 1.83619639e+00
2.228000e+06 1.83511504e+00
2.230000e+06 1.83166235e+00
2.232000e+06 1.82608741e+00
2.234000e+06 1.81843008e+00
2.236000e+06 1.80908890e+00
2.238000e+06 1.79854213e+00
2.240000e+06 1.78686947e+00
2.242000e+06 1.77461892e+00
2.244000e+06 1.76183034e+00
2.246000e+06 1.74883252e+00
2.248000e+06 1.73592437e+00
2.250000e+06 1.72306604e+00
2.260000e+06 1.66432903e+00
2.270000e+06 1.61751845e+00
2.280000e+06 1.58181729e+00
2.290000e+06 1.55457522e+00
2.300000e+06 1.53353051e+00
2.310000e+06 1.51715356e+00
2.320000e+06 1.50394504e+00
2.330000e+06 1.49323738e+00
2.340000e+06 1.48441284e+00
2.350000e+06 1.47696328e+00
2.360000e+06 1.47085917e+00
2.370000e+06 1.46565179e+00
2.375000e+06 1.46346159e+00
2.380000e+06 1.46128886e+00
2.390000e+06 1.45761095e+00
2.400000e+06 1.45443123e+00
2.410000e+06 1.44888404e+00
2.419000e+06 1.44369847e+00
2.420000e+06 1.44310971e+00
2.426500e+06 1.43925103e+00
2.428300e+06 1.43816518e+00
2.430200e+06 1.43701164e+00
2.435000e+06 1.43406593e+00
2.440000e+06 1.43095790e+00
2.445000e+06 1.42986474e+00
2.447440e+06 1.42932115e+00
2.450000e+06 1.42934146e+00
2.460000e+06 1.42940477e+00
2.475000e+06 1.43880366e+00
2.476000e+06 1.61346831e+00
2.477000e+06 1.43940696e+00
2.479390e+06 1.43588082e+00
2.479400e+06 1.43588044e+00
2.480000e+06 1.43534007e+00
2.485000e+06 1.43209568e+00
2.490000e+06 1.42975797e+00
2.495000e+06 1.43237218e+00
2.500000e+06 1.44527878e+00
2.505000e+06 1.46865137e+00
2.506000e+06 1.48656154e+00
2.506500e+06 1.49950206e+00
2.507000e+06 1.51742438e+00
2.507500e+06 1.54032850e+00
2.508000e+06 1.57219987e+00
2.508500e+06 1.61303847e+00
2.509000e+06 1.66583339e+00
2.509500e+06 1.72659919e+00
2.510000e+06 1.78039048e+00
2.510500e+06 1.80528732e+00
2.511000e+06 1.78534796e+00
2.511500e+06 1.73252872e+00
2.512000e+06 1.67074225e+00
2.512500e+06 1.61692665e+00
2.513000e+06 1.57307465e+00
2.513500e+06 1.54018261e+00
2.514000e+06 1.51625782e+00
2.514500e+06 1.49731482e+00
2.515000e+06 1.48335362e+00
2.520000e+06 1.43241768e+00
2.525000e+06 1.42033979e+00
2.530000e+06 1.41428744e+00
2.540000e+06 1.40716456e+00
2.550000e+06 1.40851073e+00
2.560000e+06 1.40992170e+00
2.575000e+06 1.40830180e+00
2.580000e+06 1.40778476e+00
2.600000e+06 1.39874210e+00
2.620000e+06 1.40471618e+00
2.625000e+06 1.41318422e+00
2.630000e+06 1.42166777e+00
2.640000e+06 1.44461303e+00
2.650000e+06 1.43168932e+00
2.660000e+06 1.39189156e+00
2.670000e+06 1.36205740e+00
2.675000e+06 1.36208572e+00
2.680000e+06 1.36208630e+00
2.690000e+06 1.38002194e+00
2.695000e+06 1.41190605e+00
2.700000e+06 1.47965911e+00
2.702000e+06 1.52044930e+00
2.704000e+06 1.56522493e+00
2.705000e+06 1.58462366e+00
2.706000e+06 1.60399008e+00
2.708000e+06 1.61881026e+00
2.710000e+06 1.60174692e+00
2.712000e+06 1.55968170e+00
2.714000e+06 1.50765287e+00
2.715000e+06 1.48363117e+00
2.716000e+06 1.45957017e+00
2.718000e+06 1.41941903e+00
2.720000e+06 1.38624242e+00
2.725000e+06 1.33176303e+00
2.728000e+06 1.31179414e+00
2.730000e+06 1.29856806e+00
2.730200e+06 1.29772371e+00
2.732400e+06 1.28850642e+00
2.734600e+06 1.27934337e+00
2.735000e+06 1.27768404e+00
2.736800e+06 1.27165184e+00
2.740000e+06 1.26096432e+00
2.745000e+06 1.24827554e+00
2.750000e+06 1.23656711e+00
2.755000e+06 1.23279716e+00
2.760000e+06 1.24194858e+00
2.770000e+06 1.27811202e+00
2.780000e+06 1.31919756e+00
2.790000e+06 1.35913159e+00
2.795000e+06 1.37626176e+00
2.800000e+06 1.39341850e+00
2.810000e+06 1.41087824e+00
2.815000e+06 1.41991404e+00
2.820000e+06 1.42970828e+00
2.821900e+06 1.43191562e+00
2.824200e+06 1.43506717e+00
2.825000e+06 1.43621771e+00
2.830000e+06 1.44291845e+00
2.831100e+06 1.44396127e+00
2.835000e+06 1.44630825e+00
2.840000e+06 1.44877786e+00
2.845000e+06 1.44881301e+00
2.850000e+06 1.44940981e+00
2.860000e+06 1.45132050e+00
2.870000e+06 1.45707552e+00
2.880000e+06 1.46295832e+00
2.885000e+06 1.50080908e+00
2.890000e+06 1.58349604e+00
2.892000e+06 1.58253739e+00
2.894000e+06 1.54670614e+00
2.896000e+06 1.50688945e+00
2.898000e+06 1.47803272e+00
2.900000e+06 1.45913959e+00
2.902000e+06 1.44541710e+00
2.904000e+06 1.43667642e+00
2.905000e+06 1.43330243e+00
2.906000e+06 1.43027678e+00
2.908000e+06 1.40529465e+00
2.910000e+06 1.41717784e+00
2.911000e+06 1.42561033e+00
2.912000e+06 1.43403679e+00
2.913500e+06 1.46087461e+00
2.914000e+06 1.46952467e+00
2.915900e+06 1.48441056e+00
2.916000e+06 1.48516945e+00
2.918000e+06 1.50034716e+00
2.920000e+06 1.50762862e+00
2.925000e+06 1.51854790e+00
2.930000e+06 1.53401646e+00
2.935000e+06 1.55768741e+00
2.940000e+06 1.59740567e+00
2.942000e+06 1.62228191e+00
2.944000e+06 1.65512903e+00
2.945000e+06 1.67603621e+00
2.946000e+06 1.70093487e+00
2.948000e+06 1.76567760e+00
2.950000e+06 1.86031112e+00
2.952000e+06 1.99381223e+00
2.954000e+06 2.16816409e+00
2.955000e+06 2.25882728e+00
2.956000e+06 2.33554143e+00
2.957000e+06 2.38336114e+00
2.958000e+06 2.38933373e+00
2.959000e+06 2.35345920e+00
2.960000e+06 2.28370843e+00
2.961000e+06 2.19602602e+00
2.962000e+06 2.10635089e+00
2.964000e+06 1.94892055e+00
2.966000e+06 1.83433369e+00
2.968000e+06 1.75661215e+00
2.970000e+06 1.70280325e+00
2.975000e+06 1.63005933e+00
2.980000e+06 1.59716980e+00
2.985000e+06 1.58119391e+00
2.990000e+06 1.57418527e+00
3.000000e+06 1.58109154e+00
3.020000e+06 1.58992221e+00
3.040000e+06 1.60373467e+00
3.050000e+06 1.61562271e+00
3.060000e+06 1.63737832e+00
3.070000e+06 1.67607205e+00
3.075000e+06 1.70488433e+00
3.080000e+06 1.73768206e+00
3.085000e+06 1.75951982e+00
3.090000e+06 1.75644859e+00
3.095000e+06 1.73145743e+00
3.100000e+06 1.70148448e+00
3.105000e+06 1.67648473e+00
3.110000e+06 1.65845951e+00
3.120000e+06 1.63735446e+00
3.130000e+06 1.62720937e+00
3.140000e+06 1.62204608e+00
3.150000e+06 1.62086823e+00
3.160000e+06 1.65159450e+00
3.170000e+06 1.70125161e+00
3.180000e+06 1.76685048e+00
3.190000e+06 1.84141660e+00
3.195000e+06 1.87421603e+00
3.200000e+06 1.89605551e+00
3.210000e+06 1.89392520e+00
3.220000e+06 1.83699508e+00
3.230000e+06 1.76312685e+00
3.240000e+06 1.69822586e+00
3.250000e+06 1.65026299e+00
3.260000e+06 1.61626408e+00
3.280000e+06 1.57417162e+00
3.300000e+06 1.55200637e+00
3.320000e+06 1.53881723e+00
3.340000e+06 1.53060990e+00
3.350000e+06 1.53198621e+00
3.360000e+06 1.53335160e+00
3.380000e+06 1.53807511e+00
3.400000e+06 1.53482774e+00
3.410000e+06 1.52671380e+00
3.420000e+06 1.51859987e+00
3.430000e+06 1.51647866e+00
3.435000e+06 1.51543534e+00
3.440000e+06 1.51441496e+00
3.443200e+06 1.51553416e+00
3.446300e+06 1.51663778e+00
3.450000e+06 1.51798558e+00
3.455000e+06 1.51987226e+00
3.460000e+06 1.52183684e+00
3.464900e+06 1.53406859e+00
3.468000e+06 1.54181248e+00
3.470000e+06 1.54680239e+00
3.475000e+06 1.55923130e+00
3.480000e+06 1.57157357e+00
3.485000e+06 1.60550186e+00
3.490000e+06 1.65929329e+00
3.495000e+06 1.74990964e+00
3.500000e+06 1.89829302e+00
3.502000e+06 1.97597998e+00
3.504000e+06 2.05864874e+00
3.506000e+06 2.13733206e+00
3.508000e+06 2.19608818e+00
3.510000e+06 2.21997170e+00
3.512000e+06 2.20001538e+00
3.514000e+06 2.14219738e+00
3.516000e+06 2.06345582e+00
3.518000e+06 1.97773974e+00
3.520000e+06 1.89600910e+00
3.521000e+06 1.85912922e+00
3.522000e+06 1.82523842e+00
3.523000e+06 1.79334034e+00
3.524000e+06 1.78236582e+00
3.526000e+06 1.78233670e+00
3.528000e+06 1.78131122e+00
3.530000e+06 1.78128210e+00
3.540000e+06 1.78611830e+00
3.550000e+06 1.81287442e+00
3.552000e+06 1.82581813e+00
3.554000e+06 1.84274728e+00
3.556000e+06 1.86565459e+00
3.558000e+06 1.89752914e+00
3.560000e+06 1.94235638e+00
3.562000e+06 2.00212901e+00
3.564000e+06 2.07784340e+00
3.566000e+06 2.15754323e+00
3.568000e+06 2.21133770e+00
3.570000e+06 2.20833965e+00
3.572000e+06 2.14755272e+00
3.574000e+06 2.06384951e+00
3.576000e+06 1.98512810e+00
3.578000e+06 1.92234845e+00
3.579000e+06 1.89643861e+00
3.580000e+06 1.87451421e+00
3.585000e+06 1.80175750e+00
3.590000e+06 1.76287704e+00
3.595000e+06 1.73993834e+00
3.600000e+06 1.72497052e+00
3.610000e+06 1.70313563e+00
3.620000e+06 1.68827526e+00
3.630000e+06 1.67435147e+00
3.640000e+06 1.66552904e+00
3.650000e+06 1.66381066e+00
3.660000e+06 1.66370485e+00
3.670000e+06 1.66359904e+00
3.680000e+06 1.66387185e+00
3.690000e+06 1.66555949e+00
3.700000e+06 1.66902066e+00
3.710000e+06 1.67347116e+00
3.720000e+06 1.67858923e+00
3.725000e+06 1.68146212e+00
3.730000e+06 1.68431178e+00
3.740000e+06 1.69060892e+00
3.750000e+06 1.69748396e+00
3.757000e+06 1.70317163e+00
3.760000e+06 1.70560842e+00
3.765000e+06 1.70966902e+00
3.770000e+06 1.71372888e+00
3.780000e+06 1.72184680e+00
3.790000e+06 1.72996399e+00
3.800000e+06 1.73808154e+00
3.820000e+06 1.75843452e+00
3.825000e+06 1.76385903e+00
3.840000e+06 1.78061477e+00
3.850000e+06 1.79223362e+00
3.860000e+06 1.80430272e+00
3.875000e+06 1.82320347e+00
3.880000e+06 1.82974624e+00
3.900000e+06 1.85676422e+00
3.910000e+06 1.87112444e+00
3.920000e+06 1.88548430e+00
3.930000e+06 1.89585945e+00
3.940000e+06 1.90623860e+00
3.950000e+06 1.91046799e+00
3.954800e+06 1.91267983e+00
3.960000e+06 1.91509854e+00
3.962400e+06 1.91712594e+00
3.970000e+06 1.92359883e+00
3.975000e+06 1.92790834e+00
3.980000e+06 1.93228192e+00
3.985000e+06 1.93699377e+00
3.990000e+06 1.94181554e+00
3.995000e+06 1.94674397e+00
4.000000e+06 1.95172300e+00
4.010000e+06 1.97686800e+00
4.016400e+06 1.99260559e+00
4.020000e+06 2.00133502e+00
4.024200e+06 2.01633178e+00
4.027500e+06 2.02807498e+00
4.030000e+06 2.03696651e+00
4.035000e+06 2.05474957e+00
4.040000e+06 2.07254464e+00
4.045000e+06 2.08936264e+00
4.050000e+06 2.10620284e+00
4.056000e+06 2.11269109e+00
4.060000e+06 2.11704251e+00
4.063600e+06 2.11235023e+00
4.067600e+06 2.10715970e+00
4.070000e+06 2.10405360e+00
4.080000e+06 2.08520903e+00
4.090000e+06 2.07149877e+00
4.100000e+06 2.06497561e+00
4.110000e+06 2.08071308e+00
4.115000e+06 2.10315855e+00
4.120000e+06 2.12569849e+00
4.125000e+06 2.14606138e+00
4.130000e+06 2.16633091e+00
4.140000e+06 2.20366650e+00
4.150000e+06 2.23907665e+00
4.160000e+06 2.27469887e+00
4.170000e+06 2.31092556e+00
4.180000e+06 2.33917947e+00
4.190000e+06 2.33815820e+00
4.200000e+06 2.31135113e+00
4.214000e+06 2.26162914e+00
4.220000e+06 2.24038209e+00
4.225000e+06 2.22245013e+00
4.231300e+06 2.19989428e+00
4.232490e+06 2.19563904e+00
4.240000e+06 2.16487644e+00
4.250000e+06 2.12167693e+00
4.260000e+06 2.07943924e+00
4.275000e+06 2.01870563e+00
4.280000e+06 1.99843525e+00
4.286600e+06 1.97285701e+00
4.295200e+06 1.93947077e+00
4.300000e+06 1.92080726e+00
4.304320e+06 1.90728605e+00
4.325000e+06 1.85580544e+00
4.350000e+06 1.79335044e+00
4.375000e+06 1.74202029e+00
4.400000e+06 1.69082774e+00
4.420000e+06 1.65579978e+00
4.440000e+06 1.62774635e+00
4.450000e+06 1.61899037e+00
4.460000e+06 1.61570194e+00
4.480000e+06 1.62963016e+00
4.500000e+06 1.67344918e+00
4.510000e+06 1.68344255e+00
4.520000e+06 1.66155241e+00
4.525000e+06 1.63765465e+00
4.530000e+06 1.60777874e+00
4.535000e+06 1.57391739e+00
4.540000e+06 1.55799052e+00
4.545000e+06 1.57892896e+00
4.550000e+06 1.60186013e+00
4.560000e+06 1.65172429e+00
4.570000e+06 1.70457752e+00
4.580000e+06 1.75145260e+00
4.590000e+06 1.78138955e+00
4.600000e+06 1.78342843e+00
4.610000e+06 1.75457636e+00
4.620000e+06 1.69981893e+00
4.625000e+06 1.66596387e+00
4.630000e+06 1.63210460e+00
4.640000e+06 1.56040061e+00
4.642700e+06 1.54231029e+00
4.650000e+06 1.49339469e+00
4.660000e+06 1.43091632e+00
4.680000e+06 1.33230333e+00
4.686600e+06 1.30830982e+00
4.690000e+06 1.29594462e+00
4.700000e+06 1.25957239e+00
4.720000e+06 1.19975410e+00
4.725000e+06 1.18982118e+00
4.730000e+06 1.17988251e+00
4.735000e+06 1.16993838e+00
4.740000e+06 1.15983483e+00
4.750000e+06 1.13744571e+00
4.760000e+06 1.11588128e+00
4.775000e+06 1.08887014e+00
4.780000e+06 1.08017754e+00
4.791600e+06 1.06405594e+00
4.796600e+06 1.05735540e+00
4.800000e+06 1.05206758e+00
4.806800e+06 1.04454079e+00
4.817500e+06 1.03367262e+00
4.820000e+06 1.03115115e+00
4.840000e+06 1.02201161e+00
4.850000e+06 1.02046082e+00
4.860000e+06 1.01986395e+00
4.880000e+06 1.02171908e+00
4.900000e+06 1.03154509e+00
4.920000e+06 1.04635756e+00
4.934760e+06 1.05895806e+00
4.940000e+06 1.06415910e+00
4.950000e+06 1.07597921e+00
4.960000e+06 1.08992672e+00
4.980000e+06 1.12067134e+00
5.000000e+06 1.15440504e+00
5.017800e+06 1.19113517e+00
5.020000e+06 1.19568300e+00
5.025000e+06 1.20648227e+00
5.040000e+06 1.24107325e+00
5.050000e+06 1.26431823e+00
5.050600e+06 1.26568470e+00
5.056200e+06 1.27725754e+00
5.060000e+06 1.28495958e+00
5.075000e+06 1.31758443e+00
5.080000e+06 1.32876237e+00
5.100000e+06 1.37474948e+00
5.120000e+06 1.41966974e+00
5.140000e+06 1.46012631e+00
5.150000e+06 1.47300146e+00
5.160000e+06 1.48127520e+00
5.180000e+06 1.49570044e+00
5.200000e+06 1.50664838e+00
5.220000e+06 1.51486616e+00
5.240000e+06 1.51988564e+00
5.250000e+06 1.52041760e+00
5.260000e+06 1.51984921e+00
5.269140e+06 1.51876532e+00
5.269150e+06 1.51876529e+00
5.280000e+06 1.51668981e+00
5.300000e+06 1.51030221e+00
5.320000e+06 1.50173048e+00
5.340000e+06 1.49325839e+00
5.350000e+06 1.48926645e+00
5.360000e+06 1.48524979e+00
5.370000e+06 1.48146074e+00
5.380000e+06 1.47770081e+00
5.390000e+06 1.47417960e+00
5.400000e+06 1.47089500e+00
5.410000e+06 1.46833899e+00
5.420000e+06 1.46540079e+00
5.425000e+06 1.46378744e+00
5.430000e+06 1.46193385e+00
5.440000e+06 1.45759332e+00
5.450000e+06 1.45479422e+00
5.460000e+06 1.45391264e+00
5.470000e+06 1.45429126e+00
5.473680e+06 1.45443282e+00
5.480000e+06 1.45542467e+00
5.500000e+06 1.46192456e+00
5.510000e+06 1.46705778e+00
5.520000e+06 1.47518009e+00
5.530000e+06 1.48728783e+00
5.540000e+06 1.50338102e+00
5.550000e+06 1.52445600e+00
5.551630e+06 1.52789333e+00
5.560000e+06 1.54550114e+00
5.570000e+06 1.55558631e+00
5.580000e+06 1.54873337e+00
5.590000e+06 1.52693502e+00
5.600000e+06 1.50015488e+00
5.620000e+06 1.45862095e+00
5.624500e+06 1.45286271e+00
5.625000e+06 1.45222454e+00
5.640000e+06 1.43317117e+00
5.650000e+06 1.42443443e+00
5.655100e+06 1.42052505e+00
5.655120e+06 1.42050976e+00
5.660000e+06 1.41678795e+00
5.680000e+06 1.40348747e+00
5.700000e+06 1.39118336e+00
5.709690e+06 1.38373579e+00
5.720000e+06 1.37462271e+00
5.740000e+06 1.35590993e+00
5.750000e+06 1.34721612e+00
5.760000e+06 1.33887569e+00
5.780000e+06 1.32377903e+00
5.800000e+06 1.31139248e+00
5.820000e+06 1.30612799e+00
5.840000e+06 1.30868492e+00
5.850000e+06 1.31175448e+00
5.860000e+06 1.31534634e+00
5.861790e+06 1.31605989e+00
5.870000e+06 1.32017291e+00
5.880000e+06 1.32522635e+00
5.890000e+06 1.33334532e+00
5.900000e+06 1.34130412e+00
5.910000e+06 1.35235684e+00
5.920000e+06 1.36472900e+00
5.930000e+06 1.37870817e+00
5.940000e+06 1.39307744e+00
5.950000e+06 1.40423957e+00
5.960000e+06 1.41073455e+00
5.970000e+06 1.41035465e+00
5.980000e+06 1.40152562e+00
5.990000e+06 1.38658889e+00
6.000000e+06 1.37139312e+00
6.010000e+06 1.35680525e+00
6.020000e+06 1.35004878e+00
6.030000e+06 1.35303670e+00
6.040000e+06 1.35907348e+00
6.050000e+06 1.36725244e+00
6.060000e+06 1.37670216e+00
6.070000e+06 1.38722795e+00
6.080000e+06 1.40026456e+00
6.090000e+06 1.41706742e+00
6.100000e+06 1.43616190e+00
6.101410e+06 1.43888851e+00
6.120000e+06 1.47156386e+00
6.130000e+06 1.48568292e+00
6.140000e+06 1.49987175e+00
6.150000e+06 1.51286993e+00
6.160000e+06 1.52555051e+00
6.180000e+06 1.54645794e+00
6.200000e+06 1.56119790e+00
6.220000e+06 1.57055027e+00
6.240000e+06 1.54371481e+00
6.250000e+06 1.51037984e+00
6.254500e+06 1.49552030e+00
6.260000e+06 1.47801844e+00
6.270000e+06 1.44743056e+00
6.280000e+06 1.41671771e+00
6.300000e+06 1.35896857e+00
6.320000e+06 1.31815001e+00
6.335000e+06 1.30179400e+00
6.340000e+06 1.29638447e+00
6.350000e+06 1.28749834e+00
6.360000e+06 1.27874112e+00
6.380000e+06 1.26774287e+00
6.393090e+06 1.26980654e+00
6.400000e+06 1.27332406e+00
6.425000e+06 1.29736352e+00
6.450000e+06 1.32095889e+00
6.500000e+06 1.36627707e+00
6.520000e+06 1.38185417e+00
6.540000e+06 1.39122395e+00
6.541890e+06 1.39129651e+00
6.550000e+06 1.38890443e+00
6.560000e+06 1.38119858e+00
6.580000e+06 1.35787577e+00
6.585000e+06 1.35177605e+00
6.600000e+06 1.33356737e+00
6.650000e+06 1.27617384e+00
6.650350e+06 1.27577657e+00
6.655000e+06 1.27119028e+00
6.700000e+06 1.22570757e+00
6.720000e+06 1.21016634e+00
6.728850e+06 1.20342303e+00
6.745000e+06 1.19440530e+00
6.747200e+06 1.19316396e+00
6.749150e+06 1.19204339e+00
6.749200e+06 1.19201467e+00
6.750000e+06 1.19137683e+00
6.775000e+06 1.18168092e+00
6.800000e+06 1.17189401e+00
6.825000e+06 1.16833257e+00
6.846130e+06 1.16540551e+00
6.850000e+06 1.16565744e+00
6.875000e+06 1.17148650e+00
6.900000e+06 1.17735197e+00
6.910500e+06 1.18103623e+00
6.925000e+06 1.18715301e+00
6.950000e+06 1.19774650e+00
7.000000e+06 1.22927744e+00
7.020000e+06 1.24491912e+00
7.040000e+06 1.26201549e+00
7.050000e+06 1.27120134e+00
7.060000e+06 1.28098693e+00
7.080000e+06 1.30212239e+00
7.095000e+06 1.31962545e+00
7.100000e+06 1.32535586e+00
7.120000e+06 1.34905733e+00
7.125000e+06 1.35517947e+00
7.140000e+06 1.37377523e+00
7.150000e+06 1.38646135e+00
7.160000e+06 1.39929965e+00
7.180000e+06 1.42553421e+00
7.190000e+06 1.43911101e+00
7.199260e+06 1.45173707e+00
7.200000e+06 1.45276359e+00
7.220000e+06 1.48097268e+00
7.240000e+06 1.50983937e+00
7.250000e+06 1.52444210e+00
7.260000e+06 1.53909587e+00
7.280000e+06 1.56935847e+00
7.290000e+06 1.58488831e+00
7.300000e+06 1.59783758e+00
7.310000e+06 1.60557585e+00
7.320000e+06 1.59993300e+00
7.340000e+06 1.55583950e+00
7.350000e+06 1.54891251e+00
7.360000e+06 1.56138675e+00
7.380000e+06 1.60672342e+00
7.390000e+06 1.63069698e+00
7.398300e+06 1.64952066e+00
7.398310e+06 1.64952071e+00
7.400000e+06 1.65305644e+00
7.410000e+06 1.66917527e+00
7.420000e+06 1.67223182e+00
7.440000e+06 1.65610617e+00
7.445000e+06 1.65075458e+00
7.450000e+06 1.64530794e+00
7.450670e+06 1.64440265e+00
7.450730e+06 1.64431132e+00
7.460000e+06 1.62807326e+00
7.475000e+06 1.58235132e+00
7.480000e+06 1.56715799e+00
7.500000e+06 1.51558109e+00
7.530000e+06 1.46215949e+00
7.535440e+06 1.45249152e+00
7.550000e+06 1.43861286e+00
7.600000e+06 1.41183432e+00
7.636200e+06 1.40474238e+00
7.636250e+06 1.40473272e+00
7.650000e+06 1.40209023e+00
7.700000e+06 1.41383013e+00
7.720000e+06 1.41999720e+00
7.740000e+06 1.43241225e+00
7.750000e+06 1.44379586e+00
7.760000e+06 1.45570257e+00
7.780000e+06 1.48070165e+00
7.792100e+06 1.49618175e+00
7.800000e+06 1.50621790e+00
7.820000e+06 1.53221556e+00
7.840000e+06 1.55999670e+00
7.850000e+06 1.57765351e+00
7.860000e+06 1.59722452e+00
7.880000e+06 1.64128856e+00
7.900000e+06 1.64474096e+00
7.920000e+06 1.58744475e+00
7.940000e+06 1.53586765e+00
7.950000e+06 1.51110036e+00
7.960000e+06 1.48522753e+00
7.980000e+06 1.43250046e+00
7.990000e+06 1.41087711e+00
8.000000e+06 1.39297516e+00
8.050000e+06 1.33911244e+00
8.075900e+06 1.32454791e+00
8.075950e+06 1.32451674e+00
8.090000e+06 1.31576307e+00
8.100000e+06 1.30950713e+00
8.134000e+06 1.29343385e+00
8.134010e+06 1.29342937e+00
8.140000e+06 1.29076441e+00
8.150000e+06 1.28619702e+00
8.200000e+06 1.26918882e+00
8.250000e+06 1.25253287e+00
8.290000e+06 1.23182665e+00
8.300000e+06 1.22660641e+00
8.350000e+06 1.20873408e+00
8.375000e+06 1.21436717e+00
8.400000e+06 1.21998206e+00
8.425000e+06 1.23085753e+00
8.450000e+06 1.24178760e+00
8.500000e+06 1.25358487e+00
8.519600e+06 1.25089712e+00
8.540770e+06 1.24797593e+00
8.550000e+06 1.24783088e+00
8.590000e+06 1.25633166e+00
8.600000e+06 1.25843866e+00
8.642720e+06 1.27787280e+00
8.650000e+06 1.27965501e+00
8.700000e+06 1.28767704e+00
8.722200e+06 1.28743283e+00
8.750000e+06 1.28586496e+00
8.785000e+06 1.28274957e+00
8.790000e+06 1.28223223e+00
8.800000e+06 1.28124852e+00
8.830000e+06 1.27542643e+00
8.850000e+06 1.27149772e+00
8.871800e+06 1.26725606e+00
8.875000e+06 1.26669972e+00
8.900000e+06 1.26213832e+00
8.950000e+06 1.25889059e+00
8.979000e+06 1.25968256e+00
9.000000e+06 1.25996360e+00
9.021620e+06 1.26207300e+00
9.021630e+06 1.26207301e+00
9.050000e+06 1.26665559e+00
9.062970e+06 1.26885183e+00
9.100000e+06 1.27294904e+00
9.101440e+06 1.27299957e+00
9.101450e+06 1.27299958e+00
9.150000e+06 1.27181815e+00
9.151200e+06 1.27171377e+00
9.200000e+06 1.26755028e+00
9.250000e+06 1.26389802e+00
9.300000e+06 1.26444044e+00
9.346610e+06 1.26821689e+00
9.346620e+06 1.26821691e+00
9.380000e+06 1.27101133e+00
9.380280e+06 1.27056351e+00
9.381000e+06 1.27109297e+00
9.400000e+06 1.27260424e+00
9.457470e+06 1.27183227e+00
9.500000e+06 1.27623606e+00
9.550000e+06 1.28555708e+00
9.593800e+06 1.29306038e+00
9.600000e+06 1.29412462e+00
9.650000e+06 1.30232644e+00
9.655000e+06 1.30314533e+00
9.659590e+06 1.30396585e+00
9.700000e+06 1.31121262e+00
9.732440e+06 1.31708614e+00
9.750000e+06 1.32030974e+00
9.775000e+06 1.32489897e+00
9.800000e+06 1.32926506e+00
9.841090e+06 1.33631405e+00
9.900000e+06 1.34659151e+00
9.916000e+06 1.34958117e+00
9.916300e+06 1.34749580e+00
9.917000e+06 1.34977051e+00
9.922000e+06 1.35082888e+00
1.000000e+07 1.36796808e+00
1.001630e+07 1.37225551e+00
1.005000e+07 1.38252682e+00
1.010000e+07 1.39786444e+00
1.020000e+07 1.42410964e+00
1.025000e+07 1.43503817e+00
1.030000e+07 1.44566304e+00
1.035000e+07 1.44050056e+00
1.038400e+07 1.43190187e+00
1.039200e+07 1.42953649e+00
1.040000e+07 1.42752055e+00
1.045000e+07 1.41801567e+00
1.045200e+07 1.41735982e+00
1.045230e+07 1.41461013e+00
1.045300e+07 1.41704186e+00
1.050000e+07 1.40434944e+00
1.050200e+07 1.40482078e+00
1.055000e+07 1.41454468e+00
1.056800e+07 1.42321279e+00
1.060000e+07 1.43869160e+00
1.065000e+07 1.45581900e+00
1.070000e+07 1.46043680e+00
1.075000e+07 1.45126572e+00
1.080000e+07 1.43013832e+00
1.089300e+07 1.38855713e+00
1.089340e+07 1.38837364e+00
1.090000e+07 1.38534216e+00
1.093300e+07 1.37265149e+00
1.098800e+07 1.35168673e+00
1.098830e+07 1.34813143e+00
1.098900e+07 1.35143338e+00
1.100000e+07 1.34878603e+00
1.103900e+07 1.34357453e+00
1.110000e+07 1.33517131e+00
1.120000e+07 1.34073331e+00
1.125000e+07 1.34930794e+00
1.130000e+07 1.35788258e+00
1.131370e+07 1.36043776e+00
1.140000e+07 1.37664996e+00
1.140650e+07 1.37788950e+00
1.150000e+07 1.39581860e+00
1.152400e+07 1.40057529e+00
1.152440e+07 1.39959826e+00
1.152500e+07 1.40077307e+00
1.156100e+07 1.40818967e+00
1.156150e+07 1.40829299e+00
1.160000e+07 1.41624611e+00
1.170000e+07 1.43803172e+00
1.173000e+07 1.44517248e+00
1.173010e+07 1.44519638e+00
1.175000e+07 1.44994877e+00
1.175400e+07 1.45090403e+00
1.180000e+07 1.46187674e+00
1.185000e+07 1.47157305e+00
1.186000e+07 1.47353415e+00
1.190000e+07 1.48132396e+00
1.200000e+07 1.50089513e+00
1.204440e+07 1.50954301e+00
1.206000e+07 1.51257984e+00
1.206040e+07 1.51027897e+00
1.206100e+07 1.51278090e+00
1.210000e+07 1.52032316e+00
1.220000e+07 1.53891832e+00
1.222590e+07 1.54185838e+00
1.225000e+07 1.54460155e+00
1.230000e+07 1.55029278e+00
1.240000e+07 1.56169708e+00
1.250000e+07 1.56882241e+00
1.259600e+07 1.57371610e+00
1.259640e+07 1.57139471e+00
1.259700e+07 1.57374632e+00
1.260000e+07 1.57385690e+00
1.270000e+07 1.57636714e+00
1.275000e+07 1.57677057e+00
1.280000e+07 1.57717401e+00
1.290000e+07 1.57650931e+00
1.300000e+07 1.57472484e+00
1.310000e+07 1.57118184e+00
1.313200e+07 1.57001080e+00
1.313240e+07 1.56934391e+00
1.313300e+07 1.56997262e+00
1.320000e+07 1.56773340e+00
1.325000e+07 1.56624192e+00
1.330000e+07 1.56475045e+00
1.340000e+07 1.56263493e+00
1.350000e+07 1.56231687e+00
1.360000e+07 1.56304995e+00
1.366800e+07 1.56414842e+00
1.366840e+07 1.56201622e+00
1.366900e+07 1.56414845e+00
1.370000e+07 1.56464776e+00
1.375000e+07 1.56539389e+00
1.380000e+07 1.56614002e+00
1.386500e+07 1.56710060e+00
1.390000e+07 1.56765871e+00
1.400000e+07 1.56931477e+00
1.403000e+07 1.56983390e+00
1.420000e+07 1.57265379e+00
1.420400e+07 1.57271556e+00
1.420440e+07 1.57080275e+00
1.420500e+07 1.57271606e+00
1.425000e+07 1.57344633e+00
1.430000e+07 1.57421837e+00
1.440000e+07 1.57578343e+00
1.450000e+07 1.57734848e+00
1.460000e+07 1.57916292e+00
1.460600e+07 1.57927410e+00
1.474000e+07 1.58174397e+00
1.474100e+07 1.58174319e+00
1.475000e+07 1.58187292e+00
1.480000e+07 1.58262776e+00
1.500000e+07 1.58509828e+00
1.500850e+07 1.58426169e+00
1.502400e+07 1.58441039e+00
1.525000e+07 1.58652645e+00
1.527600e+07 1.58673980e+00
1.527700e+07 1.58673963e+00
1.530000e+07 1.58673561e+00
1.540000e+07 1.58711668e+00
1.550000e+07 1.58729848e+00
1.560000e+07 1.58922083e+00
1.565000e+07 1.58939831e+00
1.570100e+07 1.58957884e+00
1.575000e+07 1.58976906e+00
1.577100e+07 1.58985594e+00
1.581200e+07 1.59002054e+00
1.581300e+07 1.59002043e+00
1.590000e+07 1.58911357e+00
1.600000e+07 1.58710920e+00
1.608000e+07 1.58481720e+00
1.608050e+07 1.58472789e+00
1.620000e+07 1.58028319e+00
1.625000e+07 1.57735817e+00
1.634800e+07 1.57157518e+00
1.634900e+07 1.57147578e+00
1.640000e+07 1.57039166e+00
1.650000e+07 1.57240768e+00
1.660000e+07 1.57539385e+00
1.675000e+07 1.57802071e+00
1.688400e+07 1.58036348e+00
1.688500e+07 1.58026378e+00
1.690000e+07 1.57956546e+00
1.700000e+07 1.57537492e+00
1.715200e+07 1.57028463e+00
1.715250e+07 1.57022482e+00
1.720000e+07 1.56878730e+00
1.725000e+07 1.56763474e+00
1.742100e+07 1.56371540e+00
1.742200e+07 1.56361583e+00
1.750000e+07 1.56242588e+00
1.770000e+07 1.56230232e+00
1.775000e+07 1.56220494e+00
1.795700e+07 1.56169932e+00
1.795800e+07 1.56169920e+00
1.800000e+07 1.56149504e+00
1.820000e+07 1.56085937e+00
1.822400e+07 1.56074523e+00
1.822460e+07 1.56070526e+00
1.825000e+07 1.56049773e+00
1.849300e+07 1.55867503e+00
1.849400e+07 1.55867551e+00
1.850000e+07 1.55857876e+00
1.860000e+07 1.55638822e+00
1.875000e+07 1.55384969e+00
1.880000e+07 1.55302535e+00
1.900000e+07 1.55072436e+00
1.902900e+07 1.55062726e+00
1.903000e+07 1.55062734e+00
1.910000e+07 1.55033455e+00
1.925000e+07 1.55005178e+00
1.929700e+07 1.54995565e+00
1.930000e+07 1.54994547e+00
1.950000e+07 1.54973164e+00
1.956500e+07 1.55054103e+00
1.956600e+07 1.55054122e+00
1.960000e+07 1.55084656e+00
1.975000e+07 1.55154750e+00
1.980000e+07 1.55177022e+00
