73-Ta_n-tot
> 73-Ta-181:1.000000
1.000000e-05 3.92146000e+04
1.031250e-05 3.86180000e+04
1.062500e-05 3.80480000e+04
1.093750e-05 3.75026000e+04
1.125000e-05 3.69801000e+04
1.156250e-05 3.64790000e+04
1.187500e-05 3.59978000e+04
1.218750e-05 3.55353000e+04
1.250000e-05 3.50902000e+04
1.281250e-05 3.46616000e+04
1.312500e-05 3.42483000e+04
1.343750e-05 3.38496000e+04
1.375000e-05 3.34646000e+04
1.437500e-05 3.27326000e+04
1.500000e-05 3.20470000e+04
1.562500e-05 3.14029000e+04
1.625000e-05 3.07965000e+04
1.687500e-05 3.02241000e+04
1.750000e-05 2.96827000e+04
1.812500e-05 2.91696000e+04
1.875000e-05 2.86824000e+04
1.937500e-05 2.82190000e+04
2.000000e-05 2.77776000e+04
2.093750e-05 2.71530000e+04
2.187500e-05 2.65690000e+04
2.281250e-05 2.60215000e+04
2.375000e-05 2.55068000e+04
2.468750e-05 2.50217000e+04
2.562500e-05 2.45636000e+04
2.656250e-05 2.41300000e+04
2.750000e-05 2.37189000e+04
2.843750e-05 2.33282000e+04
2.937500e-05 2.29565000e+04
3.031250e-05 2.26022000e+04
3.125000e-05 2.22640000e+04
3.218750e-05 2.19407000e+04
3.312500e-05 2.16313000e+04
3.406250e-05 2.13348000e+04
3.500000e-05 2.10503000e+04
3.593750e-05 2.07770000e+04
3.687500e-05 2.05142000e+04
3.781250e-05 2.02613000e+04
3.875000e-05 2.00177000e+04
3.968750e-05 1.97827000e+04
4.062500e-05 1.95560000e+04
4.250000e-05 1.91253000e+04
4.437500e-05 1.87222000e+04
4.625000e-05 1.83440000e+04
4.812500e-05 1.79882000e+04
5.000000e-05 1.76526000e+04
5.156250e-05 1.73870000e+04
5.312500e-05 1.71333000e+04
5.468750e-05 1.68906000e+04
5.625000e-05 1.66580000e+04
5.781250e-05 1.64350000e+04
5.937500e-05 1.62209000e+04
6.093750e-05 1.60150000e+04
6.250000e-05 1.58169000e+04
6.406250e-05 1.56262000e+04
6.562500e-05 1.54422000e+04
6.875000e-05 1.50934000e+04
7.187500e-05 1.47676000e+04
7.500000e-05 1.44624000e+04
7.812500e-05 1.41756000e+04
8.125000e-05 1.39056000e+04
8.437500e-05 1.36506000e+04
8.750000e-05 1.34094000e+04
9.062500e-05 1.31808000e+04
9.375000e-05 1.29636000e+04
9.687500e-05 1.27570000e+04
1.000000e-04 1.25601000e+04
1.031250e-04 1.23722000e+04
1.062500e-04 1.21925000e+04
1.093750e-04 1.20206000e+04
1.125000e-04 1.18558000e+04
1.156250e-04 1.16977000e+04
1.187500e-04 1.15458000e+04
1.218750e-04 1.13997000e+04
1.250000e-04 1.12590000e+04
1.281250e-04 1.11234000e+04
1.312500e-04 1.09927000e+04
1.375000e-04 1.07445000e+04
1.437500e-04 1.05123000e+04
1.500000e-04 1.02945000e+04
1.562500e-04 1.00896000e+04
1.625000e-04 9.89628000e+03
1.687500e-04 9.71352000e+03
1.750000e-04 9.54032000e+03
1.812500e-04 9.37585000e+03
1.875000e-04 9.21935000e+03
1.937500e-04 9.07018000e+03
2.000000e-04 8.92775000e+03
2.093750e-04 8.72562000e+03
2.187500e-04 8.53595000e+03
2.281250e-04 8.35744000e+03
2.375000e-04 8.18896000e+03
2.468750e-04 8.02954000e+03
2.562500e-04 7.87835000e+03
2.656250e-04 7.73463000e+03
2.750000e-04 7.59776000e+03
2.843750e-04 7.46715000e+03
2.937500e-04 7.34231000e+03
3.031250e-04 7.22279000e+03
3.125000e-04 7.10819000e+03
3.218750e-04 6.99815000e+03
3.312500e-04 6.89235000e+03
3.406250e-04 6.79051000e+03
3.500000e-04 6.69237000e+03
3.593750e-04 6.59769000e+03
3.687500e-04 6.50626000e+03
3.781250e-04 6.41788000e+03
3.875000e-04 6.33238000e+03
3.968750e-04 6.24960000e+03
4.062500e-04 6.16939000e+03
4.250000e-04 6.01614000e+03
4.437500e-04 5.87167000e+03
4.625000e-04 5.73518000e+03
4.812500e-04 5.60595000e+03
5.000000e-04 5.48338000e+03
5.156250e-04 5.38595000e+03
5.312500e-04 5.29251000e+03
5.468750e-04 5.20281000e+03
5.625000e-04 5.11665000e+03
5.781250e-04 5.03382000e+03
5.937500e-04 4.95415000e+03
6.093750e-04 4.87746000e+03
6.250000e-04 4.80362000e+03
6.406250e-04 4.73247000e+03
6.562500e-04 4.66391000e+03
6.718750e-04 4.59780000e+03
6.875000e-04 4.53404000e+03
7.031250e-04 4.47253000e+03
7.187500e-04 4.41317000e+03
7.343750e-04 4.35588000e+03
7.500000e-04 4.30057000e+03
7.656250e-04 4.24715000e+03
7.812500e-04 4.19557000e+03
7.968750e-04 4.14575000e+03
8.125000e-04 4.09761000e+03
8.437500e-04 4.00617000e+03
8.750000e-04 3.92078000e+03
9.062500e-04 3.84101000e+03
9.375000e-04 3.76647000e+03
9.687500e-04 3.69680000e+03
1.000000e-03 3.63166000e+03
1.031250e-03 3.57074000e+03
1.062500e-03 3.51376000e+03
1.093750e-03 3.46044000e+03
1.125000e-03 3.41054000e+03
1.156250e-03 3.36382000e+03
1.187500e-03 3.32006000e+03
1.218750e-03 3.27904000e+03
1.250000e-03 3.24059000e+03
1.281250e-03 3.20451000e+03
1.312500e-03 3.17064000e+03
1.343750e-03 3.13883000e+03
1.375000e-03 3.10891000e+03
1.406250e-03 3.08075000e+03
1.437500e-03 3.05423000e+03
1.468750e-03 3.02922000e+03
1.500000e-03 3.00561000e+03
1.531250e-03 2.98329000e+03
1.562500e-03 2.96217000e+03
1.625000e-03 2.92314000e+03
1.687500e-03 2.88788000e+03
1.750000e-03 2.85582000e+03
1.812500e-03 2.82647000e+03
1.875000e-03 2.79940000e+03
1.937500e-03 2.77428000e+03
2.000000e-03 2.75078000e+03
2.093750e-03 2.71805000e+03
2.187500e-03 2.68773000e+03
2.281250e-03 2.65925000e+03
2.375000e-03 2.63221000e+03
2.562500e-03 2.58120000e+03
2.750000e-03 2.53294000e+03
2.937500e-03 2.48639000e+03
3.125000e-03 2.44097000e+03
3.500000e-03 2.35224000e+03
3.875000e-03 2.26528000e+03
4.250000e-03 2.17949000e+03
5.000000e-03 2.01028000e+03
5.625000e-03 1.87112000e+03
6.250000e-03 1.73380000e+03
6.562500e-03 1.66616000e+03
6.875000e-03 1.59957000e+03
7.187500e-03 1.53441000e+03
7.500000e-03 1.47116000e+03
7.656250e-03 1.44041000e+03
7.812500e-03 1.41036000e+03
7.968750e-03 1.38107000e+03
8.125000e-03 1.35261000e+03
8.281250e-03 1.32505000e+03
8.437500e-03 1.29847000e+03
8.593750e-03 1.27292000e+03
8.750000e-03 1.24846000e+03
8.906250e-03 1.22514000e+03
9.062500e-03 1.20299000e+03
9.218750e-03 1.18204000e+03
9.375000e-03 1.16232000e+03
9.531250e-03 1.14382000e+03
9.687500e-03 1.12654000e+03
9.843750e-03 1.11048000e+03
1.000000e-02 1.09561000e+03
1.015630e-02 1.08189000e+03
1.031250e-02 1.06929000e+03
1.046880e-02 1.05776000e+03
1.062500e-02 1.04724000e+03
1.078130e-02 1.03769000e+03
1.093750e-02 1.02903000e+03
1.109380e-02 1.02121000e+03
1.125000e-02 1.01417000e+03
1.140630e-02 1.00783000e+03
1.156250e-02 1.00214000e+03
1.171880e-02 9.97041000e+02
1.187500e-02 9.92467000e+02
1.203130e-02 9.88365000e+02
1.218750e-02 9.84684000e+02
1.250000e-02 9.78389000e+02
1.281250e-02 9.73238000e+02
1.312500e-02 9.68946000e+02
1.343750e-02 9.65285000e+02
1.375000e-02 9.62080000e+02
1.437500e-02 9.56536000e+02
1.500000e-02 9.51624000e+02
1.750000e-02 9.33625000e+02
2.000000e-02 9.16070000e+02
2.530000e-02 8.79214000e+02
4.228130e-02 7.62474000e+02
5.000000e-02 7.09681000e+02
6.250000e-02 6.24333000e+02
7.500000e-02 5.39085000e+02
8.750000e-02 4.54002000e+02
8.906250e-02 4.43506000e+02
9.062500e-02 4.33169000e+02
9.218750e-02 4.23107000e+02
9.375000e-02 4.13481000e+02
9.453130e-02 4.08889000e+02
9.531250e-02 4.04477000e+02
9.609380e-02 4.00271000e+02
9.687500e-02 3.96291000e+02
9.765630e-02 3.92557000e+02
9.843750e-02 3.89084000e+02
9.921880e-02 3.85882000e+02
1.000000e-01 3.82956000e+02
1.007810e-01 3.80303000e+02
1.015630e-01 3.77917000e+02
1.023440e-01 3.75786000e+02
1.031250e-01 3.73893000e+02
1.039060e-01 3.72219000e+02
1.046880e-01 3.70741000e+02
1.054690e-01 3.69435000e+02
1.062500e-01 3.68279000e+02
1.078130e-01 3.66325000e+02
1.093750e-01 3.64717000e+02
1.109380e-01 3.63328000e+02
1.125000e-01 3.62067000e+02
1.187500e-01 3.57456000e+02
1.250000e-01 3.52958000e+02
1.500000e-01 3.34988000e+02
1.750000e-01 3.17031000e+02
2.000000e-01 2.99081000e+02
2.100000e-01 2.91904000e+02
2.200000e-01 2.84763000e+02
2.250000e-01 2.81345000e+02
2.275000e-01 2.79779000e+02
2.300000e-01 2.78392000e+02
2.312500e-01 2.77794000e+02
2.325000e-01 2.77273000e+02
2.337500e-01 2.76842000e+02
2.350000e-01 2.76513000e+02
2.362500e-01 2.76294000e+02
2.375000e-01 2.76194000e+02
2.387500e-01 2.76217000e+02
2.400000e-01 2.76368000e+02
2.410160e-01 2.76584000e+02
2.420310e-01 2.76883000e+02
2.430470e-01 2.77262000e+02
2.440630e-01 2.77718000e+02
2.460940e-01 2.78841000e+02
2.481250e-01 2.80210000e+02
2.501560e-01 2.81776000e+02
2.521880e-01 2.83493000e+02
2.562500e-01 2.87215000e+02
2.643750e-01 2.95130000e+02
2.725000e-01 3.03167000e+02
3.050000e-01 3.35343000e+02
3.700000e-01 3.99696000e+02
4.350000e-01 4.64049000e+02
5.000000e-01 5.28402000e+02
6.250000e-01 6.52160000e+02
7.500000e-01 7.75917000e+02
8.750000e-01 8.99675000e+02
1.000000e+00 1.02409000e+03
1.050000e+00 1.07769000e+03
1.100000e+00 1.13192000e+03
1.150000e+00 1.18612000e+03
1.175000e+00 1.21232000e+03
1.187500e+00 1.22343000e+03
1.200000e+00 1.23141000e+03
1.212500e+00 1.23560000e+03
1.225000e+00 1.23677000e+03
1.250000e+00 1.23537000e+03
1.300000e+00 1.23085000e+03
1.350000e+00 1.22631000e+03
1.400000e+00 1.22176000e+03
1.500000e+00 1.21268000e+03
1.600000e+00 1.20359000e+03
1.700000e+00 1.19450000e+03
1.800000e+00 1.18542000e+03
1.900000e+00 1.17633000e+03
2.000000e+00 1.16724000e+03
2.375000e+00 1.13317000e+03
2.750000e+00 1.09911000e+03
3.500000e+00 1.03098000e+03
4.250000e+00 9.62847000e+02
5.000000e+00 8.94719000e+02
6.250000e+00 7.81175000e+02
7.500000e+00 6.67633000e+02
8.750000e+00 5.54091000e+02
9.375000e+00 4.97321000e+02
9.687500e+00 4.68936000e+02
9.843750e+00 4.54745000e+02
9.921880e+00 4.47802000e+02
9.960940e+00 4.44750000e+02
1.000000e+01 4.42448000e+02
1.003910e+01 4.41095000e+02
1.007810e+01 4.40484000e+02
1.015630e+01 4.40081000e+02
1.031250e+01 4.39576000e+02
1.062500e+01 4.38569000e+02
1.125000e+01 4.36557000e+02
1.250000e+01 4.32531000e+02
1.500000e+01 4.24480000e+02
1.750000e+01 4.16430000e+02
2.000000e+01 4.08379000e+02
2.750000e+01 3.84228000e+02
3.500000e+01 3.60077000e+02
4.250000e+01 3.35926000e+02
5.000000e+01 3.11775000e+02
6.250000e+01 2.71523000e+02
7.500000e+01 2.31272000e+02
8.750000e+01 1.91020000e+02
1.000000e+02 1.50981000e+02
1.003910e+02 1.50732000e+02
1.007810e+02 1.50690000e+02
1.015630e+02 1.50610000e+02
1.031250e+02 1.50451000e+02
1.062500e+02 1.50131000e+02
1.125000e+02 1.49492000e+02
1.250000e+02 1.48214000e+02
1.500000e+02 1.45658000e+02
1.750000e+02 1.43101000e+02
2.000000e+02 1.40545000e+02
2.750000e+02 1.32877000e+02
3.500000e+02 1.25208000e+02
4.250000e+02 1.17540000e+02
5.000000e+02 1.09871000e+02
6.250000e+02 9.70899000e+01
7.500000e+02 8.43089000e+01
8.750000e+02 7.15279000e+01
1.000000e+03 5.87662000e+01
1.250000e+03 5.55798000e+01
1.500000e+03 5.24125000e+01
1.750000e+03 4.92453000e+01
2.000000e+03 4.60807000e+01
2.750000e+03 4.31905000e+01
3.500000e+03 4.03030000e+01
4.250000e+03 3.74155000e+01
5.000000e+03 3.45293000e+01
6.250000e+03 3.29820000e+01
7.500000e+03 3.14360000e+01
8.750000e+03 2.98900000e+01
1.000000e+04 2.83445000e+01
1.250000e+04 2.71310000e+01
1.500000e+04 2.59180000e+01
1.750000e+04 2.47050000e+01
2.000000e+04 2.34923000e+01
2.683800e+04 2.22780000e+01
3.367600e+04 2.10641000e+01
3.989240e+04 1.99604000e+01
4.241930e+04 1.95118000e+01
4.494620e+04 1.90632000e+01
4.747310e+04 1.86146000e+01
5.000000e+04 1.81660000e+01
5.344150e+04 1.79140000e+01
5.688310e+04 1.76619000e+01
6.032460e+04 1.74098000e+01
6.376610e+04 1.71578000e+01
6.720760e+04 1.69057000e+01
7.064920e+04 1.66537000e+01
7.409070e+04 1.64016000e+01
7.753220e+04 1.61495000e+01
8.314920e+04 1.57382000e+01
8.876610e+04 1.53268000e+01
9.438310e+04 1.49154000e+01
1.000000e+05 1.45040000e+01
1.042280e+05 1.43607000e+01
1.084550e+05 1.42173000e+01
1.114910e+05 1.41143000e+01
1.114920e+05 1.41143000e+01
1.164390e+05 1.39466000e+01
1.213870e+05 1.37788000e+01
1.263340e+05 1.36110000e+01
1.312820e+05 1.34432000e+01
1.364020e+05 1.32696000e+01
1.415220e+05 1.30960000e+01
1.517610e+05 1.27488000e+01
1.620010e+05 1.24016000e+01
1.722400e+05 1.20543500e+01
1.786460e+05 1.18371000e+01
1.860670e+05 1.15855000e+01
1.930340e+05 1.13492000e+01
2.000000e+05 1.11130000e+01
2.089490e+05 1.09847000e+01
2.178970e+05 1.08564000e+01
2.268460e+05 1.07281000e+01
2.357940e+05 1.05998000e+01
2.476200e+05 1.04302000e+01
2.594460e+05 1.02607000e+01
2.705230e+05 1.01018000e+01
2.816000e+05 9.94302000e+00
2.971570e+05 9.71997000e+00
3.127130e+05 9.49692000e+00
3.201340e+05 9.39052000e+00
3.201350e+05 9.39051000e+00
3.222560e+05 9.36009000e+00
3.404680e+05 9.09898000e+00
3.586790e+05 8.83785500e+00
3.730590e+05 8.63168000e+00
3.730600e+05 8.63167000e+00
3.758150e+05 8.59216000e+00
4.000000e+05 8.24540000e+00
4.187340e+05 8.12707000e+00
4.223540e+05 8.10420000e+00
4.259840e+05 8.08127000e+00
4.259850e+05 8.08127000e+00
4.477360e+05 7.94388000e+00
4.694880e+05 7.80648000e+00
4.912400e+05 7.66908000e+00
5.129920e+05 7.53169000e+00
5.347440e+05 7.39429000e+00
5.564960e+05 7.25689000e+00
5.782480e+05 7.11950000e+00
6.000000e+05 6.98210000e+00
6.250000e+05 6.91048000e+00
6.500000e+05 6.83885000e+00
6.750000e+05 6.76723000e+00
7.000000e+05 6.69560000e+00
7.500000e+05 6.55235000e+00
8.000000e+05 6.40910000e+00
8.500000e+05 6.35795000e+00
9.000000e+05 6.30680000e+00
9.500000e+05 6.25565000e+00
1.000000e+06 6.20450000e+00
1.200000e+06 6.19540000e+00
1.400000e+06 6.28200000e+00
1.600000e+06 6.40650000e+00
1.800000e+06 6.53550000e+00
2.000000e+06 6.65030000e+00
2.200000e+06 6.74060000e+00
2.400000e+06 6.80190000e+00
2.600000e+06 6.83310000e+00
2.800000e+06 6.83570000e+00
3.000000e+06 6.81280000e+00
3.200000e+06 6.76850000e+00
3.389310e+06 6.71095000e+00
3.389320e+06 6.71095000e+00
3.400000e+06 6.70770000e+00
3.548440e+06 6.65382000e+00
3.600000e+06 6.63510000e+00
3.800000e+06 6.55510000e+00
4.000000e+06 6.47120000e+00
4.200000e+06 6.38560000e+00
4.400000e+06 6.29940000e+00
4.600000e+06 6.21260000e+00
4.800000e+06 6.12480000e+00
5.000000e+06 6.03530000e+00
5.200000e+06 5.94410000e+00
5.400000e+06 5.85130000e+00
5.600000e+06 5.75770000e+00
5.785480e+06 5.67071000e+00
5.800000e+06 5.66390000e+00
6.000000e+06 5.57100000e+00
6.200000e+06 5.47980000e+00
6.400000e+06 5.39110000e+00
6.600000e+06 5.30580000e+00
6.678420e+06 5.27388000e+00
6.678430e+06 5.27388000e+00
6.800000e+06 5.22440000e+00
7.000000e+06 5.14770000e+00
7.200000e+06 5.07620000e+00
7.400000e+06 5.01040000e+00
7.600000e+06 4.95090000e+00
7.800000e+06 4.89780000e+00
8.000000e+06 4.85160000e+00
8.200000e+06 4.81210000e+00
8.400000e+06 4.77930000e+00
8.600000e+06 4.75310000e+00
8.800000e+06 4.73320000e+00
9.000000e+06 4.71920000e+00
9.200000e+06 4.71070000e+00
9.400000e+06 4.70710000e+00
9.600000e+06 4.70800000e+00
9.800000e+06 4.71270000e+00
1.000000e+07 4.72090000e+00
1.020000e+07 4.73190000e+00
1.040000e+07 4.74530000e+00
1.060000e+07 4.76070000e+00
1.080000e+07 4.77770000e+00
1.100000e+07 4.79610000e+00
1.120000e+07 4.81550000e+00
1.140000e+07 4.83580000e+00
1.160000e+07 4.85660000e+00
1.180000e+07 4.87800000e+00
1.200000e+07 4.89970000e+00
1.220000e+07 4.92160000e+00
1.240000e+07 4.94380000e+00
1.260000e+07 4.96600000e+00
1.280000e+07 4.98830000e+00
1.300000e+07 5.01060000e+00
1.320000e+07 5.03280000e+00
1.340000e+07 5.05500000e+00
1.360000e+07 5.07710000e+00
1.380000e+07 5.09910000e+00
1.400000e+07 5.12090000e+00
1.420000e+07 5.14250000e+00
1.440000e+07 5.16380000e+00
1.460000e+07 5.18490000e+00
1.465330e+07 5.19041500e+00
1.480000e+07 5.20560000e+00
1.500000e+07 5.22590000e+00
1.520000e+07 5.24580000e+00
1.540000e+07 5.26510000e+00
1.560000e+07 5.28390000e+00
1.580000e+07 5.30210000e+00
1.600000e+07 5.31960000e+00
1.620000e+07 5.33640000e+00
1.640000e+07 5.35230000e+00
1.660000e+07 5.36730000e+00
1.680000e+07 5.38150000e+00
1.700000e+07 5.39460000e+00
1.720000e+07 5.40670000e+00
1.740000e+07 5.41780000e+00
1.760000e+07 5.42770000e+00
1.780000e+07 5.43640000e+00
1.800000e+07 5.44390000e+00
1.820000e+07 5.45020000e+00
1.840000e+07 5.45530000e+00
1.860000e+07 5.45900000e+00
1.880000e+07 5.46140000e+00
1.900000e+07 5.46250000e+00
1.920000e+07 5.46230000e+00
1.940000e+07 5.46080000e+00
1.960000e+07 5.45800000e+00
1.980000e+07 5.45390000e+00
